50
2
0 0 15 12
0 1 2 4
0 4 15 7
0 7 3 17
0 10 3 3
0 14 8 9
0 15 0 12
0 17 8 11
0 18 6 16
0 20 12 16
0 23 19 15
0 26 3 11
0 28 1 8
0 29 4 1
0 30 8 7
0 32 4 17
0 33 18 16
0 34 15 5
0 35 7 13
0 38 12 11
0 41 9 5
0 42 12 19
0 44 8 4
0 45 9 16
0 46 11 3
0 47 2 1
0 48 1 7
1 0 19 14
1 1 19 13
1 3 16 14
1 4 13 7
1 5 11 6
1 6 14 18
1 8 17 12
1 9 18 16
1 10 0 3
1 12 18 7
1 14 3 7
1 15 8 18
1 16 19 12
1 17 12 17
1 19 16 6
1 22 3 10
1 25 12 8
1 30 4 0
1 32 17 11
1 36 5 5
1 37 14 15
1 38 2 5
1 41 3 17
1 43 10 4
1 44 12 10
1 47 14 2
1 48 13 18
1 49 12 8
2 2 6 9
2 3 7 6
2 6 1 3
2 7 8 1
2 9 7 12
2 13 0 11
2 14 13 20
2 15 16 15
2 16 17 10
2 17 10 11
2 20 3 6
2 21 5 6
2 22 5 3
2 23 10 15
2 25 10 8
2 26 13 9
2 28 0 2
2 29 5 12
2 33 15 3
2 34 19 6
2 35 11 18
2 36 3 19
2 38 1 9
2 39 7 9
2 40 14 17
2 41 1 16
2 42 16 12
2 43 9 9
2 44 4 6
2 46 11 16
2 47 17 6
2 48 17 4
2 49 9 3
3 0 20 17
3 1 0 7
3 3 4 0
3 6 6 3
3 8 1 12
3 9 15 17
3 10 18 18
3 11 7 0
3 15 4 6
3 23 2 7
3 26 6 10
3 29 14 9
3 33 4 20
3 35 17 9
3 39 0 2
3 42 20 6
3 45 16 3
3 47 2 0
3 49 13 19
4 7 6 11
4 8 20 18
4 13 0 4
4 14 9 6
4 15 6 4
4 18 15 16
4 21 16 17
4 25 18 0
4 28 12 6
4 29 11 1
4 30 7 3
4 31 3 15
4 32 20 8
4 35 12 6
4 37 20 10
4 43 5 11
4 45 7 17
4 46 13 11
4 47 17 3
4 48 13 7
5 3 20 4
5 6 8 15
5 7 8 2
5 8 2 9
5 10 14 11
5 11 6 18
5 12 10 15
5 14 15 4
5 15 15 12
5 17 3 18
5 21 13 1
5 23 5 0
5 25 17 5
5 27 13 0
5 28 14 11
5 32 16 13
5 35 7 15
5 36 13 17
5 38 18 17
5 43 6 14
5 45 9 15
5 47 11 10
5 48 6 14
5 49 17 3
6 0 3 13
6 1 14 11
6 2 5 3
6 3 11 18
6 5 3 17
6 6 8 9
6 7 4 17
6 8 8 19
6 11 13 2
6 13 2 14
6 15 19 12
6 16 14 3
6 17 20 20
6 20 7 6
6 21 14 18
6 23 6 11
6 24 20 11
6 30 15 17
6 31 0 17
6 33 12 6
6 35 18 6
6 37 16 11
6 38 2 3
6 42 5 16
6 44 19 6
6 45 12 3
6 46 5 19
6 48 5 2
7 0 3 16
7 1 9 0
7 3 2 9
7 4 5 19
7 5 7 14
7 7 9 13
7 11 17 16
7 13 9 7
7 14 13 18
7 16 12 13
7 19 6 0
7 20 2 0
7 21 20 17
7 26 20 8
7 27 16 13
7 29 10 13
7 30 2 7
7 31 18 13
7 32 3 2
7 35 17 9
7 37 2 4
7 39 14 16
7 40 19 2
7 41 13 7
7 45 19 11
7 46 10 18
7 47 19 13
8 1 7 12
8 3 0 1
8 5 11 13
8 6 12 4
8 8 12 0
8 9 19 13
8 12 13 2
8 16 13 17
8 19 20 11
8 20 15 2
8 23 2 9
8 24 11 5
8 28 20 2
8 29 7 14
8 30 10 15
8 31 13 17
8 33 17 12
8 34 18 13
8 35 4 2
8 37 7 15
8 38 17 19
8 40 5 15
8 41 3 16
8 44 13 0
8 49 0 16
9 1 4 13
9 3 11 1
9 4 20 4
9 5 19 7
9 6 1 12
9 11 8 16
9 13 20 14
9 14 20 1
9 17 20 19
9 18 10 14
9 21 15 17
9 22 15 12
9 23 14 5
9 24 4 14
9 25 5 9
9 26 3 17
9 27 3 14
9 28 16 14
9 32 10 8
9 33 16 1
9 35 13 6
9 36 0 7
9 37 1 7
9 41 8 8
9 46 11 16
10 1 17 0
10 2 14 19
10 3 17 16
10 4 12 12
10 5 11 20
10 9 7 10
10 12 2 1
10 13 0 13
10 17 0 15
10 20 3 6
10 21 18 7
10 23 6 20
10 24 10 16
10 27 19 12
10 29 2 15
10 30 10 13
10 32 9 15
10 34 13 18
10 35 5 4
10 36 16 1
10 37 16 5
10 39 7 5
10 40 18 11
10 42 17 17
10 43 18 4
10 44 20 18
10 47 13 0
10 49 8 8
11 0 4 7
11 1 20 11
11 5 11 5
11 6 4 10
11 7 16 15
11 15 0 3
11 17 4 0
11 18 15 0
11 20 9 13
11 21 15 9
11 22 18 19
11 23 4 20
11 24 8 17
11 26 19 20
11 28 9 1
11 33 14 12
11 35 10 0
11 38 6 2
11 40 19 17
11 42 18 6
11 43 6 7
11 45 12 12
11 47 3 2
11 48 0 9
11 49 20 16
12 1 20 19
12 3 6 15
12 4 16 13
12 5 0 12
12 6 1 14
12 8 0 1
12 9 0 10
12 10 13 20
12 11 0 17
12 14 20 7
12 15 11 9
12 16 19 11
12 17 0 7
12 18 16 10
12 19 16 0
12 24 2 16
12 25 18 12
12 26 11 4
12 28 9 1
12 29 7 8
12 30 5 13
12 31 11 16
12 32 8 13
12 36 7 10
12 38 4 1
12 40 15 0
12 46 3 7
12 49 20 7
13 2 20 2
13 7 2 0
13 11 17 13
13 14 18 16
13 17 14 15
13 21 3 20
13 25 16 2
13 28 11 18
13 29 11 19
13 30 8 0
13 31 20 11
13 32 8 1
13 33 14 11
13 34 17 0
13 35 13 6
13 36 20 4
13 39 11 18
13 41 7 15
13 43 10 10
13 44 18 10
13 48 13 8
13 49 14 10
14 0 8 6
14 6 4 3
14 8 18 20
14 9 9 13
14 13 0 19
14 16 3 15
14 17 19 15
14 18 4 8
14 19 1 15
14 23 17 18
14 26 1 11
14 27 1 3
14 28 12 12
14 29 14 0
14 30 2 2
14 32 14 2
14 33 4 5
14 34 18 17
14 42 0 4
14 47 1 16
14 49 9 5
15 0 4 3
15 1 13 15
15 3 5 16
15 4 0 1
15 5 0 10
15 7 6 18
15 8 7 4
15 10 1 20
15 11 11 8
15 16 15 12
15 18 13 3
15 21 7 5
15 22 16 4
15 23 9 11
15 25 3 16
15 26 8 3
15 31 13 17
15 32 8 20
15 34 4 6
15 35 11 0
15 36 11 7
15 45 5 5
15 46 5 16
15 47 7 3
16 0 11 7
16 2 8 0
16 3 20 3
16 5 14 6
16 7 11 15
16 8 16 11
16 12 9 2
16 13 7 15
16 15 3 5
16 16 3 10
16 18 0 6
16 21 7 1
16 23 13 9
16 24 1 5
16 25 7 7
16 27 18 6
16 28 15 4
16 30 19 17
16 35 11 13
16 38 3 0
16 39 16 13
16 41 3 2
16 43 8 14
16 44 4 10
17 0 2 16
17 3 15 0
17 4 20 8
17 6 4 17
17 8 15 15
17 9 6 5
17 10 16 9
17 16 9 16
17 17 10 19
17 19 4 4
17 22 13 13
17 24 16 1
17 27 9 8
17 28 7 19
17 32 5 16
17 33 18 16
17 35 11 18
17 36 14 19
17 38 15 18
17 42 10 12
17 44 3 9
17 47 10 5
17 48 2 20
18 0 8 1
18 2 10 12
18 3 8 13
18 6 19 12
18 9 3 15
18 10 5 12
18 12 11 3
18 14 6 8
18 15 5 11
18 17 5 6
18 20 12 10
18 21 0 10
18 22 8 11
18 27 19 6
18 29 18 20
18 30 1 1
18 33 14 6
18 35 14 11
18 36 18 18
18 37 18 2
18 38 16 13
18 39 15 12
18 41 20 11
18 42 10 12
18 46 5 11
18 47 18 5
18 48 5 11
18 49 10 7
19 2 16 2
19 3 19 12
19 4 19 12
19 6 5 20
19 9 20 8
19 10 7 5
19 11 17 11
19 14 1 10
19 15 6 8
19 16 13 2
19 17 6 17
19 20 7 7
19 21 0 3
19 24 0 3
19 25 2 2
19 26 11 13
19 28 19 17
19 29 7 11
19 32 6 14
19 35 12 0
19 39 11 15
19 42 15 13
19 46 2 14
19 49 5 12
20 1 14 12
20 2 3 18
20 5 18 5
20 6 13 16
20 7 9 17
20 12 14 20
20 13 2 20
20 14 11 19
20 17 14 11
20 20 19 4
20 23 7 0
20 24 17 15
20 29 6 1
20 31 7 1
20 32 2 15
20 34 20 19
20 37 19 8
20 45 3 3
20 47 20 18
20 48 12 0
21 3 13 18
21 4 1 18
21 6 14 9
21 8 7 4
21 9 20 5
21 10 11 9
21 12 5 6
21 13 0 20
21 20 14 16
21 22 9 10
21 23 3 5
21 24 14 12
21 28 6 11
21 30 20 3
21 31 18 7
21 34 13 9
21 38 20 15
21 39 6 1
21 43 5 10
21 44 8 3
21 47 9 0
21 48 5 14
21 49 19 19
22 0 15 16
22 1 18 6
22 2 9 2
22 3 11 5
22 8 20 5
22 9 18 19
22 10 19 20
22 11 11 7
22 14 7 18
22 16 11 5
22 21 9 11
22 23 12 5
22 24 2 19
22 25 0 9
22 26 18 5
22 34 18 7
22 36 19 2
22 37 17 17
22 39 18 18
22 40 6 4
22 41 17 10
22 42 1 7
22 43 11 12
22 45 0 14
22 47 16 11
23 0 9 9
23 3 9 6
23 4 18 10
23 6 8 5
23 7 19 5
23 8 11 2
23 9 12 7
23 12 16 17
23 13 8 12
23 14 10 0
23 17 3 5
23 19 15 0
23 23 18 20
23 25 20 11
23 26 15 8
23 27 1 9
23 28 4 15
23 32 15 6
23 33 4 5
23 35 12 15
23 38 1 17
23 40 18 12
23 41 9 14
23 44 13 9
23 46 12 2
24 0 18 2
24 3 17 8
24 7 14 13
24 8 19 5
24 11 15 9
24 12 1 0
24 15 13 20
24 16 0 1
24 21 15 6
24 23 14 16
24 24 19 20
24 28 9 18
24 30 15 19
24 35 18 2
24 36 15 4
24 39 13 20
24 41 18 1
24 42 13 0
24 43 0 1
24 45 10 7
24 46 16 18
24 48 14 18
25 2 0 7
25 5 2 4
25 6 14 5
25 7 9 9
25 9 14 10
25 10 7 17
25 11 12 12
25 15 8 19
25 17 3 10
25 19 4 13
25 20 12 7
25 28 4 9
25 29 18 20
25 30 11 20
25 31 1 5
25 32 1 2
25 35 16 10
25 36 16 20
25 38 20 16
25 40 13 7
25 42 18 9
25 43 8 17
25 44 11 13
25 45 9 0
25 48 5 4
25 49 9 9
26 3 5 14
26 4 10 5
26 5 14 16
26 7 1 17
26 9 4 9
26 15 15 20
26 16 6 10
26 18 2 13
26 19 3 5
26 20 3 10
26 22 11 16
26 23 4 16
26 26 8 8
26 29 14 14
26 30 0 2
26 34 11 17
26 35 19 6
26 36 14 5
26 41 8 8
26 42 10 3
26 43 3 5
26 46 9 0
26 47 7 19
26 48 5 15
26 49 2 7
27 3 3 7
27 5 12 18
27 8 7 9
27 9 15 16
27 11 20 16
27 12 19 8
27 13 6 0
27 14 15 12
27 17 19 2
27 19 18 13
27 23 13 16
27 25 11 16
27 28 4 2
27 30 7 14
27 31 14 14
27 34 13 5
27 36 1 6
27 37 16 5
27 38 18 5
27 44 19 8
27 47 10 11
27 48 12 14
27 49 11 2
28 0 0 12
28 7 15 2
28 8 17 5
28 10 8 17
28 14 4 8
28 16 8 13
28 18 12 11
28 19 19 11
28 23 17 8
28 24 7 19
28 26 10 8
28 31 20 20
28 33 11 14
28 36 1 4
28 38 3 18
28 43 19 15
28 44 1 8
28 47 16 4
29 2 17 12
29 3 8 12
29 5 7 14
29 7 20 20
29 8 11 20
29 11 17 16
29 12 10 14
29 14 12 19
29 15 18 13
29 16 16 10
29 17 3 11
29 18 15 11
29 19 1 7
29 20 2 11
29 21 14 6
29 24 20 20
29 30 19 19
29 31 17 6
29 33 19 18
29 34 1 16
29 35 11 9
29 36 13 13
29 37 17 8
29 38 7 0
29 39 2 19
29 41 2 9
29 42 16 13
29 44 16 17
29 46 18 9
29 47 1 11
29 49 7 5
30 2 10 7
30 3 13 0
30 5 12 11
30 6 10 20
30 8 4 12
30 15 8 12
30 19 7 14
30 20 16 8
30 22 3 4
30 23 13 10
30 25 6 19
30 26 7 11
30 28 15 9
30 29 1 2
30 31 5 5
30 32 8 12
30 36 17 11
30 39 0 3
30 42 7 20
30 43 1 11
30 45 9 13
30 46 7 0
30 48 10 10
31 1 15 14
31 2 10 1
31 4 3 15
31 10 17 5
31 11 6 0
31 14 10 9
31 15 10 14
31 17 1 7
31 19 16 19
31 20 20 0
31 23 1 4
31 24 18 16
31 25 9 5
31 26 11 16
31 27 2 14
31 28 17 2
31 30 8 14
31 31 20 16
31 32 20 16
31 33 0 1
31 34 14 8
31 38 15 3
31 39 2 0
31 41 14 3
31 43 19 17
31 45 5 16
31 46 4 18
31 47 19 18
31 48 16 18
31 49 4 16
32 0 14 8
32 1 0 10
32 8 7 12
32 11 17 10
32 15 7 5
32 16 17 10
32 19 16 4
32 20 15 12
32 23 3 16
32 24 10 19
32 29 12 2
32 30 7 5
32 31 8 19
32 32 4 20
32 33 9 1
32 34 11 16
32 36 12 15
32 37 1 14
32 38 9 0
32 40 20 17
32 41 2 9
32 44 20 4
32 45 12 1
32 47 7 15
32 49 7 13
33 0 14 4
33 1 2 7
33 2 18 20
33 4 7 12
33 6 14 8
33 9 20 3
33 10 14 11
33 11 9 13
33 15 18 1
33 16 13 17
33 17 8 9
33 18 15 20
33 20 16 18
33 23 8 7
33 25 17 16
33 26 13 16
33 32 6 3
33 35 9 8
33 36 0 5
33 37 8 1
33 39 2 1
33 48 0 1
33 49 2 2
34 0 15 2
34 3 2 4
34 5 14 15
34 6 16 11
34 7 1 5
34 15 19 0
34 16 11 4
34 17 10 19
34 18 15 16
34 19 12 3
34 23 12 12
34 24 1 15
34 25 7 18
34 26 15 13
34 27 0 2
34 28 1 8
34 30 17 11
34 31 7 3
34 33 14 18
34 34 0 20
34 35 9 2
34 36 2 13
34 41 15 13
34 43 17 11
34 44 14 17
34 45 4 16
34 47 7 15
34 48 15 18
34 49 20 15
35 3 5 18
35 4 6 20
35 7 8 17
35 8 1 15
35 11 11 20
35 12 2 12
35 14 1 5
35 15 7 19
35 17 10 19
35 18 6 12
35 21 5 9
35 23 11 0
35 24 13 20
35 26 7 5
35 28 5 19
35 29 20 18
35 31 20 17
35 32 11 2
35 33 5 4
35 35 1 3
35 37 3 13
35 39 12 13
35 40 6 20
35 42 17 13
35 45 7 1
35 47 13 16
35 48 16 7
36 3 18 2
36 6 18 0
36 7 2 7
36 8 4 8
36 9 18 4
36 11 15 10
36 12 7 8
36 15 12 12
36 17 15 12
36 18 16 18
36 21 2 8
36 25 12 11
36 27 7 2
36 29 5 3
36 30 12 5
36 37 9 2
36 48 6 1
36 49 0 5
37 1 13 15
37 4 12 0
37 5 17 13
37 7 7 18
37 8 10 3
37 12 9 11
37 14 7 1
37 15 1 10
37 16 0 18
37 18 5 17
37 19 2 10
37 20 13 14
37 21 18 9
37 22 6 6
37 23 9 0
37 25 12 18
37 26 16 11
37 27 14 13
37 32 1 2
37 34 16 1
37 36 1 3
37 37 5 1
37 40 8 16
37 41 13 2
37 43 4 9
37 45 18 5
37 49 1 19
38 0 13 11
38 2 0 9
38 5 14 10
38 7 1 14
38 9 13 15
38 10 2 7
38 11 8 8
38 14 7 2
38 16 18 4
38 17 1 0
38 22 7 1
38 23 18 3
38 24 1 17
38 25 6 10
38 26 1 18
38 27 7 12
38 29 19 8
38 32 20 7
38 33 6 15
38 40 7 14
38 41 13 14
38 43 5 3
38 46 18 16
38 48 6 0
39 2 4 9
39 3 11 13
39 4 15 16
39 5 1 17
39 6 13 3
39 7 12 6
39 10 3 2
39 13 19 17
39 14 10 3
39 18 5 1
39 19 14 6
39 22 1 3
39 23 13 8
39 25 0 3
39 27 0 11
39 29 9 6
39 30 10 14
39 34 14 6
39 36 9 18
39 42 17 3
39 45 8 10
39 46 10 3
39 47 18 20
39 48 20 5
40 3 6 6
40 7 9 2
40 12 13 1
40 15 0 17
40 17 14 15
40 18 0 1
40 19 10 12
40 20 11 18
40 22 11 3
40 24 2 16
40 27 7 4
40 28 3 10
40 31 19 2
40 33 17 3
40 35 0 9
40 36 15 10
40 37 6 17
40 39 12 3
40 41 20 12
40 42 15 4
40 43 10 20
40 45 8 9
40 46 18 17
40 47 11 1
41 1 15 17
41 2 6 18
41 3 18 5
41 5 18 3
41 7 8 20
41 12 16 17
41 14 4 6
41 17 2 2
41 18 3 7
41 20 5 9
41 21 1 1
41 23 13 14
41 27 7 1
41 29 13 20
41 30 13 1
41 31 17 4
41 32 7 16
41 34 11 4
41 35 14 8
41 39 11 9
41 40 10 6
41 41 7 12
41 44 1 17
41 45 7 14
41 46 7 18
41 47 20 17
41 49 20 11
42 2 2 9
42 3 13 17
42 6 14 10
42 7 10 13
42 10 1 2
42 12 20 0
42 13 11 0
42 15 15 3
42 18 3 5
42 19 8 3
42 20 1 11
42 23 1 2
42 24 16 2
42 25 15 1
42 27 16 10
42 30 16 15
42 32 10 1
42 33 7 0
42 39 13 4
42 43 20 14
42 44 5 5
42 45 9 1
42 46 10 3
43 1 4 18
43 4 5 15
43 7 16 10
43 9 13 16
43 10 16 9
43 14 18 15
43 15 15 0
43 20 6 0
43 22 15 6
43 25 1 6
43 27 1 2
43 28 18 3
43 29 16 8
43 30 12 1
43 36 17 7
43 37 6 3
43 38 2 7
43 39 10 16
43 40 13 4
43 43 12 2
43 44 13 3
44 2 0 8
44 6 5 13
44 7 11 1
44 11 9 18
44 12 13 1
44 13 19 8
44 14 1 4
44 15 1 19
44 20 0 3
44 22 18 2
44 24 8 15
44 27 18 18
44 28 10 0
44 30 9 0
44 31 14 8
44 33 5 8
44 35 18 2
44 36 15 5
44 37 5 5
44 38 8 18
44 39 15 15
44 43 12 20
44 44 16 13
44 45 13 4
44 46 18 20
44 49 15 17
45 0 8 16
45 4 1 2
45 6 2 9
45 7 10 13
45 8 6 11
45 10 3 2
45 13 18 17
45 15 18 12
45 21 14 12
45 24 12 7
45 26 3 11
45 27 11 14
45 29 13 20
45 30 13 11
45 32 20 5
45 33 11 4
45 37 5 0
45 41 5 8
45 42 13 1
45 44 7 16
45 48 1 11
46 1 7 17
46 2 14 17
46 4 1 20
46 7 16 2
46 9 15 13
46 10 17 5
46 11 4 3
46 12 8 15
46 14 6 20
46 17 16 10
46 19 11 8
46 20 3 16
46 21 11 19
46 23 2 16
46 24 15 17
46 25 6 15
46 26 2 2
46 28 6 0
46 30 15 7
46 31 18 15
46 32 13 8
46 34 4 13
46 35 12 19
46 36 6 16
46 37 6 6
46 38 13 3
46 40 12 13
46 42 18 3
46 43 9 3
46 45 10 7
46 46 12 20
46 47 13 2
46 48 19 17
47 6 2 15
47 8 2 0
47 9 15 11
47 10 20 2
47 12 2 11
47 13 9 9
47 14 11 15
47 16 18 4
47 18 16 15
47 20 11 7
47 22 9 8
47 23 5 2
47 25 15 2
47 26 3 0
47 27 20 3
47 28 2 4
47 29 4 9
47 30 17 14
47 31 15 19
47 32 14 20
47 33 7 19
47 34 13 18
47 36 3 7
47 37 6 10
47 39 10 3
47 40 2 18
47 41 15 20
47 43 16 15
47 44 19 8
47 46 11 17
47 47 2 6
48 2 17 15
48 6 5 18
48 7 9 8
48 8 16 19
48 9 15 19
48 11 18 5
48 13 17 16
48 15 17 9
48 16 14 19
48 23 11 5
48 24 11 5
48 27 8 6
48 28 12 13
48 29 14 12
48 30 13 2
48 33 11 5
48 34 5 13
48 36 2 0
48 37 9 20
48 42 1 2
48 45 4 2
48 47 9 7
49 3 20 20
49 4 16 9
49 5 7 11
49 6 13 2
49 7 13 19
49 10 0 17
49 11 0 1
49 16 16 14
49 20 19 11
49 21 1 19
49 23 3 11
49 27 11 12
49 28 20 10
49 30 19 4
49 31 18 7
49 33 17 14
49 35 5 13
49 37 13 13
49 40 20 0
49 44 3 8
49 46 6 7
49 47 10 6
49 48 19 6
49 49 6 15
