50
2
0 2 19 15
0 3 18 18
0 7 6 19
0 8 8 0
0 11 2 18
0 13 4 16
0 16 16 9
0 18 7 5
0 21 11 4
0 22 18 2
0 23 4 10
0 26 19 5
0 27 3 10
0 28 15 14
0 29 15 16
0 33 11 13
0 36 3 8
0 37 19 5
0 39 7 4
0 42 19 10
0 44 14 4
0 45 4 1
0 46 4 7
0 48 16 16
0 49 19 18
1 3 16 5
1 4 16 4
1 5 16 11
1 9 9 17
1 10 14 18
1 14 6 7
1 15 18 4
1 19 9 10
1 22 5 4
1 25 17 20
1 27 17 9
1 31 14 14
1 32 20 16
1 33 19 3
1 34 11 1
1 35 16 11
1 39 4 13
1 40 2 3
1 42 14 4
1 43 1 0
1 44 16 5
1 46 12 3
1 47 19 19
1 48 20 7
1 49 0 0
2 0 13 9
2 3 4 17
2 4 13 2
2 5 4 16
2 7 0 6
2 9 19 12
2 10 2 12
2 11 9 4
2 12 16 10
2 14 3 17
2 15 10 5
2 17 9 17
2 22 2 18
2 25 4 3
2 27 17 4
2 29 3 19
2 31 12 12
2 33 14 14
2 34 10 16
2 35 20 5
2 36 2 5
2 37 8 14
2 38 0 6
2 40 2 11
2 43 5 16
2 44 18 9
2 47 19 8
3 0 17 17
3 2 11 15
3 3 1 19
3 6 11 8
3 8 7 10
3 12 5 10
3 15 13 12
3 16 1 4
3 17 8 16
3 28 6 1
3 29 4 12
3 33 8 18
3 35 16 20
3 36 12 12
3 37 1 5
3 38 7 8
3 39 0 19
3 43 0 4
3 49 12 5
4 4 15 8
4 5 16 13
4 6 9 19
4 7 13 12
4 9 6 5
4 11 5 8
4 13 0 17
4 16 4 17
4 17 13 3
4 18 8 7
4 20 11 1
4 22 3 19
4 24 19 14
4 25 3 10
4 27 18 13
4 28 12 18
4 33 4 17
4 34 8 10
4 35 16 13
4 39 18 2
4 42 2 6
4 45 13 17
4 47 12 18
4 48 7 7
4 49 9 13
5 0 15 4
5 3 15 17
5 5 7 12
5 8 13 8
5 9 14 19
5 10 7 18
5 12 1 14
5 13 13 0
5 14 3 13
5 15 2 1
5 16 15 2
5 17 7 20
5 18 6 4
5 19 1 20
5 22 1 7
5 25 11 4
5 28 8 7
5 31 19 1
5 32 0 9
5 33 15 20
5 34 16 15
5 35 17 10
5 38 4 11
5 39 4 10
5 40 6 6
5 41 4 16
5 42 9 2
5 43 8 14
5 45 5 11
5 46 1 9
5 48 7 7
6 1 2 4
6 2 2 6
6 5 8 15
6 6 0 16
6 7 15 18
6 16 0 13
6 17 17 12
6 18 17 8
6 19 2 19
6 20 0 10
6 22 7 20
6 23 14 10
6 25 5 9
6 27 3 17
6 29 12 14
6 30 16 9
6 33 14 0
6 35 8 16
6 36 15 3
6 37 3 8
6 39 8 0
6 44 1 6
6 45 13 19
6 47 17 6
6 48 17 7
6 49 15 10
7 1 11 14
7 3 2 7
7 4 5 8
7 5 17 16
7 7 17 8
7 8 11 0
7 9 17 11
7 11 13 14
7 12 18 5
7 14 8 9
7 18 0 15
7 19 14 10
7 20 13 7
7 21 2 14
7 23 6 9
7 24 18 15
7 25 17 5
7 26 11 1
7 28 7 0
7 29 18 9
7 32 15 20
7 34 5 8
7 36 12 9
7 37 13 6
7 40 9 7
7 43 0 20
7 45 8 9
7 46 9 3
7 47 7 10
8 0 14 3
8 1 0 3
8 3 4 6
8 8 19 16
8 11 14 0
8 13 8 3
8 15 0 2
8 20 17 2
8 22 1 20
8 24 7 12
8 25 5 11
8 26 9 5
8 27 3 3
8 28 15 17
8 33 12 18
8 35 18 1
8 36 2 19
8 37 7 13
8 40 13 18
8 41 11 3
8 42 16 9
8 45 8 12
8 47 6 14
8 48 19 9
8 49 17 6
9 1 1 16
9 2 7 10
9 3 20 6
9 4 8 0
9 6 18 13
9 7 15 5
9 10 19 10
9 11 1 17
9 12 3 0
9 13 12 1
9 14 8 2
9 16 17 2
9 17 8 6
9 19 16 20
9 20 8 19
9 21 5 3
9 22 13 4
9 24 15 8
9 25 14 12
9 26 19 20
9 31 12 13
9 34 0 2
9 37 18 7
9 38 11 3
9 39 10 4
9 40 3 11
9 41 5 12
9 43 11 3
9 46 14 10
9 48 17 7
10 0 9 7
10 5 1 10
10 6 7 2
10 7 4 3
10 8 6 4
10 10 10 15
10 11 20 0
10 14 19 8
10 15 17 12
10 16 3 17
10 19 1 5
10 21 18 2
10 24 5 12
10 25 5 3
10 26 15 14
10 27 1 11
10 34 5 1
10 35 6 15
10 36 14 20
10 38 12 16
10 40 1 5
10 44 15 17
10 48 2 9
10 49 1 7
11 3 0 13
11 5 0 16
11 6 4 4
11 9 0 7
11 10 1 0
11 11 20 10
11 13 8 18
11 15 9 13
11 18 0 17
11 19 3 15
11 20 4 12
11 29 20 10
11 30 4 18
11 32 3 14
11 33 12 13
11 35 17 5
11 36 9 5
11 41 9 2
11 42 8 13
11 45 15 13
11 47 9 1
11 49 13 20
12 1 14 18
12 2 13 1
12 4 0 15
12 7 4 14
12 8 10 4
12 11 10 20
12 12 11 5
12 14 4 11
12 15 14 5
12 18 5 20
12 19 9 2
12 20 0 1
12 22 14 9
12 26 13 6
12 27 0 18
12 28 8 14
12 29 1 2
12 32 3 11
12 36 3 6
12 39 17 7
12 42 19 14
12 45 14 6
12 47 13 20
12 49 1 16
13 0 0 17
13 1 1 0
13 2 12 19
13 7 11 18
13 8 2 19
13 10 2 7
13 12 9 5
13 13 15 10
13 15 15 7
13 18 0 7
13 20 17 18
13 24 4 0
13 26 10 0
13 32 6 7
13 38 5 1
13 42 13 5
13 43 13 4
13 44 18 18
13 46 7 18
13 48 16 18
13 49 10 16
14 1 6 9
14 2 18 12
14 3 1 20
14 4 0 17
14 5 1 5
14 6 8 16
14 9 17 4
14 10 14 18
14 11 14 12
14 12 16 11
14 21 3 19
14 23 5 13
14 24 13 7
14 28 18 17
14 30 0 4
14 31 8 8
14 34 4 5
14 35 5 0
14 40 16 0
14 41 6 11
14 45 9 4
15 0 7 9
15 2 15 3
15 3 0 9
15 7 16 16
15 8 4 18
15 9 19 9
15 10 3 12
15 13 9 6
15 14 20 13
15 15 4 7
15 16 9 5
15 18 10 19
15 19 3 13
15 20 14 16
15 21 13 14
15 22 6 6
15 25 6 9
15 26 11 4
15 27 1 20
15 28 16 1
15 29 9 4
15 32 9 3
15 36 18 17
15 39 13 0
15 45 14 20
15 46 13 17
15 47 18 11
16 1 15 17
16 3 4 18
16 5 14 11
16 8 12 18
16 9 18 8
16 14 19 18
16 15 20 9
16 18 18 17
16 19 17 20
16 20 19 17
16 23 15 7
16 24 16 2
16 25 5 8
16 28 5 1
16 30 4 1
16 31 16 1
16 32 20 10
16 33 14 14
16 34 12 5
16 35 18 14
16 36 9 7
16 38 17 3
16 39 6 5
16 41 11 16
16 43 16 2
16 44 10 7
16 46 14 3
16 47 9 10
16 48 8 2
16 49 11 0
17 1 0 10
17 3 13 11
17 4 15 14
17 5 12 17
17 6 5 10
17 7 4 12
17 8 15 7
17 9 6 4
17 10 10 3
17 11 11 4
17 12 1 13
17 15 12 12
17 16 13 15
17 18 14 14
17 23 7 12
17 26 0 8
17 27 1 1
17 28 19 6
17 31 8 8
17 35 12 18
17 37 5 15
17 40 0 17
17 42 12 5
17 45 12 19
17 46 7 4
17 47 16 5
17 49 10 10
18 0 19 2
18 2 17 8
18 5 4 4
18 7 13 9
18 9 17 5
18 11 3 2
18 12 5 6
18 14 18 10
18 17 15 20
18 19 9 6
18 20 4 12
18 22 1 19
18 23 7 2
18 24 19 9
18 26 20 6
18 28 15 15
18 30 0 14
18 34 6 20
18 37 11 19
18 38 2 8
18 41 11 0
18 42 15 7
18 43 7 13
18 44 1 1
18 45 15 16
18 49 7 1
19 5 10 6
19 7 5 5
19 8 10 12
19 9 2 16
19 12 12 6
19 13 12 15
19 15 6 13
19 18 10 15
19 19 16 4
19 20 14 8
19 22 7 12
19 26 20 13
19 27 9 5
19 31 14 7
19 33 4 5
19 35 7 3
19 36 18 16
19 40 5 18
19 41 15 7
19 42 4 0
19 43 4 4
19 44 20 6
19 48 18 20
19 49 2 20
20 0 4 20
20 1 17 7
20 2 11 18
20 6 18 1
20 7 7 12
20 10 16 6
20 12 11 20
20 14 14 14
20 18 20 0
20 19 20 3
20 22 4 3
20 24 16 19
20 25 2 0
20 27 16 13
20 28 11 12
20 29 7 4
20 31 6 1
20 34 20 0
20 41 4 4
20 42 16 9
20 44 0 18
20 47 16 2
20 48 16 14
20 49 5 2
21 1 12 8
21 3 17 14
21 4 2 16
21 6 11 18
21 7 14 11
21 8 14 5
21 11 1 8
21 13 11 0
21 14 5 12
21 15 4 0
21 16 19 9
21 18 19 2
21 20 11 6
21 21 6 4
21 22 17 15
21 23 16 2
21 24 13 6
21 26 20 5
21 27 5 14
21 32 14 15
21 36 0 5
21 37 8 19
21 39 15 7
21 42 20 14
21 47 0 5
21 48 8 3
21 49 6 2
22 0 4 6
22 1 15 8
22 2 3 7
22 4 12 15
22 6 1 0
22 8 4 4
22 14 20 10
22 15 16 4
22 16 6 11
22 18 17 1
22 22 14 20
22 26 0 1
22 32 18 4
22 34 15 4
22 37 13 5
22 40 0 5
22 42 17 20
22 43 11 7
22 44 11 20
22 45 5 10
22 46 8 2
22 48 14 18
23 0 2 13
23 1 9 5
23 2 4 12
23 3 8 11
23 4 5 12
23 5 6 16
23 10 6 0
23 12 19 9
23 13 18 7
23 14 17 12
23 18 19 20
23 19 16 7
23 20 20 14
23 21 13 19
23 22 4 7
23 23 7 15
23 27 3 14
23 29 4 7
23 31 11 15
23 32 14 7
23 34 3 18
23 35 16 20
23 38 8 14
23 41 2 20
23 44 9 4
23 46 12 18
24 2 9 5
24 3 5 8
24 5 11 5
24 6 14 11
24 8 2 20
24 9 18 19
24 10 17 15
24 12 1 11
24 14 13 1
24 18 5 10
24 19 8 20
24 20 0 7
24 24 19 19
24 26 0 14
24 28 3 14
24 29 18 4
24 30 1 4
24 31 15 13
24 34 6 10
24 35 11 17
24 36 8 2
24 37 2 8
24 38 0 4
24 39 8 11
24 41 18 18
24 42 9 11
24 47 2 11
24 49 17 8
25 4 0 12
25 7 1 0
25 8 18 15
25 9 16 5
25 11 10 13
25 13 17 14
25 16 3 4
25 17 14 5
25 18 4 13
25 19 11 9
25 20 19 12
25 21 17 12
25 24 7 9
25 25 6 12
25 26 18 9
25 29 11 18
25 30 2 8
25 31 0 1
25 33 11 12
25 35 10 16
25 37 12 2
25 42 19 8
25 44 11 18
25 45 13 17
25 47 15 0
25 49 9 3
26 1 11 0
26 2 4 15
26 4 12 7
26 6 3 8
26 7 8 13
26 8 20 12
26 9 9 12
26 10 18 12
26 12 1 0
26 13 10 0
26 16 9 4
26 18 13 4
26 19 19 4
26 20 15 7
26 22 18 17
26 26 2 3
26 27 8 20
26 28 13 7
26 29 13 15
26 30 8 10
26 33 18 14
26 36 5 20
26 37 20 0
26 40 14 0
26 43 18 13
26 44 19 8
26 45 5 7
26 47 4 11
26 48 18 0
26 49 7 15
27 1 11 4
27 3 6 8
27 14 6 15
27 16 10 10
27 18 0 11
27 19 0 9
27 20 3 3
27 22 18 5
27 23 10 10
27 24 0 1
27 27 7 16
27 30 13 2
27 31 12 8
27 34 2 5
27 35 5 3
27 36 15 17
27 37 18 16
27 41 12 19
27 42 16 9
27 44 3 15
27 45 2 14
27 48 12 1
27 49 8 13
28 2 6 1
28 3 0 15
28 5 8 17
28 7 4 19
28 9 13 13
28 10 2 12
28 11 11 8
28 12 19 8
28 16 15 8
28 18 11 12
28 19 11 6
28 21 15 10
28 24 11 20
28 27 12 6
28 29 7 4
28 31 18 13
28 34 4 4
28 36 10 6
28 37 7 19
28 38 18 20
28 42 18 0
28 45 8 13
28 46 8 0
28 47 0 8
28 48 19 14
29 0 20 7
29 2 0 11
29 3 12 18
29 4 14 5
29 5 18 12
29 7 18 19
29 8 8 11
29 12 17 4
29 13 1 0
29 14 17 9
29 15 19 9
29 17 2 14
29 18 6 0
29 20 13 8
29 21 15 9
29 23 16 10
29 25 2 15
29 27 5 8
29 30 3 10
29 31 17 4
29 32 2 15
29 34 18 19
29 36 11 14
29 39 0 4
29 42 12 9
29 45 10 7
29 46 13 19
29 48 18 5
29 49 2 20
30 2 6 5
30 3 2 11
30 4 2 10
30 5 20 6
30 6 2 9
30 7 16 15
30 8 14 4
30 10 3 5
30 11 3 5
30 12 4 4
30 15 4 2
30 16 15 5
30 22 15 6
30 23 17 7
30 25 15 15
30 26 5 12
30 30 15 1
30 31 10 3
30 33 7 0
30 34 3 12
30 35 18 10
30 40 17 3
30 41 4 2
30 42 8 18
30 44 9 20
30 45 11 17
30 46 14 0
30 47 16 18
30 48 12 10
31 0 7 10
31 2 9 11
31 3 8 18
31 5 16 3
31 7 14 15
31 9 14 14
31 10 20 13
31 11 17 2
31 13 10 6
31 14 7 18
31 18 2 17
31 19 11 13
31 21 7 0
31 24 4 9
31 26 8 1
31 27 5 13
31 28 15 5
31 29 17 17
31 31 16 17
31 33 1 6
31 34 18 9
31 35 17 10
31 36 7 20
31 40 9 20
31 41 3 4
31 42 7 0
31 43 13 12
31 44 11 5
31 45 4 16
31 46 18 10
31 49 18 8
32 0 0 1
32 1 0 3
32 2 6 17
32 3 20 4
32 4 12 9
32 6 14 20
32 7 7 0
32 8 7 8
32 10 15 2
32 11 9 4
32 12 1 10
32 13 1 8
32 14 13 19
32 15 9 19
32 20 13 4
32 24 6 4
32 25 13 12
32 26 20 9
32 27 9 0
32 28 20 8
32 30 12 10
32 31 2 2
32 32 1 14
32 35 12 4
32 38 13 17
32 39 1 8
32 44 11 9
32 46 20 12
32 47 12 2
32 48 17 13
33 2 20 5
33 3 1 2
33 6 17 4
33 7 9 7
33 8 10 6
33 9 7 17
33 13 13 19
33 15 4 13
33 16 0 10
33 17 16 4
33 18 15 19
33 19 6 7
33 24 12 2
33 25 1 11
33 29 8 6
33 31 17 0
33 32 6 5
33 35 16 16
33 36 1 1
33 37 18 8
33 38 12 2
33 40 2 7
33 43 9 1
33 44 4 18
33 45 10 10
33 46 8 2
33 47 2 5
33 48 8 6
34 2 3 0
34 6 13 15
34 7 9 8
34 8 11 15
34 12 11 19
34 13 5 17
34 15 5 14
34 16 7 1
34 17 15 20
34 19 1 3
34 20 4 12
34 21 16 3
34 22 19 14
34 23 2 13
34 25 5 14
34 26 8 14
34 29 2 17
34 30 13 0
34 32 17 0
34 35 6 0
34 36 1 12
34 40 9 20
34 41 5 5
34 43 4 8
34 44 3 11
35 0 0 12
35 1 3 1
35 2 3 10
35 7 4 0
35 8 1 14
35 10 0 11
35 11 8 7
35 16 9 14
35 18 19 11
35 19 20 7
35 21 12 19
35 23 19 16
35 24 13 2
35 25 9 12
35 26 0 0
35 28 5 13
35 29 9 18
35 30 10 10
35 31 11 17
35 33 14 3
35 38 20 3
35 39 11 6
35 41 3 3
35 42 14 4
35 43 17 18
35 45 9 5
35 47 6 12
35 48 16 1
35 49 15 11
36 1 5 11
36 2 6 18
36 3 3 16
36 7 12 12
36 8 13 19
36 9 20 14
36 10 8 16
36 11 18 5
36 13 4 2
36 15 5 20
36 16 13 1
36 19 13 1
36 21 4 19
36 22 3 19
36 23 11 16
36 26 20 17
36 28 20 9
36 29 8 20
36 31 17 2
36 33 12 20
36 34 7 3
36 35 16 8
36 36 5 2
36 37 18 9
36 39 2 17
36 40 2 8
36 41 20 1
36 42 5 11
36 44 14 5
36 46 19 19
36 48 3 9
37 1 7 15
37 4 14 15
37 9 4 10
37 10 14 6
37 12 7 11
37 14 16 9
37 15 14 4
37 16 7 7
37 17 16 17
37 18 9 2
37 21 14 19
37 25 5 0
37 26 17 7
37 29 12 14
37 30 8 19
37 32 14 6
37 33 18 14
37 35 12 14
37 36 6 13
37 38 6 15
37 39 13 16
37 40 13 14
37 43 1 16
37 44 18 3
37 45 16 18
37 46 5 3
37 47 4 9
38 1 12 4
38 2 9 8
38 3 11 11
38 4 9 20
38 6 5 6
38 9 5 8
38 12 14 15
38 13 0 13
38 15 5 5
38 16 11 19
38 17 3 11
38 23 20 13
38 24 5 10
38 25 9 12
38 27 3 12
38 29 17 12
38 30 15 0
38 32 0 7
38 33 18 7
38 34 4 13
38 35 17 13
38 36 5 14
38 38 3 11
38 39 18 0
38 40 6 19
38 41 4 6
38 42 16 6
38 43 17 0
38 44 15 6
38 46 8 11
38 48 11 20
38 49 13 0
39 0 0 16
39 3 10 15
39 6 4 3
39 7 0 9
39 15 1 2
39 17 6 19
39 20 15 7
39 21 6 14
39 22 8 6
39 23 20 1
39 24 19 5
39 25 18 8
39 28 20 16
39 29 4 9
39 30 8 14
39 31 9 18
39 33 3 7
39 36 14 2
39 38 10 5
39 39 10 8
39 40 7 16
39 42 11 1
39 44 14 5
39 46 7 4
39 47 12 6
39 48 14 3
40 0 19 17
40 9 3 10
40 10 14 18
40 11 9 8
40 12 13 16
40 15 6 3
40 16 2 5
40 17 8 14
40 19 10 12
40 20 7 5
40 21 7 3
40 23 2 13
40 26 19 16
40 27 8 15
40 28 0 15
40 29 11 12
40 30 10 18
40 33 5 19
40 35 3 15
40 36 14 1
40 37 10 19
40 39 5 11
40 40 17 20
40 42 13 12
40 43 5 9
40 46 13 1
40 47 12 0
40 48 9 3
40 49 8 13
41 0 3 7
41 3 10 15
41 4 5 1
41 6 16 6
41 7 9 11
41 8 6 9
41 9 11 8
41 13 9 2
41 14 2 18
41 16 0 3
41 20 5 7
41 21 17 6
41 22 11 9
41 23 14 12
41 24 14 8
41 25 17 11
41 28 7 0
41 29 0 3
41 30 10 10
41 32 20 10
41 33 9 0
41 35 5 10
41 39 4 2
41 42 0 2
41 46 17 5
41 47 4 1
41 48 11 16
41 49 9 13
42 4 6 12
42 5 16 1
42 6 8 7
42 10 7 9
42 12 8 10
42 13 4 1
42 16 7 19
42 17 10 14
42 19 14 9
42 21 20 10
42 27 1 9
42 28 9 7
42 31 15 13
42 33 15 0
42 34 3 16
42 41 15 13
42 43 2 17
42 44 2 13
42 45 17 4
42 48 1 1
42 49 7 18
43 2 19 0
43 3 4 17
43 6 6 20
43 7 12 5
43 8 17 20
43 9 1 2
43 10 20 18
43 11 8 13
43 12 9 10
43 13 15 20
43 14 17 20
43 15 17 17
43 16 10 15
43 20 15 3
43 23 19 1
43 25 13 13
43 28 13 20
43 30 18 14
43 33 20 0
43 34 1 1
43 37 12 10
43 38 18 11
43 40 7 9
43 41 13 4
43 45 16 6
43 47 18 18
43 48 2 14
43 49 3 6
44 0 0 7
44 3 8 0
44 5 15 7
44 6 12 8
44 9 18 1
44 11 0 1
44 14 3 15
44 15 19 4
44 16 19 2
44 21 2 4
44 22 12 12
44 23 3 3
44 26 13 20
44 28 7 5
44 31 10 6
44 32 16 10
44 33 5 1
44 34 4 11
44 35 20 1
44 36 13 17
44 37 11 19
44 41 18 6
44 42 12 7
44 43 0 4
44 44 1 3
44 45 9 17
44 46 1 5
44 48 10 5
45 3 0 12
45 6 17 10
45 7 7 16
45 9 5 12
45 12 10 4
45 15 3 13
45 16 6 1
45 18 17 6
45 19 15 4
45 20 15 10
45 22 2 20
45 23 4 6
45 25 16 11
45 29 6 20
45 31 4 12
45 33 19 1
45 36 0 20
45 48 7 0
45 49 19 2
46 0 12 9
46 1 0 5
46 3 19 17
46 5 17 11
46 6 2 13
46 8 16 7
46 10 10 5
46 11 20 3
46 12 7 14
46 13 17 20
46 17 17 7
46 18 2 15
46 20 10 9
46 21 10 5
46 22 3 14
46 23 14 19
46 25 12 13
46 28 9 16
46 30 14 6
46 33 18 14
46 34 6 20
46 37 4 12
46 38 16 13
46 39 11 20
46 40 20 16
46 42 20 18
46 44 20 18
46 45 11 8
46 47 18 6
46 48 15 11
47 3 6 16
47 4 9 9
47 6 3 14
47 8 2 16
47 10 17 19
47 11 6 5
47 14 14 2
47 15 7 15
47 19 12 4
47 21 2 19
47 23 3 11
47 25 15 18
47 26 18 3
47 29 12 1
47 32 4 4
47 34 20 7
47 35 4 8
47 36 14 0
47 39 13 17
47 41 15 10
47 42 18 6
47 44 18 19
47 47 9 18
48 2 0 16
48 3 11 19
48 6 7 20
48 8 8 19
48 11 18 3
48 12 11 16
48 16 6 12
48 17 10 16
48 18 3 20
48 19 5 5
48 23 13 2
48 26 11 20
48 27 8 12
48 29 0 18
48 30 12 0
48 32 6 6
48 33 13 15
48 36 19 18
48 38 9 20
48 39 3 2
48 41 0 3
48 44 18 16
48 45 0 14
48 48 15 15
49 1 20 18
49 3 6 16
49 4 0 12
49 6 14 14
49 7 12 7
49 8 16 17
49 11 6 18
49 13 0 7
49 14 11 6
49 17 6 17
49 19 20 2
49 20 11 20
49 21 8 0
49 22 18 11
49 24 13 4
49 29 17 19
49 31 4 10
49 32 6 7
49 34 2 1
49 35 4 0
49 37 18 5
49 38 6 9
49 40 4 3
49 44 4 16
49 45 9 19
49 46 16 10
49 47 8 7
49 49 20 18
