50
2
0 1 8 19
0 2 16 5
0 4 13 17
0 5 4 18
0 6 9 8
0 7 13 3
0 8 11 8
0 9 18 18
0 11 11 12
0 16 20 11
0 21 12 19
0 24 7 5
0 25 14 14
0 26 13 20
0 28 1 0
0 31 6 3
0 32 19 17
0 33 0 2
0 34 5 4
0 36 14 17
0 38 3 0
0 39 5 16
0 40 14 10
0 41 7 20
0 43 20 13
0 44 14 12
0 45 19 5
0 46 1 3
0 48 14 14
0 49 20 13
1 0 17 1
1 1 0 8
1 5 11 3
1 8 11 16
1 10 15 10
1 11 1 16
1 13 13 13
1 16 2 4
1 17 2 9
1 18 7 12
1 21 8 7
1 23 19 4
1 25 11 7
1 28 17 18
1 30 3 12
1 32 12 3
1 33 14 10
1 34 16 1
1 40 7 10
1 41 8 12
1 42 12 6
1 44 12 18
1 45 8 8
1 46 4 3
2 0 13 10
2 2 13 11
2 4 7 1
2 7 6 18
2 13 9 19
2 18 2 6
2 20 18 6
2 22 12 16
2 25 0 16
2 28 19 16
2 30 4 14
2 32 0 12
2 34 5 11
2 35 1 15
2 36 17 12
2 38 2 18
2 39 3 16
2 43 15 15
2 44 11 4
2 48 2 20
3 4 17 8
3 5 0 10
3 6 17 1
3 7 19 14
3 8 10 17
3 9 5 18
3 10 7 7
3 11 8 6
3 12 3 6
3 13 17 9
3 14 20 18
3 15 10 7
3 19 7 3
3 21 3 8
3 22 14 16
3 24 18 15
3 25 3 9
3 26 9 8
3 28 20 10
3 30 5 2
3 32 14 14
3 33 6 18
3 34 4 13
3 38 4 4
3 40 9 12
3 41 6 1
3 43 15 2
3 45 3 12
3 47 19 3
3 48 5 9
4 1 13 0
4 3 8 17
4 5 18 20
4 6 5 20
4 9 11 3
4 11 16 2
4 12 7 6
4 15 19 7
4 17 14 1
4 21 19 1
4 22 3 11
4 24 18 13
4 25 0 2
4 27 16 4
4 29 11 3
4 30 1 6
4 31 4 18
4 33 2 2
4 34 16 10
4 36 9 3
4 37 6 14
4 38 0 2
4 39 16 6
4 48 20 11
5 0 16 11
5 4 19 8
5 5 15 11
5 6 9 0
5 7 3 6
5 9 3 5
5 11 2 1
5 12 17 4
5 14 11 5
5 15 2 17
5 16 5 6
5 18 17 15
5 23 19 11
5 24 15 11
5 26 19 13
5 33 2 9
5 34 12 17
5 35 13 15
5 37 13 17
5 40 2 9
5 41 13 7
5 46 3 11
5 47 8 10
5 48 16 15
6 0 3 16
6 3 8 6
6 5 7 19
6 6 2 6
6 8 4 10
6 10 1 4
6 11 13 18
6 15 9 8
6 20 18 1
6 21 5 0
6 22 17 1
6 25 7 16
6 26 10 1
6 27 2 14
6 28 6 13
6 29 11 1
6 30 15 15
6 35 5 4
6 36 12 9
6 37 19 4
6 39 12 17
6 42 7 18
6 43 19 18
6 44 9 10
6 49 13 5
7 1 17 6
7 2 0 14
7 8 18 8
7 13 1 19
7 14 18 1
7 15 13 1
7 16 9 20
7 26 2 18
7 28 11 14
7 29 15 6
7 32 7 16
7 33 14 13
7 34 6 8
7 35 16 3
7 39 12 4
7 40 1 15
7 41 7 13
7 44 12 7
7 48 6 2
8 0 0 17
8 1 7 5
8 2 7 6
8 3 4 11
8 8 8 15
8 9 16 13
8 10 10 14
8 13 9 11
8 17 6 10
8 20 15 20
8 22 8 15
8 27 6 7
8 30 5 5
8 32 9 19
8 33 4 18
8 35 1 18
8 36 3 19
8 37 6 4
8 39 13 7
8 42 7 15
8 43 12 14
8 44 14 12
8 45 14 19
8 46 8 1
8 48 10 18
9 0 0 6
9 1 17 19
9 2 0 20
9 4 1 15
9 7 17 2
9 8 6 4
9 9 0 2
9 11 3 9
9 16 4 19
9 17 6 1
9 18 15 9
9 19 17 11
9 20 13 19
9 21 4 15
9 23 20 0
9 25 14 10
9 26 9 7
9 28 11 6
9 30 16 5
9 33 9 2
9 35 5 15
9 36 14 13
9 37 4 7
9 40 0 6
9 43 15 19
9 47 6 16
10 6 19 5
10 9 5 14
10 11 14 10
10 16 10 15
10 19 3 14
10 23 1 11
10 24 17 19
10 25 3 1
10 26 2 15
10 27 15 19
10 28 16 20
10 29 3 9
10 30 20 4
10 32 11 9
10 37 10 17
10 39 13 5
10 41 20 8
10 44 3 8
10 49 6 2
11 0 15 19
11 3 4 3
11 5 3 20
11 6 20 5
11 9 6 17
11 11 4 13
11 12 4 13
11 14 4 12
11 15 18 4
11 16 13 17
11 18 19 20
11 20 15 13
11 24 3 14
11 31 10 2
11 35 16 18
11 38 7 3
11 39 15 18
11 44 18 10
11 46 14 20
12 0 2 5
12 1 8 4
12 2 10 19
12 4 9 9
12 8 10 2
12 14 0 6
12 16 5 0
12 17 4 18
12 19 20 11
12 21 4 19
12 23 0 4
12 27 10 9
12 29 18 11
12 30 5 19
12 31 5 8
12 32 1 14
12 37 16 11
12 38 19 11
12 40 12 5
12 41 18 20
12 42 20 14
12 45 8 11
12 47 1 17
12 49 2 6
13 0 7 13
13 3 16 16
13 5 11 6
13 6 1 13
13 7 8 8
13 8 16 16
13 9 10 2
13 11 14 10
13 12 12 4
13 15 14 19
13 17 16 4
13 19 20 8
13 20 2 19
13 23 17 20
13 29 9 11
13 30 19 10
13 32 11 4
13 35 19 7
13 36 8 10
13 37 7 9
13 38 15 8
13 39 4 8
13 40 17 9
13 42 15 6
13 44 3 2
13 46 16 18
13 47 6 11
13 49 11 6
14 0 6 16
14 4 3 7
14 5 19 1
14 7 5 19
14 8 18 1
14 12 0 13
14 15 19 13
14 16 18 4
14 17 5 3
14 18 16 9
14 19 3 18
14 20 8 19
14 21 0 20
14 23 2 9
14 24 9 16
14 25 10 8
14 27 2 14
14 28 18 9
14 29 17 14
14 31 10 7
14 32 14 10
14 33 14 19
14 34 11 6
14 36 3 4
14 39 3 16
14 40 12 1
14 41 1 6
14 43 12 14
14 44 10 0
14 46 12 7
14 47 13 14
14 48 10 4
15 0 4 2
15 3 17 7
15 5 4 8
15 6 11 3
15 8 12 11
15 9 19 13
15 11 6 9
15 12 9 7
15 17 19 16
15 20 15 4
15 22 14 11
15 24 20 8
15 25 12 20
15 30 4 19
15 39 3 3
15 41 11 1
15 42 16 1
15 46 19 9
15 48 12 1
16 1 8 10
16 3 8 13
16 4 1 3
16 5 9 11
16 6 10 5
16 9 0 6
16 12 9 18
16 14 7 17
16 16 10 12
16 17 4 6
16 19 1 14
16 20 1 19
16 21 6 12
16 22 0 7
16 24 15 0
16 25 1 6
16 26 14 18
16 27 4 20
16 28 7 19
16 29 18 20
16 32 8 4
16 34 14 3
16 35 15 0
16 38 8 15
16 39 11 12
16 40 10 15
16 43 2 5
16 45 15 4
16 49 13 12
17 0 15 19
17 1 12 4
17 3 20 15
17 6 9 9
17 7 3 15
17 9 13 18
17 11 18 0
17 13 12 8
17 15 1 8
17 16 3 16
17 17 14 4
17 19 6 11
17 21 2 12
17 22 14 18
17 23 2 19
17 24 4 6
17 29 4 19
17 35 13 3
17 36 13 16
17 38 4 1
17 41 12 20
17 45 7 11
17 47 4 5
17 48 20 19
17 49 5 4
18 2 5 18
18 5 18 9
18 9 12 7
18 12 16 13
18 13 2 4
18 15 16 10
18 17 18 17
18 18 5 5
18 23 18 16
18 24 13 11
18 28 6 1
18 35 3 3
18 36 1 7
18 37 4 6
18 42 20 4
18 44 13 14
18 45 18 2
18 49 9 19
19 1 1 14
19 4 15 18
19 7 19 6
19 8 1 17
19 10 16 8
19 14 2 2
19 18 14 17
19 19 19 19
19 20 7 9
19 22 0 15
19 24 7 15
19 26 9 7
19 27 20 1
19 28 19 2
19 29 19 9
19 30 2 11
19 32 12 5
19 35 10 7
19 39 6 8
19 41 11 13
19 46 0 17
19 48 8 9
20 0 19 11
20 3 7 7
20 4 1 15
20 5 18 6
20 9 2 19
20 10 5 16
20 14 19 11
20 19 11 3
20 20 1 16
20 21 19 18
20 25 12 17
20 27 15 11
20 32 18 12
20 41 2 5
20 44 20 4
20 45 19 2
20 47 10 20
20 48 8 15
21 1 6 5
21 4 3 4
21 6 10 9
21 7 20 16
21 8 11 8
21 9 5 4
21 12 4 4
21 13 2 16
21 14 8 9
21 15 16 9
21 16 2 8
21 18 10 15
21 20 11 16
21 22 13 0
21 23 7 20
21 24 5 2
21 26 19 14
21 27 14 17
21 28 1 10
21 29 9 18
21 31 7 5
21 32 19 0
21 35 19 6
21 39 8 11
21 42 1 10
21 44 10 11
21 45 20 13
21 46 14 8
21 47 11 0
21 48 2 5
22 0 6 9
22 1 17 13
22 5 1 11
22 7 16 17
22 9 20 7
22 10 8 11
22 11 9 11
22 12 8 9
22 13 9 0
22 14 0 7
22 16 6 0
22 17 19 3
22 18 17 5
22 19 12 0
22 20 14 17
22 22 12 13
22 23 17 5
22 25 17 9
22 27 8 5
22 28 10 5
22 29 6 7
22 31 4 9
22 33 0 6
22 34 1 12
22 35 3 6
22 36 9 20
22 38 14 3
22 41 20 7
22 42 5 10
22 43 3 8
22 46 19 15
22 48 9 3
22 49 16 19
23 0 9 9
23 1 20 8
23 3 10 3
23 7 1 13
23 9 9 8
23 10 12 6
23 11 2 9
23 14 9 20
23 17 9 3
23 18 15 4
23 21 19 6
23 22 4 3
23 23 2 15
23 24 0 11
23 25 6 0
23 27 0 11
23 31 14 9
23 32 18 10
23 37 16 9
23 38 9 2
23 39 5 11
23 43 14 3
23 46 5 17
23 47 2 18
23 48 10 8
23 49 3 20
24 1 10 18
24 2 1 10
24 4 20 1
24 6 11 16
24 7 12 15
24 8 1 11
24 10 12 20
24 15 2 7
24 17 4 3
24 18 4 1
24 19 4 18
24 21 14 1
24 22 7 9
24 24 5 15
24 25 20 5
24 26 9 2
24 27 3 6
24 29 5 17
24 30 19 2
24 31 5 3
24 34 15 8
24 35 16 13
24 39 16 10
24 40 2 2
24 45 16 16
24 47 9 7
24 48 6 6
25 0 2 1
25 1 0 14
25 4 9 2
25 7 6 3
25 12 20 16
25 13 4 4
25 16 14 7
25 17 19 2
25 21 19 4
25 24 0 15
25 25 17 6
25 26 12 8
25 27 15 18
25 28 7 10
25 29 19 9
25 31 19 4
25 34 2 5
25 35 20 9
25 40 3 19
25 47 1 4
25 48 5 4
26 1 15 3
26 2 16 7
26 3 10 17
26 9 18 8
26 12 4 2
26 14 8 17
26 19 10 20
26 21 10 12
26 24 18 8
26 29 15 11
26 30 20 13
26 33 8 7
26 34 15 1
26 36 1 17
26 40 2 7
26 41 12 1
26 42 10 11
26 44 16 7
26 49 19 14
27 0 19 4
27 1 5 2
27 5 12 18
27 7 10 6
27 9 18 20
27 10 5 4
27 13 11 9
27 16 6 10
27 17 8 2
27 18 2 15
27 19 15 8
27 20 20 11
27 25 16 6
27 26 8 11
27 29 3 13
27 31 4 0
27 33 2 17
27 34 10 10
27 36 11 12
27 37 6 19
27 38 6 15
27 39 1 4
27 40 19 20
27 42 12 13
27 43 16 7
27 46 3 13
27 47 0 0
27 48 3 14
27 49 16 17
28 0 16 8
28 1 19 17
28 3 12 19
28 6 0 17
28 7 0 18
28 9 3 14
28 11 14 19
28 13 11 8
28 14 3 4
28 17 5 10
28 21 6 2
28 25 8 12
28 27 20 2
28 28 6 3
28 29 10 3
28 32 19 5
28 33 10 8
28 34 15 2
28 35 3 6
28 37 2 4
28 41 14 8
28 43 14 7
28 46 18 12
28 47 11 3
29 0 14 2
29 1 16 16
29 2 10 12
29 4 3 6
29 8 9 19
29 9 19 20
29 10 10 16
29 11 8 20
29 13 8 20
29 14 10 20
29 16 17 19
29 17 0 6
29 18 18 16
29 19 12 8
29 23 9 13
29 24 20 8
29 25 0 5
29 28 12 6
29 29 6 2
29 31 20 7
29 32 16 1
29 33 16 7
29 35 1 2
29 36 18 12
29 39 10 5
29 40 17 20
29 41 16 19
29 42 0 16
29 43 19 19
29 44 1 2
29 47 5 17
30 4 19 3
30 5 7 20
30 10 10 17
30 12 7 8
30 14 19 17
30 15 7 1
30 16 9 7
30 18 6 19
30 19 20 3
30 22 1 18
30 25 0 15
30 28 15 6
30 30 8 9
30 32 4 19
30 33 4 2
30 34 15 13
30 36 14 14
30 37 0 3
30 39 1 13
30 40 12 1
30 41 2 5
30 42 10 11
30 43 16 17
30 45 4 8
30 48 10 16
30 49 17 4
31 2 15 10
31 3 14 5
31 4 15 16
31 5 10 18
31 7 5 17
31 9 19 12
31 11 0 11
31 16 10 14
31 24 3 11
31 25 16 2
31 26 11 16
31 27 10 10
31 29 3 1
31 33 8 16
31 35 18 0
31 37 19 16
31 41 18 1
31 43 7 20
31 44 20 6
31 45 20 17
31 49 8 20
32 3 2 1
32 6 19 3
32 7 20 10
32 9 12 13
32 10 4 12
32 11 14 11
32 12 12 14
32 13 12 12
32 14 10 1
32 16 13 1
32 20 18 9
32 21 5 17
32 22 8 20
32 23 2 16
32 24 5 2
32 27 4 6
32 29 16 4
32 30 11 13
32 33 19 3
32 34 8 2
32 35 12 14
32 45 18 18
32 48 15 18
32 49 11 2
33 4 18 15
33 7 14 17
33 8 2 6
33 9 15 3
33 10 3 11
33 11 11 10
33 12 11 12
33 13 5 3
33 15 18 18
33 16 20 6
33 17 12 12
33 20 0 8
33 22 1 5
33 25 10 11
33 27 4 3
33 28 4 0
33 30 14 6
33 31 16 17
33 32 2 4
33 33 12 12
33 34 2 7
33 35 12 2
33 36 1 3
33 37 16 6
33 38 16 16
33 39 18 17
33 40 10 2
33 43 12 7
33 44 1 19
33 46 10 6
33 49 8 12
34 3 4 11
34 7 2 17
34 11 8 17
34 12 5 8
34 14 13 18
34 17 3 1
34 18 16 9
34 19 14 12
34 22 11 1
34 23 18 11
34 24 2 18
34 27 4 18
34 28 5 19
34 29 4 15
34 32 10 5
34 37 0 13
34 41 17 4
34 45 12 13
34 47 5 18
34 48 10 15
34 49 7 3
35 1 14 11
35 2 10 12
35 3 8 0
35 5 19 0
35 6 1 11
35 8 15 14
35 9 17 14
35 12 5 0
35 14 0 0
35 22 17 0
35 24 9 20
35 25 10 17
35 26 0 17
35 28 5 9
35 29 4 9
35 30 3 5
35 31 17 2
35 36 17 6
35 39 13 6
35 40 2 20
35 41 1 3
35 43 2 20
35 48 12 13
36 3 15 18
36 4 7 12
36 5 19 8
36 6 14 5
36 7 9 11
36 8 13 11
36 10 15 10
36 11 12 13
36 12 1 20
36 13 15 17
36 14 6 14
36 18 13 13
36 22 15 11
36 23 10 3
36 29 12 12
36 31 10 20
36 34 1 3
36 37 19 4
36 38 12 18
36 39 15 18
36 40 8 9
36 42 19 4
36 45 5 7
36 48 4 12
37 1 12 19
37 2 5 14
37 3 11 10
37 6 14 15
37 7 18 8
37 11 12 8
37 12 14 20
37 14 14 2
37 16 18 18
37 17 12 16
37 21 6 3
37 22 14 5
37 25 8 10
37 26 3 8
37 27 18 20
37 29 20 13
37 34 4 16
37 36 1 15
37 37 9 1
37 38 19 7
37 39 20 0
37 42 4 20
37 43 8 0
37 44 15 0
37 46 1 7
37 48 12 18
37 49 18 17
38 1 7 17
38 7 8 15
38 8 15 3
38 11 10 11
38 12 0 10
38 17 12 9
38 18 5 18
38 20 20 5
38 21 11 11
38 22 20 19
38 23 3 16
38 24 1 17
38 25 3 6
38 26 20 6
38 30 3 19
38 33 16 5
38 34 2 18
38 35 2 14
38 36 15 1
38 37 0 12
38 38 19 3
38 42 13 13
39 0 11 11
39 2 5 3
39 6 1 15
39 11 17 8
39 13 18 18
39 15 8 11
39 16 16 7
39 19 3 18
39 21 18 16
39 23 3 17
39 24 11 13
39 26 11 3
39 28 3 17
39 32 17 11
39 34 8 5
39 35 16 11
39 38 10 6
39 41 8 10
39 44 12 13
39 45 10 17
39 47 7 0
39 48 12 7
40 1 11 7
40 2 4 12
40 4 18 19
40 5 11 2
40 8 9 20
40 10 3 11
40 11 3 8
40 12 12 18
40 16 5 5
40 18 4 18
40 19 0 6
40 26 13 4
40 32 4 16
40 35 0 19
40 37 14 16
40 38 14 20
40 40 20 10
40 41 8 19
40 42 6 5
40 45 18 12
40 46 13 17
40 48 5 16
41 3 15 20
41 5 7 0
41 6 13 10
41 7 0 4
41 12 16 11
41 13 5 19
41 14 15 6
41 15 10 14
41 16 17 0
41 18 15 3
41 19 19 5
41 20 11 3
41 24 10 13
41 25 20 2
41 28 2 3
41 31 4 20
41 33 8 0
41 36 19 14
41 37 9 6
41 38 11 11
41 39 3 19
41 43 8 12
41 47 4 18
41 48 10 0
41 49 10 9
42 0 4 5
42 3 5 9
42 4 12 13
42 5 4 5
42 6 15 1
42 8 2 2
42 9 6 17
42 10 20 15
42 12 1 11
42 17 11 10
42 18 1 11
42 22 17 12
42 25 20 19
42 28 5 17
42 29 2 3
42 31 11 20
42 36 9 14
42 38 10 6
42 40 19 5
42 41 20 11
42 43 12 7
42 44 3 11
42 45 3 20
42 48 8 17
42 49 6 0
43 1 6 4
43 6 0 10
43 8 5 2
43 9 4 15
43 11 9 10
43 12 20 4
43 13 2 18
43 14 1 2
43 16 17 18
43 18 6 17
43 19 3 7
43 20 1 16
43 24 20 20
43 26 1 1
43 29 11 5
43 30 18 18
43 31 15 17
43 33 18 11
43 34 11 12
43 35 0 1
43 36 1 18
43 41 19 10
43 43 20 8
43 44 15 3
43 45 1 7
43 46 12 16
43 48 19 7
43 49 8 7
44 0 17 0
44 1 6 15
44 11 13 11
44 14 13 19
44 17 17 20
44 18 17 11
44 19 11 20
44 20 0 18
44 22 9 17
44 24 13 5
44 26 12 7
44 29 4 14
44 30 16 11
44 31 15 7
44 32 5 17
44 33 19 16
44 34 5 17
44 38 12 15
44 39 4 9
44 42 5 14
44 43 10 6
44 44 7 4
44 45 10 13
45 0 18 5
45 3 18 11
45 5 4 12
45 7 15 9
45 8 2 13
45 9 6 5
45 11 5 19
45 12 12 16
45 13 20 5
45 14 14 1
45 19 0 4
45 22 6 0
45 23 16 16
45 24 3 7
45 26 12 13
45 28 10 13
45 30 19 8
45 32 13 9
45 35 15 10
45 37 6 17
45 39 19 2
45 40 12 6
45 41 6 4
45 43 5 11
45 46 2 4
45 47 3 11
45 48 10 12
46 0 0 7
46 1 16 0
46 2 5 6
46 3 9 12
46 4 6 15
46 5 0 5
46 7 19 10
46 9 6 10
46 11 2 3
46 13 13 11
46 14 10 19
46 20 9 17
46 21 10 2
46 23 15 4
46 24 7 18
46 25 18 11
46 26 5 11
46 28 1 4
46 29 19 5
46 30 18 6
46 32 1 20
46 34 2 13
46 35 19 12
46 37 5 6
46 38 9 2
46 40 19 17
46 41 10 4
46 42 14 13
46 44 9 0
46 46 18 7
47 2 20 5
47 3 11 12
47 4 4 15
47 6 11 8
47 9 11 8
47 12 12 13
47 13 1 7
47 14 4 15
47 15 16 19
47 17 11 5
47 18 9 2
47 19 1 8
47 21 8 15
47 22 7 16
47 24 0 8
47 25 12 19
47 27 18 14
47 28 9 3
47 30 9 7
47 33 7 3
47 35 5 1
47 41 10 5
47 46 3 2
47 47 5 9
47 48 15 2
48 1 3 14
48 2 20 1
48 4 18 14
48 6 4 4
48 8 5 15
48 12 6 9
48 13 15 16
48 14 13 9
48 17 0 2
48 18 5 0
48 19 15 15
48 21 0 4
48 24 6 7
48 25 17 20
48 26 1 0
48 27 0 18
48 31 2 6
48 33 13 8
48 35 0 5
48 37 7 0
48 38 1 14
48 39 8 2
48 41 11 12
48 42 5 3
48 43 13 2
48 44 3 5
48 45 8 0
48 46 11 10
48 47 13 6
48 48 15 19
48 49 6 20
49 0 13 0
49 1 9 15
49 3 8 17
49 4 1 16
49 6 4 14
49 8 0 10
49 9 8 18
49 10 16 14
49 12 15 15
49 13 16 0
49 16 14 19
49 17 1 18
49 18 11 17
49 20 0 4
49 21 20 5
49 24 15 5
49 28 19 5
49 30 13 6
49 31 11 4
49 37 10 6
49 42 8 10
49 44 4 0
49 45 19 2
49 48 15 12
49 49 4 6
