50
2
0 0 9 3
0 1 2 3
0 2 14 17
0 3 5 5
0 4 19 13
0 5 11 14
0 11 16 18
0 12 17 13
0 14 1 12
0 16 9 9
0 17 7 10
0 18 11 9
0 20 13 1
0 22 15 16
0 24 6 18
0 30 17 5
0 33 9 8
0 34 12 4
0 36 20 2
0 37 3 9
0 40 14 7
0 41 12 12
0 43 10 7
0 44 19 8
0 45 17 19
0 47 13 9
0 48 15 0
0 49 2 11
1 1 15 2
1 3 11 3
1 4 15 4
1 5 9 7
1 6 17 16
1 7 10 1
1 8 9 8
1 10 8 15
1 12 8 8
1 14 14 2
1 17 9 9
1 19 8 0
1 20 15 3
1 21 13 2
1 24 8 18
1 27 12 19
1 28 15 15
1 30 19 7
1 32 6 15
1 33 20 19
1 36 16 4
1 38 3 16
1 39 16 16
1 40 11 5
1 43 5 2
1 44 2 12
1 45 19 7
1 46 5 17
1 48 8 7
1 49 15 10
2 0 10 11
2 1 11 7
2 2 2 5
2 4 20 11
2 7 2 16
2 9 18 16
2 12 11 14
2 13 10 5
2 15 15 12
2 17 1 1
2 18 20 12
2 19 8 16
2 21 5 19
2 24 4 20
2 27 16 19
2 28 8 9
2 29 13 0
2 30 5 4
2 32 1 5
2 33 18 9
2 36 10 13
2 38 1 13
2 39 20 15
2 42 16 18
2 43 20 7
2 45 17 0
2 46 3 5
2 47 6 10
3 0 0 14
3 2 0 13
3 3 7 3
3 4 8 2
3 8 19 7
3 9 5 14
3 10 12 4
3 11 4 12
3 12 1 10
3 13 19 4
3 15 11 12
3 22 8 12
3 23 5 20
3 24 7 13
3 26 13 2
3 30 11 19
3 31 3 17
3 35 1 0
3 37 4 19
3 44 5 10
3 47 10 18
4 0 20 10
4 1 19 14
4 2 3 11
4 3 20 6
4 4 0 10
4 5 15 16
4 10 6 4
4 11 16 19
4 12 19 7
4 14 9 19
4 15 14 0
4 17 19 15
4 19 0 12
4 20 2 0
4 22 16 17
4 23 4 15
4 32 3 15
4 33 10 18
4 38 0 16
4 40 9 4
4 41 1 14
4 42 17 17
4 45 14 9
5 0 1 3
5 1 13 14
5 2 8 1
5 3 17 14
5 5 1 0
5 7 6 3
5 9 18 19
5 10 5 2
5 12 17 17
5 14 17 17
5 15 7 10
5 18 10 16
5 19 10 8
5 22 11 2
5 24 7 0
5 25 6 13
5 26 0 8
5 27 13 17
5 28 3 7
5 31 7 4
5 32 17 6
5 33 11 20
5 34 5 19
5 35 17 13
5 36 20 13
5 40 5 20
5 42 15 4
5 46 8 2
5 48 18 17
6 1 9 6
6 3 16 10
6 4 12 19
6 5 12 3
6 7 16 19
6 11 11 12
6 12 16 5
6 14 9 15
6 15 8 20
6 20 8 14
6 22 11 5
6 26 9 20
6 28 10 20
6 31 2 11
6 32 13 18
6 34 6 3
6 37 11 15
6 38 4 10
6 39 2 7
6 43 17 0
6 44 15 4
6 45 5 0
6 46 18 5
6 49 17 14
7 2 19 18
7 3 15 19
7 4 1 6
7 8 8 19
7 9 2 2
7 10 10 3
7 12 19 0
7 14 13 8
7 17 12 8
7 21 15 10
7 24 3 6
7 27 11 18
7 31 1 7
7 33 15 9
7 36 0 18
7 38 10 10
7 39 2 15
7 40 10 14
7 42 4 14
7 45 4 5
7 48 11 17
8 2 18 10
8 3 16 12
8 4 13 20
8 6 17 9
8 8 2 4
8 9 14 5
8 11 18 17
8 12 19 7
8 14 9 17
8 15 19 1
8 16 9 19
8 17 4 15
8 18 15 7
8 20 6 7
8 22 18 8
8 23 20 19
8 29 5 20
8 36 9 0
8 40 3 20
8 41 10 10
8 43 3 2
8 44 5 18
8 49 15 3
9 2 15 5
9 3 2 3
9 4 13 15
9 5 1 17
9 6 9 7
9 8 5 11
9 9 17 20
9 11 10 4
9 14 4 16
9 15 19 9
9 18 0 16
9 20 20 16
9 22 5 16
9 25 8 9
9 26 4 12
9 30 3 15
9 31 16 6
9 32 13 17
9 33 1 13
9 35 1 12
9 37 18 16
9 39 7 3
9 42 3 7
9 43 9 15
9 46 4 19
9 47 16 3
9 48 14 16
10 5 18 1
10 6 3 4
10 8 0 17
10 9 15 20
10 10 8 4
10 11 3 0
10 13 12 13
10 14 8 13
10 15 9 17
10 19 3 13
10 20 17 17
10 21 5 8
10 22 3 10
10 27 13 5
10 28 5 2
10 32 8 10
10 35 10 2
10 38 16 6
10 42 4 4
10 43 11 0
10 45 17 1
10 47 1 12
10 48 17 20
10 49 7 4
11 0 18 14
11 2 3 19
11 4 11 12
11 7 5 10
11 8 20 9
11 9 1 8
11 10 14 13
11 17 1 2
11 21 7 7
11 23 14 20
11 24 18 0
11 28 6 17
11 29 18 8
11 30 7 18
11 32 17 4
11 33 15 4
11 34 15 12
11 35 12 8
11 38 5 3
11 39 15 14
11 40 16 1
11 41 1 10
11 42 6 8
11 45 18 8
11 48 4 17
12 6 3 0
12 7 4 1
12 8 12 9
12 9 1 0
12 12 1 18
12 13 19 16
12 18 16 1
12 19 0 16
12 23 5 14
12 26 14 16
12 27 11 8
12 28 1 11
12 29 0 2
12 30 8 4
12 31 2 19
12 32 13 5
12 33 14 0
12 34 6 9
12 35 1 5
12 38 1 19
12 39 13 19
12 42 2 14
12 43 7 0
12 48 0 7
13 1 1 7
13 3 6 9
13 5 0 15
13 9 11 13
13 10 16 13
13 13 8 11
13 14 15 19
13 17 20 18
13 18 11 11
13 19 9 6
13 20 12 18
13 23 0 7
13 26 12 20
13 30 19 11
13 32 15 3
13 35 18 13
13 41 17 0
13 42 4 14
13 48 10 14
13 49 2 1
14 1 8 2
14 6 8 10
14 7 8 4
14 8 17 2
14 9 18 6
14 10 16 1
14 14 3 20
14 17 15 13
14 18 10 2
14 20 14 19
14 21 20 13
14 22 16 8
14 23 18 11
14 24 3 0
14 27 1 3
14 28 3 2
14 31 16 12
14 35 4 12
14 39 15 1
14 46 0 13
15 8 0 3
15 10 11 0
15 13 4 9
15 15 16 4
15 16 14 2
15 17 7 4
15 20 18 15
15 21 19 15
15 23 4 10
15 24 5 9
15 25 11 2
15 28 18 10
15 32 2 6
15 33 0 10
15 34 17 13
15 35 14 9
15 39 0 5
15 42 17 9
15 44 2 15
15 47 2 8
16 3 1 2
16 4 14 10
16 5 9 5
16 7 7 17
16 10 8 20
16 14 0 16
16 15 2 2
16 17 8 8
16 18 12 2
16 19 19 12
16 20 6 20
16 21 5 9
16 25 9 20
16 27 11 0
16 28 10 4
16 35 0 6
16 36 8 18
16 38 2 2
16 40 12 11
16 45 3 15
16 46 11 7
16 47 2 12
17 0 20 0
17 1 3 9
17 7 17 14
17 11 9 18
17 12 12 16
17 13 0 12
17 14 5 17
17 15 4 19
17 17 5 0
17 19 2 5
17 21 4 11
17 22 10 15
17 29 10 1
17 32 8 12
17 35 0 16
17 36 14 17
17 37 19 3
17 39 3 9
17 40 19 11
17 43 5 15
17 44 15 1
17 47 2 9
17 49 15 7
18 0 17 13
18 3 16 6
18 7 5 13
18 8 3 10
18 9 16 20
18 10 12 19
18 12 13 5
18 15 9 4
18 17 7 17
18 20 2 7
18 23 8 14
18 24 3 2
18 25 3 11
18 30 7 0
18 35 11 3
18 36 15 2
18 37 8 1
18 39 20 13
18 40 3 13
18 47 17 5
18 49 7 2
19 1 1 17
19 2 8 16
19 3 2 17
19 5 17 4
19 7 9 18
19 9 19 18
19 13 6 3
19 17 6 16
19 18 4 12
19 19 6 3
19 20 8 15
19 21 18 1
19 25 19 7
19 28 6 10
19 31 14 2
19 34 14 11
19 35 19 14
19 37 5 9
19 38 3 19
19 42 0 18
19 45 11 13
19 49 9 19
20 0 12 14
20 1 12 3
20 2 20 15
20 4 8 0
20 6 12 18
20 7 6 18
20 8 5 16
20 10 11 17
20 15 18 10
20 16 3 10
20 18 14 10
20 19 2 13
20 21 7 4
20 22 12 11
20 23 2 5
20 25 16 10
20 29 8 0
20 30 12 6
20 32 8 19
20 34 4 19
20 39 9 0
20 40 5 13
20 41 6 18
20 42 18 6
20 43 10 7
20 45 15 0
20 47 17 16
20 49 8 7
21 1 8 18
21 4 5 1
21 7 14 6
21 9 16 11
21 10 7 19
21 11 1 10
21 12 14 17
21 13 20 8
21 15 1 19
21 16 6 17
21 17 10 12
21 22 14 15
21 24 2 12
21 26 15 5
21 27 19 19
21 29 9 16
21 30 13 8
21 31 10 10
21 32 8 11
21 34 18 9
21 38 11 18
21 39 11 14
21 40 1 19
21 42 1 20
21 43 4 16
21 44 18 10
21 48 11 3
21 49 3 17
22 4 18 2
22 6 10 15
22 7 17 7
22 9 1 15
22 10 13 13
22 11 0 7
22 13 2 2
22 17 5 14
22 18 17 9
22 23 4 14
22 26 14 4
22 29 19 18
22 31 6 20
22 35 11 20
22 36 12 1
22 39 15 0
22 40 20 13
22 41 18 0
22 43 16 7
22 45 2 4
23 0 8 14
23 1 15 5
23 2 2 9
23 5 6 8
23 6 16 9
23 7 2 10
23 8 2 11
23 11 3 19
23 14 17 7
23 15 2 8
23 16 3 1
23 17 20 12
23 19 1 18
23 20 7 2
23 21 17 8
23 22 16 4
23 23 19 12
23 25 14 13
23 26 2 16
23 27 4 19
23 28 5 18
23 29 8 19
23 30 17 4
23 32 5 18
23 33 0 6
23 35 18 10
23 38 13 14
23 39 3 12
23 40 3 12
23 43 9 2
23 44 1 14
23 45 14 6
23 46 10 2
23 47 15 12
24 0 19 16
24 1 14 2
24 2 15 20
24 3 18 14
24 6 17 16
24 11 4 3
24 12 17 5
24 13 17 5
24 17 1 17
24 19 4 12
24 23 10 5
24 24 20 18
24 26 16 16
24 27 10 3
24 28 11 9
24 29 17 7
24 30 6 12
24 33 7 9
24 41 11 18
24 42 18 1
24 43 10 15
24 47 4 3
25 0 16 19
25 1 3 18
25 3 9 16
25 6 3 17
25 7 2 6
25 12 7 13
25 13 9 3
25 16 17 1
25 18 16 2
25 19 5 1
25 21 14 12
25 23 7 0
25 24 12 15
25 29 17 3
25 31 15 17
25 39 3 5
25 41 17 12
25 42 15 9
25 43 8 4
25 44 6 19
25 45 17 17
25 46 19 1
26 0 2 12
26 3 14 17
26 5 1 20
26 6 6 10
26 7 15 14
26 13 6 12
26 16 7 4
26 19 18 12
26 21 15 12
26 22 15 15
26 24 10 2
26 25 16 14
26 26 18 14
26 30 2 16
26 31 13 20
26 35 12 3
26 36 4 8
26 40 16 19
26 41 20 20
26 44 12 9
26 46 3 15
27 1 8 2
27 2 2 13
27 3 6 5
27 7 18 8
27 8 5 4
27 10 10 12
27 11 3 2
27 14 9 4
27 16 9 13
27 22 19 7
27 28 20 19
27 31 2 7
27 34 6 12
27 35 5 8
27 36 15 13
27 37 15 20
27 38 6 15
27 41 12 5
27 44 1 19
27 45 18 9
27 46 15 15
27 47 11 16
28 0 14 8
28 1 14 16
28 3 12 12
28 4 14 20
28 5 11 16
28 6 10 17
28 7 19 7
28 9 11 13
28 10 17 11
28 16 19 9
28 18 15 0
28 19 19 1
28 22 8 6
28 24 2 19
28 25 3 4
28 26 18 20
28 27 4 20
28 31 4 13
28 35 11 8
28 37 16 12
28 38 10 1
28 40 9 19
28 41 19 16
28 43 13 5
28 44 10 17
28 47 18 13
28 49 5 3
29 1 3 0
29 3 20 17
29 4 18 2
29 6 4 12
29 7 6 4
29 8 16 11
29 12 10 20
29 13 3 1
29 16 20 2
29 19 12 11
29 20 3 12
29 21 7 17
29 22 5 7
29 23 18 9
29 26 16 18
29 27 5 2
29 31 10 9
29 34 15 14
29 36 13 4
29 37 9 4
29 42 2 19
29 45 10 8
29 47 13 1
29 49 13 17
30 0 3 16
30 2 13 16
30 3 0 6
30 11 8 0
30 14 8 12
30 15 19 1
30 16 18 19
30 18 19 11
30 20 6 1
30 22 15 6
30 23 12 18
30 24 15 3
30 25 1 12
30 28 18 10
30 30 13 16
30 32 9 18
30 33 3 6
30 35 3 13
30 41 9 6
30 43 2 7
30 44 10 15
30 45 15 17
30 49 14 10
31 0 10 1
31 1 16 18
31 2 20 4
31 4 6 3
31 5 16 5
31 7 10 16
31 10 5 1
31 11 4 17
31 12 19 6
31 14 6 15
31 15 17 19
31 19 5 10
31 20 9 12
31 21 7 12
31 23 9 11
31 28 17 0
31 30 16 7
31 32 14 13
31 33 15 14
31 35 14 17
31 39 13 10
31 44 6 17
31 45 18 13
32 6 11 1
32 8 12 2
32 17 15 15
32 21 15 17
32 22 5 1
32 26 8 18
32 28 14 6
32 29 2 13
32 31 1 0
32 32 9 12
32 33 2 8
32 35 5 6
32 36 14 11
32 37 9 11
32 39 11 0
32 41 8 14
32 42 14 14
32 43 6 10
32 44 11 17
32 45 15 7
32 47 5 16
32 49 7 6
33 0 15 18
33 3 16 2
33 4 6 19
33 5 9 1
33 6 6 3
33 8 18 0
33 11 2 18
33 12 4 12
33 14 19 20
33 15 2 16
33 16 5 18
33 17 11 5
33 21 14 6
33 24 1 12
33 25 15 5
33 29 18 12
33 31 14 3
33 34 12 13
33 37 13 0
33 38 0 5
33 39 11 2
33 41 1 18
33 43 10 16
33 45 16 0
33 49 12 11
34 1 18 2
34 2 12 3
34 6 7 16
34 9 16 5
34 11 9 17
34 12 6 12
34 14 2 3
34 18 12 1
34 21 1 11
34 22 3 2
34 23 18 1
34 24 3 16
34 27 4 18
34 28 0 13
34 30 12 16
34 33 19 3
34 36 13 9
34 37 14 16
34 41 10 3
34 42 0 18
34 44 1 17
34 45 13 5
34 46 3 20
34 48 6 20
34 49 16 18
35 0 1 9
35 3 2 12
35 7 9 16
35 8 7 6
35 13 4 6
35 15 14 13
35 19 9 6
35 20 2 9
35 21 2 6
35 22 17 20
35 23 8 15
35 24 8 8
35 25 17 18
35 26 20 19
35 28 10 6
35 30 2 4
35 31 4 11
35 32 0 15
35 33 3 19
35 35 1 8
35 36 13 4
35 39 20 19
35 41 7 14
35 42 6 18
35 45 5 4
35 48 8 8
36 1 12 13
36 2 18 0
36 3 13 9
36 4 13 11
36 5 12 10
36 6 6 16
36 7 20 7
36 8 3 9
36 9 14 17
36 10 3 2
36 11 15 2
36 12 1 8
36 13 20 18
36 14 8 9
36 19 7 8
36 21 18 12
36 22 15 6
36 25 1 16
36 26 6 3
36 27 7 17
36 28 15 2
36 29 9 1
36 31 16 0
36 33 13 16
36 36 16 20
36 40 11 4
36 41 7 5
36 43 11 0
36 44 9 9
36 48 14 4
37 0 6 4
37 1 8 4
37 2 13 8
37 5 5 4
37 6 2 14
37 10 17 20
37 11 0 3
37 15 9 2
37 17 10 2
37 21 8 0
37 23 12 16
37 24 4 10
37 29 2 8
37 34 9 13
37 35 3 13
37 36 14 14
37 37 3 3
37 42 17 17
37 44 10 12
37 48 12 9
37 49 4 4
38 2 11 10
38 4 0 15
38 7 4 14
38 10 4 6
38 14 12 8
38 15 14 0
38 16 17 0
38 17 1 18
38 20 5 9
38 24 15 0
38 27 11 5
38 28 12 5
38 30 15 10
38 31 16 10
38 32 20 5
38 33 0 16
38 38 20 6
38 40 7 4
38 41 10 5
38 42 3 1
38 44 6 16
38 45 10 14
38 48 17 0
39 0 13 10
39 2 18 18
39 5 1 0
39 9 15 4
39 12 0 13
39 13 2 4
39 14 11 4
39 18 13 15
39 20 16 11
39 23 3 4
39 24 8 8
39 25 14 5
39 26 17 3
39 27 9 18
39 29 6 8
39 31 19 6
39 32 11 2
39 33 19 6
39 34 15 7
39 36 6 3
39 37 0 4
39 46 8 3
39 47 7 0
39 48 3 10
40 0 9 2
40 2 14 13
40 3 16 18
40 8 5 18
40 19 10 11
40 23 3 20
40 24 5 5
40 26 15 8
40 29 17 10
40 30 17 16
40 31 14 10
40 32 11 4
40 34 0 11
40 35 2 11
40 37 10 5
40 38 11 18
40 42 16 5
40 43 11 16
40 44 15 17
40 46 0 4
40 47 17 16
40 48 20 0
40 49 17 2
41 0 6 4
41 2 13 20
41 4 2 13
41 6 3 10
41 10 15 5
41 11 13 5
41 15 12 14
41 17 2 13
41 18 20 11
41 19 4 20
41 20 10 10
41 23 17 9
41 26 6 2
41 27 11 17
41 29 19 1
41 31 2 13
41 34 14 10
41 35 6 8
41 36 18 18
41 39 19 13
41 40 19 17
41 41 15 9
41 42 17 8
41 46 9 5
42 0 4 5
42 2 2 14
42 9 18 16
42 12 8 0
42 13 0 13
42 14 7 15
42 15 0 7
42 16 13 10
42 21 15 18
42 22 6 8
42 24 14 0
42 27 1 11
42 28 14 5
42 29 10 3
42 30 4 9
42 31 4 1
42 32 4 8
42 34 15 1
42 35 11 7
42 37 19 14
42 38 2 20
42 39 12 1
42 45 17 0
42 47 7 4
43 1 8 18
43 2 18 12
43 8 1 18
43 11 15 17
43 14 19 19
43 20 12 17
43 21 12 2
43 22 14 11
43 23 13 11
43 25 16 7
43 26 12 13
43 33 4 4
43 34 9 5
43 36 0 3
43 39 1 11
43 40 12 8
43 41 12 4
43 42 15 13
43 43 14 10
43 44 16 18
43 46 8 18
43 48 13 19
43 49 0 16
44 1 14 7
44 2 4 0
44 6 5 12
44 9 7 7
44 13 16 4
44 22 1 1
44 23 14 18
44 24 13 2
44 26 4 16
44 28 9 2
44 32 17 5
44 35 17 3
44 36 20 11
44 37 20 0
44 38 17 3
44 40 14 7
44 41 1 8
44 44 8 19
44 46 15 18
45 0 12 3
45 2 5 6
45 5 10 5
45 9 5 2
45 11 4 9
45 12 16 1
45 13 6 14
45 14 20 12
45 16 20 11
45 20 8 18
45 22 12 2
45 25 13 16
45 27 4 19
45 29 4 15
45 32 2 17
45 33 12 11
45 34 15 11
45 35 16 0
45 38 2 18
45 39 13 6
45 40 9 8
45 43 19 5
45 48 16 19
46 2 14 3
46 3 18 12
46 4 3 0
46 5 10 15
46 6 8 18
46 7 5 14
46 8 14 8
46 11 1 1
46 12 6 6
46 13 11 9
46 14 1 12
46 15 2 4
46 18 1 16
46 20 7 19
46 21 13 17
46 23 19 10
46 27 12 9
46 31 14 6
46 32 17 8
46 34 15 9
46 35 13 16
46 36 2 15
46 39 9 17
46 40 12 9
46 41 17 5
46 42 3 13
46 43 12 18
46 45 19 2
47 1 0 18
47 6 15 12
47 8 6 0
47 9 14 0
47 10 0 14
47 11 3 10
47 12 17 16
47 14 3 7
47 18 12 5
47 19 18 9
47 22 19 3
47 25 4 9
47 26 11 20
47 28 11 19
47 29 19 2
47 33 6 1
47 36 7 4
47 37 20 2
47 39 14 16
47 40 9 19
47 41 14 11
47 43 10 20
47 45 20 10
47 46 20 4
47 48 18 12
48 2 9 2
48 3 6 1
48 4 3 3
48 5 15 9
48 7 17 12
48 9 17 2
48 10 15 4
48 11 1 11
48 12 19 16
48 14 16 4
48 15 18 12
48 16 9 9
48 17 8 8
48 18 4 13
48 23 6 12
48 26 11 17
48 27 19 8
48 32 20 7
48 35 2 20
48 37 19 15
48 48 4 1
48 49 19 15
49 1 14 7
49 2 18 3
49 4 15 10
49 5 0 2
49 8 5 4
49 17 11 16
49 18 9 5
49 20 12 4
49 21 12 9
49 23 18 7
49 25 17 2
49 26 12 17
49 27 19 5
49 28 15 15
49 31 2 19
49 32 5 1
49 33 0 9
49 35 0 14
49 36 6 11
49 37 8 9
49 39 2 19
49 40 16 10
49 41 9 1
49 45 19 0
49 46 11 0
49 47 12 16
