50
2
0 2 19 15
0 4 16 10
0 5 15 20
0 7 2 7
0 8 5 8
0 10 6 12
0 14 9 1
0 15 3 12
0 17 15 18
0 18 17 17
0 19 2 0
0 20 6 4
0 21 12 16
0 24 6 1
0 25 12 7
0 26 2 6
0 27 2 10
0 28 5 7
0 29 18 20
0 34 7 19
0 35 9 6
0 36 1 9
0 38 19 1
0 40 18 2
0 42 0 20
0 44 17 9
0 46 9 1
0 49 20 3
1 1 4 6
1 2 1 4
1 8 14 15
1 10 15 14
1 11 15 0
1 13 14 16
1 14 1 16
1 17 0 11
1 19 17 6
1 21 14 3
1 22 9 16
1 24 17 1
1 28 12 13
1 29 8 0
1 32 13 7
1 33 11 7
1 35 0 15
1 36 17 19
1 37 11 1
1 41 17 10
1 42 19 6
1 44 15 3
1 47 1 3
1 48 10 16
1 49 20 4
2 3 2 8
2 5 17 18
2 6 3 16
2 10 9 11
2 12 15 2
2 13 14 18
2 14 18 8
2 15 16 19
2 17 11 13
2 18 20 17
2 19 10 15
2 20 1 16
2 22 8 1
2 23 15 15
2 24 13 13
2 25 4 17
2 28 16 1
2 29 5 11
2 31 20 11
2 33 15 9
2 37 8 18
2 38 19 19
2 40 2 16
2 41 5 13
2 42 4 9
2 49 1 14
3 2 12 8
3 3 9 20
3 5 9 7
3 6 12 0
3 7 11 9
3 9 2 16
3 10 19 1
3 11 5 20
3 13 20 12
3 16 8 15
3 17 3 10
3 18 17 10
3 19 10 19
3 20 0 5
3 21 12 9
3 25 13 2
3 26 20 17
3 30 0 16
3 34 14 9
3 35 19 12
3 43 1 18
3 44 16 20
3 47 10 0
3 48 14 3
4 1 3 13
4 6 13 7
4 9 9 13
4 13 7 2
4 17 8 0
4 18 14 20
4 19 12 11
4 21 0 17
4 23 19 4
4 25 18 16
4 29 1 15
4 31 13 2
4 33 8 15
4 34 4 0
4 36 11 6
4 40 0 1
4 41 1 18
4 42 15 4
4 43 18 15
4 44 11 20
4 48 14 4
4 49 19 6
5 2 6 4
5 3 0 3
5 10 3 15
5 11 1 6
5 12 14 4
5 15 7 7
5 16 19 10
5 24 10 14
5 25 12 7
5 26 17 16
5 27 3 6
5 29 2 0
5 30 16 0
5 32 12 17
5 34 7 4
5 36 9 1
5 38 12 20
5 39 2 10
5 40 19 14
5 43 18 0
5 44 8 8
5 46 5 6
5 49 7 6
6 0 0 20
6 1 14 9
6 2 0 18
6 3 7 2
6 4 20 8
6 5 4 2
6 6 15 5
6 7 1 15
6 9 8 3
6 11 13 17
6 12 11 17
6 15 3 17
6 17 8 18
6 18 4 11
6 19 8 8
6 20 2 6
6 21 5 14
6 22 8 19
6 24 12 11
6 25 8 10
6 26 0 16
6 30 3 1
6 34 16 15
6 35 12 18
6 37 15 20
6 39 16 4
6 43 4 2
6 44 18 9
6 47 3 12
6 48 7 9
6 49 13 20
7 0 9 15
7 1 15 9
7 3 0 19
7 5 16 16
7 6 16 12
7 8 0 8
7 11 7 3
7 14 15 18
7 15 10 8
7 16 5 6
7 17 19 5
7 18 3 13
7 19 17 13
7 20 11 12
7 21 16 18
7 23 3 11
7 24 18 16
7 25 15 12
7 26 3 7
7 29 10 0
7 31 9 0
7 34 7 11
7 35 3 2
7 36 13 17
7 39 6 1
7 41 16 2
7 43 14 3
7 44 17 0
7 46 4 7
7 47 19 13
8 1 3 12
8 2 16 20
8 4 19 9
8 5 16 20
8 7 10 5
8 8 19 4
8 12 12 19
8 14 9 10
8 16 8 5
8 17 8 10
8 19 5 15
8 20 16 13
8 21 8 6
8 22 13 16
8 24 10 10
8 25 18 14
8 26 6 15
8 27 20 17
8 28 16 17
8 31 0 1
8 33 3 0
8 35 9 2
8 37 0 5
8 39 16 17
8 40 4 11
8 43 5 10
8 49 15 15
9 0 15 14
9 3 3 13
9 7 9 19
9 9 20 0
9 11 13 20
9 12 19 3
9 13 3 12
9 15 6 4
9 16 3 13
9 18 1 12
9 19 4 5
9 21 17 8
9 23 13 17
9 24 18 4
9 26 3 3
9 28 12 5
9 34 8 8
9 36 8 13
9 37 20 9
9 43 13 1
9 44 14 6
9 47 7 11
9 49 20 7
10 0 2 17
10 2 0 17
10 4 15 18
10 7 19 1
10 13 4 20
10 14 17 3
10 15 19 3
10 17 10 20
10 18 19 7
10 24 1 5
10 26 10 3
10 27 4 2
10 28 20 9
10 29 13 8
10 30 12 6
10 31 13 4
10 32 2 2
10 33 2 6
10 35 13 9
10 38 20 10
10 40 3 1
10 45 8 6
11 1 5 16
11 3 6 14
11 4 7 7
11 5 8 20
11 7 7 4
11 8 11 5
11 10 4 7
11 11 7 9
11 12 13 15
11 13 8 2
11 15 0 7
11 17 19 15
11 18 14 16
11 20 7 8
11 22 10 16
11 24 11 19
11 26 18 4
11 32 9 12
11 35 17 8
11 37 19 10
11 39 13 1
11 45 20 12
11 48 10 9
11 49 1 15
12 0 13 20
12 3 8 10
12 4 19 20
12 6 4 20
12 7 4 15
12 8 9 3
12 9 4 1
12 10 0 9
12 11 3 20
12 12 19 0
12 14 20 10
12 15 19 1
12 18 19 5
12 19 6 7
12 20 14 4
12 21 11 9
12 22 16 1
12 24 19 14
12 25 7 6
12 26 17 17
12 29 11 14
12 31 9 0
12 32 20 19
12 36 16 13
12 37 4 7
12 39 0 3
12 42 13 4
12 44 17 8
12 46 8 8
12 47 10 9
12 48 17 10
13 0 9 20
13 6 14 6
13 8 2 20
13 13 8 12
13 16 6 3
13 17 10 0
13 18 10 0
13 21 5 17
13 22 10 4
13 23 1 14
13 24 16 15
13 25 19 20
13 26 8 1
13 27 9 7
13 31 18 1
13 35 16 19
13 36 14 11
13 37 2 2
13 39 15 5
13 44 9 18
13 45 16 5
13 46 14 10
13 49 9 16
14 1 17 18
14 4 14 3
14 5 16 13
14 6 17 17
14 10 4 8
14 13 7 10
14 14 10 20
14 15 3 11
14 18 13 0
14 20 19 15
14 21 6 10
14 24 10 4
14 26 15 1
14 28 18 0
14 30 8 19
14 32 1 3
14 33 6 0
14 34 4 5
14 39 4 0
14 40 20 1
14 42 20 18
14 43 15 3
14 45 20 7
14 46 11 18
14 47 6 19
14 49 5 18
15 2 15 6
15 3 12 17
15 5 18 1
15 7 17 1
15 15 18 9
15 23 2 1
15 27 5 18
15 29 9 10
15 31 13 12
15 32 20 2
15 33 9 9
15 34 16 18
15 36 0 18
15 37 16 5
15 40 3 2
15 41 6 9
15 42 13 14
15 43 17 3
15 44 8 0
15 45 16 10
15 49 5 1
16 2 12 18
16 4 7 12
16 5 15 5
16 6 0 16
16 7 8 3
16 8 19 18
16 11 3 16
16 12 8 2
16 13 14 20
16 15 19 19
16 16 17 4
16 18 7 8
16 19 15 18
16 21 4 18
16 24 14 14
16 25 6 10
16 28 14 6
16 29 17 9
16 34 14 17
16 35 20 3
16 36 12 11
16 37 18 18
16 39 5 20
16 42 3 0
16 43 20 18
16 44 6 6
16 48 15 3
17 0 10 1
17 3 16 6
17 4 18 14
17 5 1 19
17 6 11 13
17 7 2 10
17 9 8 7
17 10 8 4
17 11 6 9
17 13 12 2
17 14 20 15
17 16 7 0
17 17 7 20
17 20 18 8
17 21 8 12
17 24 3 4
17 27 16 14
17 28 2 2
17 29 3 2
17 30 0 2
17 33 10 20
17 35 1 0
17 37 16 17
17 38 14 17
17 39 10 18
17 40 9 12
17 43 19 14
17 44 4 17
17 45 11 12
17 46 19 0
17 47 6 13
17 48 16 8
17 49 14 13
18 1 3 19
18 2 0 1
18 3 17 3
18 4 18 6
18 6 7 10
18 7 16 18
18 9 1 20
18 11 20 14
18 12 7 2
18 15 11 10
18 16 16 18
18 18 6 3
18 20 13 4
18 22 9 10
18 24 2 14
18 25 1 10
18 30 9 2
18 32 6 4
18 36 19 18
18 38 0 11
18 39 6 18
18 41 10 6
18 42 2 1
18 45 13 9
18 46 17 9
18 48 20 4
19 0 9 6
19 2 13 1
19 3 17 12
19 4 17 18
19 5 12 8
19 6 4 15
19 9 11 0
19 10 17 2
19 13 10 13
19 14 12 19
19 15 7 3
19 17 0 8
19 19 0 5
19 20 8 14
19 23 15 14
19 24 6 11
19 26 17 7
19 29 2 18
19 32 4 5
19 33 5 16
19 40 4 20
19 43 3 10
19 44 6 6
19 45 18 14
19 49 20 19
20 1 14 20
20 3 9 18
20 5 8 17
20 7 20 9
20 8 10 7
20 9 1 5
20 11 3 9
20 12 8 3
20 13 17 7
20 14 3 1
20 16 0 4
20 23 11 10
20 26 20 11
20 28 10 4
20 29 6 1
20 32 7 15
20 36 13 14
20 37 5 8
20 38 2 11
20 39 14 15
20 41 19 5
20 42 14 19
20 48 13 18
20 49 13 18
21 3 17 2
21 4 18 14
21 6 9 9
21 8 7 1
21 10 16 17
21 13 15 19
21 15 5 14
21 16 11 5
21 18 13 4
21 23 11 8
21 26 9 12
21 28 17 18
21 29 12 5
21 30 5 11
21 32 0 5
21 33 12 13
21 34 9 18
21 35 16 4
21 36 11 12
21 37 14 17
21 40 19 19
21 41 5 9
21 42 19 12
21 43 19 10
21 45 17 17
21 48 13 6
22 0 7 9
22 1 9 3
22 2 5 17
22 3 16 16
22 6 10 19
22 9 17 10
22 10 1 12
22 11 15 1
22 12 8 20
22 14 2 14
22 21 5 10
22 24 15 11
22 25 18 13
22 27 5 15
22 30 5 8
22 32 3 0
22 33 17 20
22 34 5 5
22 36 14 10
22 37 3 9
22 38 12 13
22 40 4 10
22 42 17 14
22 43 8 5
22 44 17 18
22 46 19 7
22 49 10 5
23 0 0 5
23 1 18 17
23 5 12 12
23 6 2 1
23 8 7 2
23 10 1 1
23 14 8 9
23 17 15 6
23 20 11 12
23 22 9 15
23 24 13 5
23 28 9 2
23 32 20 13
23 36 16 14
23 37 6 19
23 38 7 7
23 39 17 20
23 41 4 17
23 42 20 20
23 43 8 1
23 46 15 11
23 47 8 0
23 48 6 2
24 0 17 20
24 4 3 6
24 6 15 9
24 9 12 10
24 10 14 5
24 14 14 0
24 15 1 7
24 16 11 17
24 19 13 1
24 20 2 18
24 22 5 2
24 23 5 1
24 25 2 20
24 26 7 11
24 27 15 16
24 28 6 14
24 30 12 16
24 31 2 12
24 35 11 4
24 36 11 7
24 38 13 1
24 41 10 18
24 46 14 16
24 48 6 20
25 0 16 3
25 1 18 2
25 2 15 12
25 3 17 2
25 5 12 14
25 8 6 17
25 13 14 1
25 14 15 16
25 15 19 15
25 21 11 8
25 22 8 17
25 23 0 6
25 24 15 3
25 25 6 12
25 27 20 0
25 28 5 0
25 33 18 6
25 34 9 14
25 35 5 17
25 36 2 13
25 37 18 20
25 40 14 2
25 43 0 14
25 45 6 10
25 46 5 0
25 47 0 20
25 48 16 0
26 0 2 9
26 1 10 16
26 3 2 0
26 4 18 18
26 5 15 17
26 6 8 15
26 10 13 16
26 11 12 16
26 17 14 1
26 18 2 17
26 19 14 10
26 20 13 12
26 21 9 18
26 22 9 16
26 23 20 11
26 25 7 14
26 26 2 4
26 28 18 6
26 29 8 1
26 30 12 10
26 32 12 5
26 33 20 12
26 38 0 13
26 39 3 6
26 41 18 1
26 45 3 4
26 47 1 19
26 49 3 11
27 0 15 1
27 1 2 9
27 2 19 7
27 3 11 9
27 9 8 1
27 11 2 15
27 13 12 12
27 14 6 17
27 16 19 19
27 18 17 3
27 21 20 11
27 22 12 0
27 24 15 14
27 26 7 0
27 27 8 4
27 29 4 15
27 31 7 2
27 32 0 3
27 33 8 1
27 35 16 20
27 37 14 4
27 42 12 0
27 46 20 19
27 48 5 18
28 5 16 7
28 10 6 12
28 12 18 3
28 14 3 16
28 15 11 6
28 17 7 4
28 18 7 2
28 21 2 8
28 22 2 1
28 25 12 20
28 30 5 0
28 31 8 13
28 34 15 19
28 35 4 7
28 37 10 7
28 38 16 13
28 39 12 13
28 41 12 12
28 43 7 20
28 47 12 8
28 48 18 2
29 0 15 6
29 2 12 17
29 3 6 6
29 4 16 8
29 5 18 4
29 6 5 16
29 7 18 5
29 9 4 20
29 10 5 17
29 15 3 15
29 16 4 9
29 17 11 1
29 20 9 13
29 21 10 13
29 23 5 8
29 24 7 13
29 26 4 4
29 29 4 12
29 31 3 0
29 32 0 9
29 37 14 14
29 38 3 0
29 39 17 7
29 41 12 4
29 44 19 14
29 47 12 3
29 48 20 17
30 0 12 17
30 4 17 1
30 9 2 17
30 10 0 13
30 16 19 2
30 17 0 9
30 18 3 10
30 23 11 16
30 25 15 6
30 28 7 9
30 30 10 3
30 31 17 2
30 32 13 14
30 34 8 13
30 37 20 1
30 38 3 20
30 40 11 8
30 42 19 20
30 43 6 12
30 46 17 19
30 47 14 1
30 48 11 1
31 1 11 1
31 2 10 6
31 3 2 8
31 7 15 8
31 8 3 7
31 10 0 14
31 16 13 10
31 17 13 11
31 20 0 14
31 21 12 7
31 22 7 14
31 23 15 9
31 24 0 15
31 25 14 14
31 26 12 11
31 27 3 2
31 32 12 3
31 33 17 17
31 34 8 13
31 36 1 20
31 37 4 20
31 39 12 14
31 41 5 6
31 42 5 7
31 45 9 3
31 47 13 16
31 49 3 4
32 1 2 9
32 5 2 16
32 7 17 20
32 8 20 0
32 10 12 9
32 11 19 20
32 19 18 13
32 21 9 0
32 22 9 7
32 24 12 11
32 26 10 2
32 27 14 2
32 34 15 9
32 35 15 2
32 37 13 16
32 38 10 10
32 39 15 1
32 42 5 2
32 44 9 1
32 48 15 10
32 49 5 3
33 3 18 6
33 6 11 9
33 13 9 7
33 14 15 13
33 15 12 17
33 17 15 14
33 18 8 15
33 19 17 20
33 20 6 18
33 23 18 7
33 24 0 16
33 26 19 1
33 28 4 0
33 30 12 5
33 31 18 6
33 35 13 20
33 37 3 19
33 39 11 7
33 45 8 16
33 46 9 12
33 47 2 18
34 0 16 4
34 1 3 11
34 2 7 0
34 5 8 5
34 9 19 14
34 10 7 6
34 15 12 11
34 16 13 4
34 19 5 16
34 20 3 10
34 25 16 4
34 26 15 17
34 27 15 20
34 29 7 19
34 31 3 11
34 32 12 2
34 34 18 17
34 36 10 8
34 37 7 11
34 40 5 12
34 41 11 10
34 42 14 2
34 43 1 18
34 47 3 6
34 48 14 14
34 49 13 4
35 0 16 12
35 2 19 11
35 7 9 13
35 8 12 15
35 9 9 13
35 11 2 8
35 13 11 16
35 14 9 20
35 15 6 19
35 16 0 18
35 18 0 19
35 19 13 10
35 20 17 16
35 23 1 10
35 28 9 16
35 31 6 11
35 34 12 12
35 35 4 4
35 36 4 15
35 37 15 11
35 38 5 1
35 40 8 11
35 43 16 3
35 45 17 14
35 49 4 2
36 2 12 18
36 4 13 5
36 9 11 1
36 10 0 11
36 11 2 15
36 12 5 10
36 13 5 11
36 16 10 11
36 17 11 1
36 18 13 7
36 19 5 14
36 22 18 15
36 24 14 18
36 27 15 0
36 28 20 4
36 30 0 8
36 31 20 1
36 37 4 10
36 38 12 13
36 39 5 2
36 40 12 16
36 42 12 2
36 45 14 0
36 48 2 20
37 0 11 7
37 1 18 20
37 7 14 9
37 8 8 17
37 9 2 10
37 10 15 8
37 11 16 0
37 13 5 15
37 14 17 0
37 16 8 6
37 17 4 8
37 18 17 6
37 20 4 2
37 25 7 20
37 26 15 2
37 28 8 0
37 29 0 12
37 30 13 9
37 31 4 2
37 33 10 0
37 34 19 17
37 37 19 0
37 44 1 11
37 46 18 4
37 48 0 10
37 49 1 8
38 1 6 0
38 2 17 20
38 4 16 8
38 5 1 16
38 7 8 17
38 9 16 0
38 10 15 5
38 15 15 20
38 17 4 14
38 18 1 3
38 21 0 14
38 22 9 1
38 23 12 14
38 24 4 13
38 25 14 3
38 27 4 0
38 29 14 9
38 39 6 3
38 41 5 1
39 0 12 9
39 1 5 3
39 3 13 15
39 4 19 11
39 6 10 20
39 7 10 8
39 8 6 15
39 9 16 7
39 10 3 5
39 12 13 0
39 13 2 15
39 14 11 3
39 15 5 19
39 16 14 8
39 17 7 2
39 19 0 1
39 21 3 12
39 24 9 12
39 25 20 7
39 28 13 14
39 29 11 15
39 32 14 15
39 34 8 6
39 39 0 11
39 40 16 12
39 44 14 3
39 45 11 3
39 49 2 19
40 0 14 14
40 1 19 13
40 7 11 6
40 8 15 15
40 9 17 0
40 11 2 5
40 20 16 11
40 21 13 10
40 22 15 1
40 23 3 1
40 25 1 15
40 26 13 12
40 29 4 1
40 32 8 14
40 33 8 12
40 34 3 13
40 36 4 8
40 38 14 4
40 43 3 3
40 44 19 5
40 46 15 4
40 48 2 20
40 49 8 5
41 0 17 10
41 1 6 15
41 2 20 13
41 3 1 17
41 4 13 8
41 9 18 5
41 12 2 4
41 13 9 9
41 15 3 4
41 16 10 0
41 18 6 4
41 21 0 14
41 22 3 1
41 23 14 16
41 24 10 14
41 25 2 14
41 26 11 4
41 27 8 3
41 28 4 1
41 29 14 3
41 31 13 0
41 32 13 17
41 33 8 11
41 38 9 8
41 39 7 5
41 40 11 19
41 41 17 7
41 44 8 19
41 46 10 16
41 47 11 19
41 49 20 9
42 0 5 2
42 1 10 4
42 5 5 2
42 7 12 9
42 8 6 12
42 9 9 5
42 10 14 4
42 11 16 18
42 12 20 10
42 16 5 0
42 17 3 0
42 18 10 8
42 19 20 5
42 22 7 6
42 26 4 15
42 28 1 12
42 29 9 14
42 30 17 9
42 31 14 15
42 32 3 2
42 33 6 15
42 34 2 1
42 36 17 6
42 37 17 11
42 39 12 11
42 42 19 17
42 44 9 10
43 0 4 7
43 1 14 6
43 3 3 18
43 4 2 2
43 5 20 13
43 8 5 19
43 9 20 6
43 14 10 6
43 15 13 19
43 19 7 19
43 20 13 12
43 21 5 5
43 22 19 7
43 23 20 14
43 24 6 12
43 25 11 8
43 27 16 13
43 30 6 4
43 31 11 16
43 32 14 8
43 34 0 9
43 36 18 10
43 40 20 0
43 43 14 13
43 46 9 5
43 49 18 17
44 0 5 16
44 1 2 8
44 2 8 18
44 3 18 0
44 4 17 0
44 5 3 3
44 7 13 1
44 8 4 19
44 10 12 12
44 11 11 8
44 12 17 19
44 13 2 19
44 14 0 5
44 15 6 5
44 18 6 18
44 20 16 7
44 21 5 6
44 22 7 0
44 24 17 6
44 25 5 20
44 26 15 7
44 29 20 14
44 30 3 7
44 33 12 5
44 43 3 18
44 44 3 17
44 45 5 4
44 46 18 19
44 47 2 0
44 48 4 11
45 1 6 1
45 2 15 3
45 3 1 14
45 4 8 19
45 5 8 6
45 7 19 4
45 8 3 8
45 9 13 11
45 11 16 1
45 12 11 18
45 14 0 2
45 15 20 19
45 17 6 11
45 18 7 4
45 21 15 5
45 22 11 14
45 23 20 11
45 24 10 8
45 26 11 2
45 29 1 2
45 30 17 5
45 31 3 18
45 36 13 4
45 37 12 4
45 38 17 11
45 40 2 6
45 41 5 3
45 42 7 8
45 44 16 2
45 47 2 5
46 4 6 4
46 5 1 10
46 6 8 11
46 9 4 4
46 12 17 7
46 13 13 3
46 14 13 0
46 16 7 7
46 18 15 11
46 19 3 5
46 21 15 16
46 23 2 0
46 24 4 14
46 26 6 15
46 27 19 6
46 28 1 8
46 32 0 0
46 34 3 5
46 36 2 10
46 38 1 5
46 39 20 15
46 40 20 9
46 44 1 13
47 1 19 19
47 5 9 5
47 6 14 17
47 7 5 15
47 8 19 0
47 11 8 3
47 13 1 1
47 14 5 1
47 15 4 11
47 16 5 15
47 20 10 13
47 21 19 19
47 23 5 4
47 24 3 13
47 25 8 16
47 26 17 10
47 28 9 19
47 31 9 13
47 33 14 20
47 34 10 11
47 35 17 4
47 37 0 15
47 38 13 0
47 41 12 12
47 42 14 0
47 44 1 8
47 45 16 8
47 46 1 14
47 47 20 18
47 49 8 6
48 0 14 14
48 2 11 0
48 3 3 13
48 5 9 14
48 8 12 15
48 9 9 10
48 10 6 2
48 11 13 16
48 13 19 0
48 14 17 15
48 15 17 17
48 20 19 13
48 21 3 15
48 22 18 1
48 23 15 11
48 25 8 17
48 28 9 16
48 31 2 13
48 34 6 11
48 38 1 5
48 40 9 8
48 44 20 17
48 49 19 0
49 1 12 20
49 4 3 3
49 6 6 0
49 7 10 13
49 9 11 6
49 14 20 9
49 15 2 1
49 16 8 15
49 17 10 7
49 24 5 3
49 25 20 10
49 33 12 4
49 35 15 17
49 38 20 15
49 39 9 5
49 42 19 2
49 43 9 11
49 46 20 10
49 49 11 5
