50
2
0 0 12 16
0 1 5 16
0 3 16 15
0 4 14 16
0 5 20 0
0 7 3 7
0 8 20 10
0 9 1 15
0 10 0 19
0 12 8 7
0 18 8 0
0 19 18 15
0 21 11 9
0 22 2 4
0 24 19 3
0 30 16 12
0 32 4 17
0 33 17 14
0 34 0 5
0 35 1 16
0 36 17 18
0 40 17 0
0 43 19 10
0 48 7 9
1 5 8 11
1 8 1 11
1 9 0 9
1 12 13 3
1 13 8 2
1 14 8 4
1 15 5 1
1 17 1 3
1 18 10 13
1 26 12 2
1 27 0 3
1 32 6 3
1 35 3 17
1 38 14 10
1 39 7 18
1 42 5 10
1 43 11 9
1 44 0 20
1 47 4 5
2 0 20 18
2 1 10 5
2 2 20 5
2 5 17 3
2 6 5 4
2 9 0 4
2 10 6 5
2 11 11 16
2 17 14 10
2 18 6 15
2 19 1 17
2 21 2 14
2 23 19 6
2 24 3 15
2 26 4 6
2 27 11 0
2 29 12 8
2 30 12 0
2 31 7 12
2 35 20 11
2 36 4 18
2 40 12 6
2 42 10 17
2 44 5 15
2 45 12 2
2 47 2 1
2 49 12 9
3 2 2 19
3 5 5 4
3 6 5 17
3 7 1 3
3 9 9 0
3 17 16 20
3 18 9 1
3 21 15 3
3 24 12 10
3 28 0 17
3 29 4 4
3 31 8 6
3 32 12 8
3 33 1 13
3 34 6 6
3 36 7 12
3 41 9 9
3 45 4 9
3 49 15 17
4 0 18 12
4 4 14 1
4 5 20 1
4 6 7 12
4 8 13 3
4 10 4 5
4 14 0 4
4 15 4 19
4 16 17 15
4 17 13 9
4 19 0 0
4 21 4 1
4 22 2 15
4 25 1 7
4 27 19 11
4 28 4 20
4 34 7 18
4 36 8 10
4 37 8 20
4 38 1 2
4 44 12 3
4 45 11 5
4 46 11 12
4 48 20 17
5 1 11 19
5 2 12 15
5 3 8 14
5 5 0 12
5 6 18 6
5 7 9 16
5 9 20 10
5 11 20 9
5 12 1 12
5 13 7 6
5 14 19 13
5 15 18 16
5 17 9 13
5 21 7 13
5 26 12 8
5 27 20 20
5 29 1 4
5 32 9 4
5 33 20 17
5 34 2 8
5 37 17 0
5 38 0 10
5 39 13 1
5 40 2 15
5 41 1 3
5 46 15 18
5 49 6 7
6 0 3 15
6 5 10 7
6 8 15 18
6 9 7 6
6 11 20 5
6 12 10 6
6 14 7 15
6 15 3 5
6 16 11 5
6 17 3 6
6 19 18 4
6 20 10 4
6 21 4 3
6 22 19 8
6 23 16 17
6 24 0 4
6 25 14 2
6 26 0 2
6 28 10 15
6 29 7 12
6 30 13 7
6 31 20 18
6 33 9 14
6 34 16 13
6 36 20 8
6 37 8 11
6 40 1 12
6 41 8 12
6 42 3 10
6 44 3 8
6 45 17 16
7 1 20 7
7 2 16 14
7 3 20 13
7 4 19 2
7 5 4 13
7 6 14 2
7 7 10 6
7 8 16 6
7 9 16 11
7 10 12 20
7 13 1 9
7 14 5 19
7 15 0 4
7 16 16 16
7 19 13 4
7 21 4 17
7 22 15 18
7 24 16 14
7 26 5 7
7 27 12 13
7 28 18 4
7 29 5 18
7 30 16 15
7 33 9 1
7 35 13 3
7 40 12 15
7 41 4 17
7 42 15 8
7 45 3 6
7 47 6 14
7 48 8 18
8 4 3 7
8 5 9 3
8 8 20 7
8 11 20 12
8 13 11 17
8 15 14 13
8 17 9 3
8 19 17 13
8 20 17 4
8 21 17 16
8 23 10 1
8 24 9 15
8 26 12 2
8 27 13 10
8 29 6 4
8 31 17 16
8 33 12 8
8 34 4 13
8 35 8 20
8 36 2 1
8 39 9 14
8 41 1 16
8 44 11 3
8 45 19 16
8 46 7 6
8 47 7 8
8 48 5 8
8 49 7 8
9 0 15 2
9 3 3 17
9 4 8 16
9 6 0 15
9 11 6 8
9 12 16 0
9 13 19 6
9 14 16 4
9 16 19 20
9 17 8 20
9 22 13 19
9 24 2 7
9 26 2 6
9 27 0 15
9 28 5 10
9 29 17 13
9 37 7 19
9 38 4 5
9 40 19 11
9 41 12 1
9 42 8 2
9 43 15 12
9 44 6 15
9 45 11 1
9 46 4 3
9 47 15 6
10 1 0 12
10 2 20 0
10 5 18 4
10 6 16 7
10 7 19 6
10 8 15 18
10 11 1 20
10 20 10 17
10 22 6 5
10 28 14 20
10 30 0 15
10 33 13 0
10 34 18 3
10 37 16 13
10 38 19 12
10 40 13 15
10 41 17 6
10 42 17 2
10 45 14 7
10 49 19 4
11 0 17 4
11 1 3 13
11 3 2 4
11 10 5 19
11 13 5 15
11 15 8 15
11 17 5 2
11 19 18 5
11 24 13 6
11 26 18 0
11 28 18 11
11 31 5 8
11 35 17 3
11 39 15 9
11 40 8 6
11 43 14 10
11 45 11 5
11 46 12 8
11 47 12 13
11 48 7 17
11 49 10 9
12 3 3 18
12 4 6 2
12 5 1 20
12 9 14 12
12 12 10 14
12 15 12 13
12 19 19 7
12 20 7 20
12 21 6 11
12 22 16 13
12 24 5 10
12 26 5 0
12 27 3 1
12 29 15 13
12 30 9 8
12 31 7 4
12 32 12 14
12 33 11 7
12 37 0 14
12 38 13 10
12 39 3 3
12 40 1 7
12 43 3 7
12 44 10 4
12 46 12 1
12 48 19 14
12 49 19 14
13 0 14 12
13 2 16 12
13 4 15 5
13 6 8 19
13 8 8 19
13 10 17 17
13 11 1 2
13 15 2 0
13 16 8 18
13 18 9 16
13 21 11 12
13 23 4 0
13 30 18 1
13 38 13 9
13 41 11 16
13 42 18 9
13 43 12 2
13 49 0 6
14 1 15 0
14 3 2 12
14 8 8 14
14 9 19 3
14 11 8 16
14 12 3 9
14 13 12 4
14 14 1 5
14 18 12 6
14 22 5 8
14 27 17 18
14 29 17 18
14 30 6 5
14 31 5 5
14 32 13 11
14 33 6 2
14 39 11 8
14 43 12 19
14 45 5 6
14 47 9 14
15 1 4 11
15 2 18 15
15 3 15 14
15 4 18 2
15 5 14 5
15 7 0 1
15 8 18 0
15 9 18 6
15 10 9 18
15 11 19 18
15 16 20 8
15 18 3 13
15 19 5 7
15 21 16 0
15 22 2 7
15 23 3 17
15 25 9 2
15 27 10 16
15 28 15 4
15 31 18 0
15 32 5 2
15 33 11 11
15 34 19 17
15 35 10 10
15 40 11 0
15 41 7 14
15 45 7 6
15 46 4 12
15 47 13 9
15 49 15 13
16 0 2 7
16 3 8 9
16 4 0 10
16 5 5 18
16 6 18 11
16 7 0 10
16 10 7 2
16 11 17 16
16 12 2 17
16 26 20 7
16 27 2 16
16 28 0 12
16 30 14 18
16 37 13 13
16 38 5 7
16 39 8 6
16 40 11 1
16 41 11 7
16 42 3 16
16 43 8 14
16 44 11 1
16 45 17 7
16 46 5 12
16 47 7 2
17 0 4 5
17 4 5 19
17 6 19 12
17 7 4 6
17 9 6 12
17 10 9 17
17 11 0 18
17 12 7 18
17 17 0 8
17 18 10 9
17 20 19 5
17 21 7 0
17 22 5 2
17 23 12 13
17 24 6 12
17 25 4 17
17 29 10 19
17 31 12 6
17 32 13 16
17 36 15 19
17 37 17 17
17 41 3 9
17 43 6 9
17 45 8 11
18 0 12 19
18 4 15 1
18 6 18 11
18 7 19 20
18 8 16 14
18 9 8 9
18 11 6 1
18 13 10 11
18 17 14 4
18 20 9 6
18 21 5 6
18 23 13 4
18 24 6 13
18 25 11 10
18 26 13 13
18 27 13 18
18 28 0 17
18 30 6 12
18 32 3 8
18 33 19 2
18 35 8 9
18 36 15 4
18 40 6 12
18 41 1 9
18 42 9 18
18 43 20 13
18 48 11 19
19 1 1 12
19 2 1 12
19 4 6 19
19 6 19 11
19 9 9 5
19 11 12 8
19 16 3 19
19 18 4 20
19 19 16 13
19 21 3 7
19 22 5 4
19 30 3 7
19 31 4 0
19 32 7 11
19 34 7 0
19 36 14 4
19 37 3 17
19 38 2 17
19 40 13 16
19 42 20 8
19 44 1 19
19 48 13 12
19 49 9 16
20 0 0 20
20 1 7 10
20 4 17 11
20 5 8 20
20 7 2 9
20 8 13 1
20 9 9 10
20 10 17 12
20 12 6 14
20 15 6 20
20 19 11 10
20 20 6 7
20 24 0 10
20 25 2 7
20 26 20 14
20 28 5 7
20 30 15 14
20 31 14 11
20 39 14 1
20 41 10 8
20 43 2 0
20 44 5 4
20 46 17 18
20 47 19 7
20 48 5 17
21 2 19 19
21 4 15 15
21 6 20 14
21 9 17 10
21 12 16 10
21 13 17 18
21 14 14 6
21 15 13 14
21 17 13 7
21 18 9 9
21 19 11 14
21 21 18 4
21 22 7 10
21 24 16 13
21 25 9 13
21 26 7 19
21 27 7 14
21 29 5 15
21 30 14 5
21 31 3 18
21 32 13 6
21 33 15 4
21 34 0 15
21 39 11 11
21 42 11 3
21 43 6 6
21 45 20 5
21 47 18 18
21 49 6 3
22 1 5 7
22 2 2 9
22 3 12 10
22 4 16 16
22 5 16 0
22 6 20 3
22 11 14 4
22 13 3 16
22 14 6 5
22 15 8 9
22 16 17 5
22 17 4 12
22 18 7 2
22 23 15 20
22 26 1 8
22 27 3 9
22 31 11 11
22 32 12 0
22 33 19 13
22 34 20 1
22 35 10 9
22 37 1 8
22 38 6 5
22 40 11 16
22 42 11 11
22 43 11 14
22 46 1 4
22 49 15 0
23 5 6 0
23 6 15 17
23 10 6 5
23 11 3 8
23 16 10 2
23 22 9 2
23 23 10 8
23 24 11 12
23 25 1 8
23 26 1 17
23 27 7 14
23 30 7 18
23 31 5 15
23 32 9 15
23 33 12 5
23 35 20 4
23 37 10 8
23 41 13 14
23 43 15 4
23 46 3 17
23 47 15 20
23 49 1 0
24 0 6 16
24 1 9 14
24 4 5 18
24 5 10 2
24 9 17 12
24 10 11 6
24 11 18 11
24 15 8 19
24 16 9 5
24 22 17 11
24 25 1 20
24 26 3 13
24 31 9 7
24 32 9 17
24 33 5 1
24 36 14 4
24 41 8 14
24 42 10 4
24 45 14 20
24 47 16 10
24 48 12 4
24 49 20 10
25 1 1 1
25 3 12 13
25 6 17 9
25 8 19 9
25 10 13 17
25 11 14 11
25 14 7 0
25 19 13 2
25 21 2 13
25 22 20 0
25 23 3 11
25 24 11 20
25 25 17 20
25 29 11 11
25 32 17 12
25 33 17 8
25 34 7 4
25 35 20 8
25 37 6 3
25 38 3 4
25 41 12 20
25 45 1 10
26 1 0 12
26 7 2 20
26 11 3 16
26 12 11 19
26 14 7 10
26 16 8 8
26 17 11 1
26 19 4 12
26 21 13 4
26 22 7 14
26 24 2 19
26 27 5 18
26 28 6 16
26 30 6 13
26 32 5 7
26 33 11 20
26 34 14 3
26 35 2 9
26 37 2 14
26 43 16 12
26 44 3 5
26 45 2 8
26 46 16 11
26 47 2 7
26 48 13 3
27 2 8 16
27 3 7 10
27 4 8 20
27 6 7 12
27 8 7 12
27 11 1 7
27 12 8 5
27 13 7 8
27 14 11 1
27 16 2 6
27 17 2 11
27 19 0 12
27 20 14 8
27 21 7 14
27 26 6 14
27 32 16 15
27 35 17 4
27 36 2 6
27 44 11 15
27 45 4 7
27 46 2 1
27 49 6 20
28 0 6 20
28 1 8 3
28 7 19 16
28 9 17 14
28 10 10 12
28 12 7 7
28 14 9 2
28 17 15 16
28 19 3 5
28 25 12 16
28 26 4 4
28 30 18 16
28 31 16 10
28 34 5 1
28 35 13 1
28 48 6 18
29 0 0 12
29 5 9 11
29 6 2 15
29 7 4 19
29 10 19 9
29 13 9 5
29 15 11 5
29 16 16 10
29 17 7 7
29 18 1 6
29 19 20 6
29 21 2 2
29 23 6 1
29 24 2 11
29 25 2 11
29 28 7 0
29 29 8 9
29 31 11 8
29 33 15 9
29 35 12 16
29 36 0 4
29 38 6 12
29 43 10 18
29 46 6 19
29 49 0 13
30 2 18 2
30 5 15 7
30 8 10 10
30 9 16 5
30 10 20 16
30 11 19 20
30 12 18 3
30 14 12 1
30 15 12 6
30 18 9 3
30 20 5 10
30 21 14 9
30 25 11 12
30 26 14 18
30 27 1 2
30 31 8 16
30 33 7 20
30 34 16 14
30 35 0 10
30 41 2 17
30 44 20 10
30 45 4 2
30 47 15 11
30 48 5 9
31 1 20 3
31 2 0 17
31 3 9 12
31 5 15 14
31 7 2 0
31 11 19 3
31 12 17 10
31 13 0 15
31 16 2 9
31 17 3 1
31 18 12 9
31 19 2 16
31 20 14 5
31 21 11 12
31 23 13 19
31 25 8 10
31 26 17 18
31 27 13 14
31 28 17 9
31 30 18 4
31 31 3 8
31 33 6 19
31 37 17 3
31 38 1 12
31 39 14 1
31 40 7 8
31 45 1 1
31 46 12 8
31 47 4 0
31 48 10 16
31 49 0 15
32 1 9 13
32 3 15 5
32 5 12 10
32 6 1 20
32 7 20 2
32 10 4 7
32 11 0 11
32 13 7 18
32 17 5 7
32 18 0 7
32 19 9 0
32 22 11 15
32 23 13 0
32 24 1 16
32 26 7 1
32 27 16 1
32 30 19 12
32 35 3 18
32 36 20 4
32 38 14 16
32 39 17 13
32 40 5 7
32 41 1 14
32 42 12 1
32 43 7 19
32 45 5 13
32 47 18 8
33 5 0 15
33 11 7 14
33 12 14 11
33 14 14 7
33 16 15 2
33 18 12 12
33 21 11 13
33 22 3 0
33 25 4 0
33 26 7 13
33 28 17 5
33 29 8 5
33 32 9 8
33 33 18 0
33 36 9 13
33 38 5 8
33 39 13 12
33 40 16 3
33 41 5 20
33 43 2 4
33 48 7 14
34 0 2 5
34 1 2 15
34 2 1 19
34 4 7 17
34 6 2 13
34 7 16 9
34 8 0 20
34 9 11 6
34 11 1 4
34 13 0 12
34 15 16 7
34 16 5 13
34 18 4 9
34 20 13 8
34 26 19 17
34 27 10 10
34 28 18 13
34 31 2 10
34 33 0 7
34 35 9 18
34 37 4 7
34 39 4 15
34 40 18 18
34 43 0 20
35 0 15 18
35 1 4 14
35 4 17 13
35 5 0 2
35 7 11 20
35 9 17 17
35 10 20 11
35 13 12 10
35 16 1 14
35 17 7 2
35 19 9 1
35 21 1 9
35 24 1 1
35 26 2 4
35 28 19 9
35 29 14 0
35 32 7 19
35 35 3 13
35 37 10 10
35 40 19 4
35 47 17 8
35 48 7 11
35 49 7 9
36 4 3 19
36 5 13 16
36 6 11 15
36 8 13 7
36 9 1 14
36 11 19 12
36 12 20 9
36 13 2 19
36 15 20 11
36 16 6 10
36 18 15 19
36 24 3 1
36 25 8 16
36 26 20 7
36 29 20 5
36 31 12 9
36 32 11 17
36 33 5 3
36 34 10 9
36 37 16 11
36 39 6 11
36 40 1 15
36 42 17 3
36 43 7 18
36 45 13 4
36 46 0 0
37 5 10 3
37 12 8 6
37 13 0 3
37 14 10 13
37 15 0 0
37 16 4 8
37 17 12 14
37 19 5 3
37 23 4 19
37 24 15 12
37 25 18 10
37 28 7 7
37 30 11 13
37 33 6 8
37 34 3 8
37 37 7 2
37 40 7 2
37 41 6 5
37 47 12 1
38 1 16 9
38 6 0 8
38 7 7 12
38 9 15 18
38 11 4 0
38 13 17 10
38 15 13 9
38 16 13 16
38 17 19 19
38 19 17 3
38 21 18 1
38 22 11 5
38 24 7 11
38 26 20 4
38 27 15 0
38 28 20 8
38 29 12 6
38 31 3 1
38 32 0 10
38 35 16 9
38 37 2 0
38 38 17 8
38 40 12 2
38 43 5 1
38 44 19 8
38 49 13 8
39 1 6 10
39 4 6 18
39 6 6 13
39 7 18 5
39 8 9 7
39 9 7 17
39 10 3 15
39 11 3 7
39 13 11 4
39 14 7 18
39 16 19 5
39 17 5 18
39 18 7 9
39 20 0 9
39 23 8 7
39 24 14 2
39 28 19 7
39 30 16 11
39 31 12 19
39 32 13 11
39 33 16 7
39 40 12 2
39 41 18 19
39 43 14 8
39 46 7 4
39 48 16 1
40 0 7 12
40 1 5 7
40 3 17 15
40 6 11 15
40 8 10 12
40 13 10 17
40 14 11 0
40 15 17 15
40 17 9 20
40 18 3 10
40 20 8 14
40 22 0 16
40 23 7 17
40 24 9 18
40 25 10 12
40 26 1 7
40 31 13 19
40 34 4 12
40 37 9 15
40 38 4 9
40 39 0 1
40 42 6 11
40 43 2 7
40 46 18 8
40 47 2 20
40 48 0 12
41 0 6 12
41 1 3 3
41 4 12 1
41 6 10 17
41 9 9 12
41 10 11 15
41 14 1 19
41 15 8 1
41 17 2 10
41 18 18 2
41 20 14 18
41 22 14 11
41 23 14 12
41 24 7 20
41 27 8 9
41 28 5 20
41 29 8 2
41 31 9 20
41 34 4 20
41 35 4 4
41 36 5 11
41 37 5 9
41 39 12 11
41 43 12 3
41 45 3 5
41 47 0 12
41 48 3 17
41 49 4 0
42 10 12 7
42 14 16 4
42 16 19 10
42 23 6 0
42 25 9 20
42 27 8 11
42 28 0 16
42 29 20 14
42 30 20 14
42 33 10 7
42 38 11 13
42 39 7 9
42 41 20 19
42 42 18 9
42 43 7 13
42 44 12 19
42 46 16 17
42 47 4 17
42 48 20 13
42 49 5 6
43 0 3 5
43 1 3 5
43 2 10 0
43 3 19 19
43 4 10 13
43 6 6 3
43 7 16 17
43 8 6 4
43 9 16 3
43 10 18 1
43 12 2 14
43 13 20 10
43 14 3 12
43 18 0 17
43 19 6 2
43 20 5 18
43 22 16 4
43 24 5 17
43 28 8 12
43 29 15 20
43 30 11 3
43 31 5 0
43 34 19 14
43 35 7 13
43 37 1 14
43 41 12 10
43 44 13 2
43 45 20 3
44 1 2 17
44 3 2 11
44 4 19 13
44 7 13 1
44 8 20 2
44 9 17 1
44 16 9 10
44 17 6 16
44 20 16 10
44 24 0 11
44 26 8 13
44 28 12 18
44 29 2 1
44 30 20 15
44 36 19 2
44 37 8 0
44 39 6 11
44 40 14 15
44 41 3 12
44 44 15 19
44 46 17 0
44 47 13 14
45 2 0 4
45 3 16 10
45 5 15 12
45 6 11 12
45 8 7 3
45 13 5 14
45 14 16 8
45 16 0 18
45 18 18 17
45 19 10 1
45 24 14 8
45 25 16 13
45 27 0 5
45 28 12 9
45 29 2 9
45 30 4 9
45 32 20 16
45 34 17 18
45 35 3 17
45 36 17 2
45 37 2 4
45 45 9 3
45 46 17 9
45 48 6 1
46 0 12 9
46 1 20 0
46 3 11 0
46 5 4 6
46 7 17 6
46 8 14 12
46 10 9 0
46 19 6 5
46 23 5 20
46 24 11 8
46 31 4 13
46 32 15 6
46 33 16 6
46 36 8 3
46 40 12 0
46 41 13 18
46 43 17 12
46 44 2 1
46 45 12 13
46 46 3 3
47 0 20 19
47 1 3 15
47 8 11 3
47 10 9 15
47 16 18 14
47 18 2 19
47 20 16 14
47 22 8 13
47 23 11 3
47 24 13 9
47 29 17 9
47 30 6 10
47 31 14 6
47 34 3 17
47 35 1 1
47 36 3 12
47 38 11 14
47 40 10 19
47 41 20 5
47 43 16 19
47 45 13 1
47 47 12 6
47 48 1 13
48 0 14 8
48 3 4 14
48 4 4 2
48 5 15 14
48 6 13 0
48 7 9 18
48 8 18 7
48 12 5 3
48 14 10 10
48 16 0 16
48 18 16 12
48 21 1 13
48 23 13 2
48 25 18 10
48 28 1 19
48 31 1 19
48 33 0 19
48 34 3 15
48 35 2 1
48 36 11 12
48 37 5 4
48 38 10 17
48 39 12 3
48 42 9 6
48 43 17 6
48 44 6 18
48 48 17 19
48 49 17 15
49 0 10 9
49 2 11 15
49 5 17 2
49 6 10 20
49 8 10 19
49 9 15 19
49 11 13 0
49 17 7 1
49 20 13 10
49 22 11 5
49 24 19 9
49 31 15 0
49 32 14 5
49 33 9 1
49 35 13 8
49 36 2 0
49 38 11 11
49 40 0 11
49 41 19 20
49 42 11 18
49 46 5 16
49 47 18 13
