50
2
0 0 20 6
0 1 2 18
0 4 7 1
0 7 15 6
0 8 3 7
0 9 15 3
0 10 3 19
0 11 16 16
0 13 17 3
0 14 13 11
0 17 17 3
0 18 18 15
0 19 19 7
0 20 0 1
0 23 8 3
0 24 8 14
0 25 12 12
0 29 2 14
0 30 12 15
0 31 11 13
0 32 6 10
0 33 3 11
0 34 7 18
0 36 4 1
0 38 1 16
0 39 16 4
0 41 17 15
0 43 19 20
0 44 9 5
0 47 3 1
0 48 9 3
1 1 14 7
1 2 19 1
1 5 17 1
1 6 13 13
1 7 5 14
1 8 8 20
1 9 14 1
1 11 7 14
1 13 3 15
1 14 12 12
1 16 2 2
1 17 13 14
1 19 19 19
1 24 7 6
1 25 4 3
1 28 14 1
1 29 12 13
1 33 11 4
1 35 7 17
1 36 7 3
1 37 19 18
1 39 14 19
1 40 20 10
1 41 10 6
1 42 19 12
1 43 8 17
1 45 10 18
1 48 13 5
1 49 3 8
2 0 11 14
2 1 3 16
2 3 10 5
2 4 20 6
2 5 14 14
2 6 11 20
2 9 3 8
2 16 20 18
2 17 8 19
2 21 4 16
2 24 18 5
2 25 18 4
2 26 19 16
2 28 19 16
2 31 8 11
2 32 9 5
2 36 7 16
2 40 9 16
2 44 13 18
2 47 5 20
2 49 4 5
3 0 13 19
3 2 8 13
3 5 11 16
3 6 0 18
3 11 16 9
3 13 3 18
3 17 0 10
3 18 6 10
3 19 4 19
3 20 14 11
3 22 15 12
3 23 17 15
3 25 8 0
3 27 11 19
3 31 6 1
3 32 6 14
3 35 6 1
3 37 1 4
3 39 4 3
3 41 15 18
3 44 19 18
3 45 10 1
3 46 1 20
3 48 20 12
3 49 20 4
4 4 3 3
4 5 13 14
4 11 6 16
4 15 9 6
4 16 4 1
4 21 8 10
4 22 11 14
4 25 20 12
4 27 1 8
4 29 0 19
4 30 20 3
4 31 11 20
4 32 8 12
4 33 6 13
4 35 9 5
4 37 11 18
4 38 10 0
4 39 13 20
4 41 7 13
4 44 5 1
4 46 3 9
4 47 13 1
4 48 13 4
4 49 14 10
5 5 20 14
5 7 6 18
5 9 0 6
5 10 1 16
5 14 13 0
5 15 15 12
5 16 19 10
5 17 18 10
5 19 0 7
5 20 13 18
5 25 16 6
5 29 10 2
5 30 11 2
5 33 11 15
5 34 8 19
5 35 16 4
5 39 5 7
5 43 7 7
5 44 8 18
5 46 12 15
5 48 19 13
6 2 13 4
6 3 5 17
6 5 6 17
6 6 8 11
6 8 0 1
6 9 12 19
6 10 19 17
6 12 9 8
6 13 4 11
6 14 19 13
6 16 15 19
6 17 2 6
6 18 19 17
6 19 1 0
6 20 14 18
6 21 8 6
6 22 5 20
6 23 1 2
6 25 4 11
6 26 3 13
6 28 4 7
6 30 10 7
6 32 8 1
6 35 0 17
6 37 7 3
6 38 5 15
6 39 9 20
6 41 7 6
6 45 1 11
6 48 11 10
6 49 10 12
7 0 0 19
7 1 7 4
7 5 19 13
7 8 3 13
7 9 0 13
7 12 10 2
7 13 20 1
7 14 7 6
7 15 20 18
7 21 15 11
7 23 7 12
7 24 10 2
7 25 1 11
7 26 3 2
7 28 12 12
7 31 2 2
7 35 10 8
7 40 18 17
7 41 17 20
7 43 12 17
7 44 11 3
7 45 5 12
7 47 6 15
7 49 9 12
8 1 13 5
8 4 2 13
8 6 16 17
8 8 3 14
8 13 4 6
8 21 17 6
8 23 8 19
8 26 4 14
8 31 0 20
8 32 15 16
8 34 10 13
8 35 14 19
8 40 18 17
8 43 13 1
8 45 12 19
8 47 17 1
8 48 12 11
9 1 12 14
9 2 18 12
9 4 2 17
9 6 4 8
9 8 11 0
9 11 6 7
9 12 14 15
9 13 8 1
9 14 4 2
9 17 8 10
9 22 9 3
9 25 16 18
9 26 5 14
9 27 4 6
9 28 1 2
9 29 16 20
9 30 7 12
9 33 8 3
9 35 9 5
9 37 15 9
9 42 10 17
9 43 2 2
9 44 15 14
9 46 4 10
9 47 5 0
9 48 4 10
9 49 17 3
10 1 0 4
10 3 1 0
10 8 2 9
10 13 7 13
10 15 1 2
10 16 9 6
10 17 18 7
10 19 3 13
10 23 14 15
10 24 1 14
10 31 1 11
10 32 13 3
10 33 0 6
10 35 11 9
10 36 2 8
10 40 8 5
10 42 10 18
10 43 2 9
10 45 20 19
11 1 20 13
11 4 0 10
11 5 5 3
11 6 16 2
11 9 3 18
11 10 3 14
11 16 19 17
11 20 12 0
11 21 2 9
11 22 3 19
11 24 8 10
11 25 15 6
11 29 6 16
11 30 6 19
11 32 12 8
11 33 15 14
11 36 16 12
11 37 7 13
11 39 19 9
11 41 2 5
11 43 12 0
11 44 5 11
11 46 17 16
11 47 11 7
11 48 3 14
11 49 18 3
12 0 9 11
12 3 8 20
12 6 19 16
12 8 2 9
12 12 19 8
12 16 17 14
12 19 12 0
12 20 6 7
12 24 0 20
12 26 17 3
12 27 13 20
12 29 14 17
12 30 2 8
12 33 10 19
12 34 16 18
12 36 12 5
12 40 20 12
12 44 10 5
12 46 19 10
12 47 7 16
12 48 4 7
13 1 12 20
13 4 11 5
13 5 18 3
13 6 19 16
13 7 2 17
13 8 5 6
13 10 15 12
13 11 2 5
13 13 1 15
13 14 9 12
13 16 5 0
13 17 3 6
13 19 5 17
13 20 13 20
13 22 3 15
13 24 20 0
13 25 18 7
13 26 20 16
13 29 20 19
13 30 5 0
13 31 7 9
13 32 15 15
13 33 1 15
13 34 5 15
13 36 7 6
13 37 18 6
13 40 10 6
13 43 14 3
13 44 17 8
13 45 4 1
13 47 6 6
13 48 20 5
14 0 6 11
14 1 19 15
14 3 10 10
14 4 6 17
14 5 17 8
14 6 6 20
14 11 2 14
14 12 19 9
14 20 5 17
14 21 4 11
14 22 10 16
14 24 2 7
14 25 4 14
14 26 10 16
14 27 3 7
14 28 12 20
14 30 5 14
14 33 7 2
14 37 11 0
14 39 4 1
14 40 0 3
14 41 19 4
14 42 18 7
14 43 15 14
14 44 19 19
14 45 20 0
14 47 3 18
14 48 5 8
14 49 6 0
15 2 5 9
15 3 19 19
15 5 16 16
15 7 3 8
15 9 1 0
15 11 2 10
15 17 0 6
15 19 2 5
15 22 15 11
15 25 2 13
15 28 18 20
15 29 17 16
15 31 14 3
15 34 13 10
15 36 7 15
15 42 0 14
15 44 15 15
15 48 13 7
16 0 10 4
16 1 2 3
16 2 0 8
16 4 6 14
16 5 10 2
16 6 9 1
16 7 12 9
16 9 8 4
16 10 17 18
16 12 15 17
16 14 18 17
16 15 10 0
16 16 8 12
16 24 17 19
16 25 9 3
16 26 6 8
16 33 20 0
16 34 16 12
16 35 6 9
16 38 9 2
16 39 2 5
16 42 19 10
16 43 14 1
16 44 20 17
16 45 20 12
16 46 13 11
16 47 0 4
16 48 7 16
17 0 14 4
17 1 0 15
17 4 13 11
17 6 1 12
17 11 18 11
17 14 6 18
17 16 17 9
17 20 16 8
17 23 19 17
17 27 8 14
17 28 10 6
17 30 17 17
17 31 6 4
17 34 13 20
17 35 4 20
17 36 14 11
17 37 7 16
17 41 8 8
17 43 12 7
17 44 1 0
17 45 20 20
17 47 10 7
17 48 12 7
17 49 5 0
18 3 2 19
18 4 17 1
18 8 15 16
18 14 16 2
18 16 14 3
18 19 9 4
18 21 0 19
18 24 12 4
18 25 12 9
18 26 9 11
18 29 9 10
18 30 7 6
18 31 16 10
18 33 9 2
18 34 2 7
18 35 3 1
18 38 1 13
18 41 17 6
18 42 17 9
18 47 13 0
18 48 7 17
19 1 5 6
19 2 11 2
19 4 1 3
19 6 3 11
19 7 13 6
19 8 5 6
19 10 13 4
19 11 2 9
19 12 15 7
19 14 1 11
19 15 6 13
19 16 15 7
19 18 0 19
19 20 9 2
19 21 1 2
19 32 4 18
19 33 19 18
19 34 3 1
19 35 0 11
19 38 3 7
19 40 1 0
19 41 20 11
19 42 9 8
19 43 16 14
19 44 20 20
19 46 13 1
19 48 20 18
19 49 13 1
20 1 0 13
20 4 4 11
20 5 19 20
20 11 4 18
20 12 17 13
20 13 1 8
20 14 9 9
20 15 19 9
20 17 14 4
20 20 18 2
20 23 0 9
20 25 14 20
20 26 11 5
20 28 15 11
20 32 18 12
20 33 15 16
20 35 10 18
20 36 8 11
20 37 3 2
20 43 10 19
20 45 19 20
20 46 7 7
20 48 19 17
21 0 7 8
21 4 0 10
21 6 13 5
21 8 4 19
21 11 8 10
21 13 15 13
21 14 10 4
21 15 17 7
21 16 9 17
21 21 20 5
21 22 1 9
21 23 13 4
21 24 7 4
21 26 0 4
21 27 5 20
21 30 11 8
21 31 3 12
21 32 0 6
21 33 20 17
21 34 10 7
21 39 18 18
21 42 0 4
21 45 8 18
21 47 1 7
22 1 16 4
22 4 5 20
22 5 8 19
22 8 15 10
22 10 9 13
22 11 7 16
22 14 4 19
22 16 0 18
22 19 20 2
22 20 1 1
22 21 5 7
22 24 6 2
22 27 12 20
22 29 1 7
22 32 9 17
22 34 3 14
22 36 5 19
22 37 12 14
22 38 5 15
22 44 11 8
22 47 17 15
22 48 19 10
22 49 1 20
23 0 4 20
23 1 0 9
23 3 11 1
23 5 20 11
23 9 14 1
23 11 7 12
23 12 4 5
23 19 9 5
23 20 7 10
23 21 2 10
23 24 5 5
23 27 2 20
23 34 2 0
23 38 19 13
23 39 1 2
23 40 9 13
23 45 6 2
23 46 10 5
23 48 19 0
24 0 20 9
24 1 3 7
24 5 2 14
24 9 6 20
24 10 19 19
24 13 9 4
24 14 7 13
24 15 8 13
24 18 4 5
24 19 18 9
24 22 17 20
24 23 6 2
24 26 20 1
24 28 8 11
24 31 16 6
24 33 10 3
24 38 12 7
24 44 9 12
24 46 10 10
25 0 15 14
25 1 14 11
25 2 7 11
25 3 8 18
25 4 15 6
25 6 3 8
25 7 3 20
25 9 9 3
25 10 13 20
25 11 6 10
25 12 5 6
25 14 15 14
25 17 20 19
25 19 4 8
25 22 16 13
25 23 9 9
25 25 2 17
25 29 2 18
25 31 3 0
25 36 11 11
25 37 1 20
25 41 6 17
25 42 3 7
25 43 15 15
25 46 7 11
25 48 17 10
26 4 8 16
26 5 3 0
26 6 11 2
26 10 13 11
26 12 9 9
26 14 1 6
26 16 1 19
26 19 10 18
26 22 10 1
26 24 15 9
26 25 20 8
26 27 8 1
26 32 6 15
26 33 0 9
26 42 17 0
26 44 17 8
26 47 17 14
26 48 1 4
26 49 8 4
27 0 1 11
27 1 8 16
27 3 0 8
27 4 12 9
27 6 19 8
27 7 13 6
27 8 3 11
27 9 15 0
27 12 15 4
27 17 19 9
27 18 13 0
27 20 5 15
27 30 1 18
27 31 0 14
27 32 7 5
27 33 3 2
27 36 11 14
27 38 5 10
27 39 4 10
27 41 15 8
27 44 10 19
27 45 14 1
27 46 11 16
27 48 0 14
28 0 13 8
28 1 11 8
28 4 17 20
28 5 19 8
28 6 18 1
28 7 11 12
28 8 13 12
28 9 9 10
28 11 10 4
28 13 15 18
28 16 12 15
28 17 1 11
28 21 11 14
28 23 2 3
28 24 18 15
28 25 5 15
28 26 19 15
28 28 19 4
28 30 11 7
28 31 7 13
28 32 13 18
28 33 5 15
28 34 9 4
28 35 8 18
28 37 0 17
28 38 13 10
28 39 6 3
28 41 13 10
28 42 13 4
28 43 16 0
28 44 14 11
28 47 5 10
28 49 8 14
29 1 13 5
29 2 18 19
29 3 13 3
29 4 2 20
29 7 1 3
29 15 0 8
29 16 16 20
29 20 20 5
29 22 13 1
29 23 0 4
29 24 16 7
29 26 8 3
29 27 0 0
29 28 17 20
29 29 3 20
29 32 20 7
29 35 19 7
29 36 10 3
29 38 7 14
29 39 17 9
29 41 2 9
29 43 17 11
29 46 19 4
29 47 10 18
29 49 1 18
30 2 13 5
30 4 5 9
30 5 8 1
30 6 8 16
30 8 19 0
30 12 14 3
30 13 6 7
30 16 9 17
30 18 11 9
30 20 10 16
30 21 4 6
30 22 2 1
30 24 20 0
30 25 11 15
30 26 19 1
30 27 6 19
30 28 5 10
30 30 9 4
30 35 12 16
30 38 4 15
30 39 6 6
30 41 5 12
30 43 15 17
30 45 5 14
30 48 8 7
31 0 2 7
31 2 10 3
31 5 12 6
31 6 4 2
31 7 10 6
31 9 17 20
31 10 4 5
31 11 20 10
31 13 0 5
31 15 4 5
31 16 6 15
31 17 14 15
31 20 16 11
31 22 20 12
31 25 20 5
31 27 17 7
31 28 5 7
31 29 18 3
31 30 5 9
31 31 5 19
31 32 19 8
31 37 13 4
31 38 9 6
31 39 5 6
31 40 8 19
31 42 16 10
31 45 4 15
31 47 5 14
32 1 1 11
32 4 10 18
32 5 14 10
32 6 16 2
32 9 20 18
32 10 3 3
32 12 13 0
32 14 6 15
32 16 20 18
32 19 17 11
32 20 13 2
32 22 17 1
32 23 5 2
32 24 10 13
32 25 9 19
32 29 19 2
32 30 18 10
32 33 7 10
32 35 15 19
32 36 20 8
32 37 2 7
32 40 10 9
32 45 14 8
32 47 11 9
32 49 3 7
33 5 0 3
33 6 1 3
33 7 15 13
33 8 8 6
33 9 17 10
33 11 18 2
33 14 15 0
33 15 18 7
33 17 15 12
33 20 8 5
33 21 15 6
33 22 7 9
33 26 6 2
33 29 7 3
33 32 7 5
33 33 7 1
33 37 18 1
33 39 8 12
33 41 3 18
33 42 3 4
33 46 9 16
33 47 6 5
34 0 8 12
34 1 10 3
34 3 11 10
34 4 12 3
34 7 11 6
34 9 0 2
34 11 12 10
34 12 14 16
34 13 0 16
34 14 0 10
34 15 3 9
34 18 11 20
34 19 20 7
34 20 18 19
34 22 1 11
34 25 7 1
34 29 2 11
34 30 17 17
34 31 15 19
34 34 13 14
34 36 11 4
34 38 4 11
34 39 8 3
34 42 7 14
34 43 14 18
34 45 14 20
34 47 10 15
34 48 4 4
35 0 9 17
35 1 3 12
35 3 5 13
35 4 16 7
35 5 1 10
35 6 15 14
35 11 9 10
35 12 8 11
35 15 4 14
35 17 16 14
35 18 13 17
35 24 11 13
35 26 17 19
35 37 16 0
35 40 10 10
35 42 17 8
35 43 5 18
35 45 12 9
35 47 10 8
35 49 19 11
36 0 11 3
36 1 6 13
36 2 6 11
36 4 19 2
36 8 12 7
36 9 12 6
36 13 15 14
36 15 7 15
36 19 6 2
36 24 7 20
36 25 12 1
36 26 9 20
36 28 19 16
36 29 0 20
36 32 5 16
36 34 7 13
36 36 9 13
36 39 12 6
36 40 6 20
36 43 1 5
36 44 15 0
36 45 12 11
36 46 15 12
36 47 18 16
36 49 14 14
37 1 2 1
37 2 16 15
37 3 2 10
37 4 8 16
37 5 15 13
37 6 9 15
37 7 7 20
37 8 17 13
37 9 17 8
37 10 20 5
37 13 9 7
37 14 0 1
37 15 17 19
37 17 13 10
37 18 10 9
37 19 18 3
37 21 13 18
37 23 7 16
37 24 11 12
37 28 9 11
37 30 8 18
37 34 2 16
37 36 15 15
37 37 3 3
37 38 5 6
37 40 8 13
37 41 2 2
37 43 6 3
37 44 1 19
37 48 19 11
38 0 10 18
38 2 20 16
38 3 3 13
38 4 15 18
38 6 19 3
38 7 14 4
38 9 0 6
38 10 13 6
38 11 4 8
38 13 12 6
38 14 9 17
38 15 16 0
38 16 19 14
38 18 6 13
38 19 1 7
38 20 10 7
38 21 0 9
38 22 12 10
38 27 17 19
38 29 15 2
38 32 3 11
38 33 1 11
38 35 12 20
38 36 14 12
38 37 9 15
38 38 16 3
38 41 6 12
38 42 5 2
38 43 10 20
38 46 1 19
38 47 12 19
39 3 6 17
39 4 5 9
39 5 14 15
39 6 18 15
39 7 16 19
39 9 2 7
39 10 20 20
39 11 14 1
39 12 15 12
39 14 17 18
39 18 1 16
39 19 9 5
39 20 19 6
39 25 3 17
39 26 0 1
39 27 0 17
39 28 14 15
39 29 9 10
39 30 1 5
39 31 13 4
39 32 5 6
39 33 11 7
39 34 6 11
39 37 1 11
39 38 11 10
39 40 3 5
39 41 11 20
39 44 18 17
39 46 18 3
39 47 5 12
39 48 11 20
40 1 1 4
40 4 15 12
40 5 19 4
40 8 5 20
40 9 11 5
40 11 19 7
40 12 18 5
40 14 15 4
40 16 11 9
40 18 16 6
40 19 13 3
40 20 14 7
40 21 8 0
40 26 17 16
40 27 0 2
40 28 6 0
40 29 8 20
40 33 18 20
40 41 20 11
40 44 20 6
41 2 6 13
41 8 10 9
41 9 3 7
41 10 7 6
41 13 6 4
41 14 6 10
41 15 3 0
41 17 20 0
41 18 18 6
41 19 12 10
41 20 10 1
41 21 0 15
41 27 9 11
41 28 15 6
41 30 3 6
41 34 16 5
41 36 20 3
41 38 18 14
41 40 8 9
41 42 14 18
41 45 11 13
42 1 9 17
42 2 3 5
42 3 4 19
42 7 2 6
42 8 13 8
42 9 11 15
42 10 7 7
42 13 20 9
42 14 19 8
42 15 5 5
42 16 14 20
42 17 5 2
42 20 7 4
42 21 12 17
42 23 8 15
42 24 13 18
42 25 13 6
42 27 9 18
42 28 8 18
42 30 20 0
42 32 2 3
42 33 16 17
42 34 20 16
42 36 16 7
42 38 4 20
42 40 7 0
42 41 1 7
42 43 18 20
42 45 13 12
42 46 13 8
43 0 12 1
43 3 11 2
43 4 12 1
43 5 20 11
43 7 2 14
43 8 17 14
43 11 7 13
43 12 12 8
43 14 20 2
43 15 17 4
43 16 0 4
43 22 17 7
43 23 6 15
43 24 1 8
43 27 20 19
43 28 15 3
43 30 18 7
43 31 4 14
43 34 11 4
43 35 7 20
43 38 12 0
43 39 16 11
43 40 9 15
43 41 3 4
43 43 12 16
43 44 14 1
43 45 10 7
43 49 4 13
44 1 1 7
44 3 10 3
44 4 20 20
44 8 10 9
44 9 11 2
44 13 16 3
44 14 0 5
44 20 11 8
44 21 16 19
44 26 11 0
44 28 19 7
44 31 9 9
44 32 7 8
44 33 3 6
44 38 1 12
44 39 9 9
44 40 13 18
44 41 13 7
44 44 0 12
44 45 2 7
44 49 20 7
45 1 6 9
45 2 12 20
45 5 16 8
45 8 14 8
45 9 4 19
45 12 2 7
45 13 10 15
45 14 12 2
45 15 11 10
45 17 1 12
45 21 4 19
45 25 3 4
45 26 20 2
45 27 14 14
45 29 15 14
45 31 6 17
45 32 17 10
45 37 18 5
45 38 20 12
45 41 12 7
45 42 1 5
45 44 11 8
45 45 3 14
45 49 2 11
46 1 17 0
46 7 18 9
46 8 11 17
46 9 8 18
46 10 8 12
46 14 5 15
46 15 6 5
46 16 16 1
46 17 8 20
46 18 16 7
46 19 19 8
46 20 7 3
46 22 0 1
46 24 17 9
46 26 8 6
46 27 15 9
46 29 12 7
46 34 20 8
46 35 6 20
46 38 6 15
46 39 20 3
46 40 15 2
46 42 16 9
46 43 12 1
46 44 20 17
46 45 14 20
47 0 16 14
47 2 4 12
47 5 20 12
47 6 12 13
47 7 18 17
47 8 5 11
47 9 17 4
47 13 17 3
47 17 11 20
47 18 1 19
47 19 6 6
47 20 10 15
47 22 7 3
47 23 5 19
47 25 14 3
47 28 3 10
47 30 10 17
47 31 19 13
47 33 0 9
47 34 12 19
47 40 2 20
47 43 9 10
47 44 14 7
47 46 8 0
47 47 20 12
47 48 7 9
48 2 12 15
48 4 12 6
48 5 11 20
48 13 7 12
48 14 17 19
48 20 19 5
48 21 7 6
48 22 2 11
48 25 18 13
48 26 1 11
48 28 2 14
48 31 8 12
48 32 6 15
48 34 10 11
48 37 12 15
48 38 6 13
48 39 9 17
48 40 1 5
48 41 13 9
48 43 13 11
48 46 7 7
48 47 13 8
48 48 6 13
49 1 8 10
49 3 12 3
49 6 3 0
49 7 7 4
49 11 17 17
49 13 10 8
49 14 18 11
49 16 16 19
49 20 11 1
49 21 14 4
49 26 7 4
49 28 8 3
49 29 3 7
49 30 19 13
49 31 10 19
49 32 14 0
49 33 5 20
49 34 5 4
49 35 16 14
49 36 5 8
49 38 7 16
49 39 1 7
49 41 15 1
49 44 14 6
49 46 11 17
49 47 3 9
49 48 10 10
