50
2
0 0 6 2
0 2 10 11
0 4 16 2
0 6 2 20
0 7 2 15
0 9 3 13
0 12 20 1
0 13 10 17
0 14 7 11
0 15 6 5
0 16 2 2
0 19 9 6
0 21 12 9
0 22 20 14
0 24 7 10
0 25 17 17
0 28 17 8
0 29 12 19
0 30 3 0
0 35 9 20
0 36 0 12
0 37 12 18
0 39 20 17
0 40 6 13
0 42 1 1
0 44 9 15
0 45 5 10
0 46 9 19
0 47 15 19
0 48 0 16
1 3 10 12
1 4 15 8
1 5 12 0
1 10 9 14
1 13 9 8
1 14 8 3
1 16 5 19
1 18 19 5
1 21 16 8
1 22 17 8
1 23 2 12
1 24 2 17
1 28 20 8
1 31 1 8
1 32 16 0
1 33 1 6
1 34 4 14
1 37 0 1
1 38 9 8
1 40 1 7
1 41 2 11
1 42 16 7
1 46 8 8
1 47 16 1
1 48 10 10
2 0 10 11
2 1 6 12
2 3 17 6
2 4 18 4
2 5 20 5
2 7 10 17
2 9 18 17
2 10 15 13
2 12 7 12
2 14 10 3
2 15 0 17
2 20 8 4
2 21 13 5
2 23 3 8
2 24 2 8
2 25 19 2
2 27 6 11
2 28 1 19
2 30 12 15
2 33 8 15
2 34 0 3
2 35 11 12
2 37 12 7
2 40 10 4
2 41 18 1
2 42 10 4
2 43 11 0
2 46 14 6
2 47 2 8
3 0 17 16
3 1 16 12
3 2 17 12
3 3 6 14
3 6 20 18
3 8 15 0
3 10 11 10
3 11 9 10
3 12 3 7
3 13 2 14
3 14 1 19
3 15 19 1
3 21 6 2
3 22 3 4
3 23 0 4
3 24 12 18
3 25 17 12
3 27 17 17
3 28 1 20
3 29 5 19
3 30 19 19
3 31 1 1
3 33 4 17
3 37 0 9
3 38 1 11
3 40 16 2
3 41 2 19
3 43 14 9
3 45 15 7
3 46 5 9
3 48 15 17
4 3 3 19
4 4 14 7
4 5 20 6
4 8 9 17
4 9 18 4
4 11 19 13
4 12 0 12
4 14 20 7
4 15 1 15
4 20 8 16
4 22 16 0
4 23 18 19
4 24 20 0
4 25 11 4
4 26 5 17
4 30 3 0
4 31 19 17
4 39 1 8
4 41 19 3
4 45 12 2
4 46 4 12
4 47 20 12
4 48 17 16
5 1 19 11
5 2 6 12
5 3 13 15
5 4 9 18
5 6 14 17
5 9 11 14
5 11 17 6
5 12 14 13
5 13 17 11
5 14 18 10
5 15 9 6
5 19 5 10
5 20 6 19
5 21 6 6
5 22 6 4
5 23 19 16
5 28 5 10
5 29 4 2
5 30 12 17
5 31 4 20
5 34 16 9
5 37 6 18
5 38 7 1
5 40 9 6
5 42 17 12
5 43 17 8
5 44 12 17
6 1 19 0
6 2 14 2
6 6 17 16
6 8 19 17
6 10 17 10
6 12 15 4
6 13 4 17
6 14 7 6
6 17 1 0
6 21 6 12
6 23 12 13
6 27 5 9
6 28 11 16
6 29 14 8
6 30 20 9
6 36 12 20
6 38 13 17
6 39 17 6
6 42 7 3
6 43 13 17
6 45 20 17
6 49 10 6
7 1 12 6
7 3 0 18
7 5 10 7
7 7 5 12
7 10 0 7
7 12 8 16
7 13 17 19
7 16 2 17
7 17 10 18
7 19 5 14
7 20 17 19
7 22 10 20
7 26 20 9
7 27 19 16
7 30 9 14
7 33 7 12
7 34 19 0
7 36 15 18
7 38 1 18
7 43 12 15
7 45 4 13
7 48 2 18
7 49 10 11
8 0 16 19
8 1 14 13
8 7 4 14
8 10 2 20
8 12 8 0
8 16 20 1
8 17 16 10
8 21 16 11
8 24 15 17
8 26 15 6
8 27 12 14
8 28 17 19
8 29 1 19
8 30 2 11
8 31 1 13
8 40 17 20
8 43 1 1
8 44 19 20
8 46 19 9
8 48 5 3
9 3 10 5
9 4 5 4
9 7 8 7
9 12 9 4
9 14 9 19
9 16 20 16
9 17 14 6
9 18 13 7
9 19 11 2
9 20 1 0
9 21 5 2
9 22 20 8
9 24 9 10
9 25 14 3
9 26 0 6
9 28 5 2
9 29 18 11
9 32 15 16
9 34 13 8
9 35 10 4
9 36 20 16
9 37 5 4
9 38 15 17
9 40 18 12
9 42 12 18
9 44 0 13
9 45 6 10
9 46 3 20
10 2 20 20
10 4 17 20
10 10 7 18
10 11 13 20
10 13 7 2
10 14 10 14
10 15 0 14
10 16 2 9
10 22 19 18
10 24 6 4
10 25 12 14
10 28 18 8
10 31 15 0
10 34 2 16
10 35 5 10
10 38 6 12
10 40 1 6
10 41 14 0
10 42 5 19
10 44 11 0
10 45 0 5
10 48 19 9
10 49 13 15
11 0 17 9
11 2 3 2
11 3 18 16
11 4 8 1
11 5 6 2
11 6 14 4
11 7 4 18
11 8 17 14
11 9 19 19
11 10 15 2
11 11 17 3
11 14 13 0
11 16 7 16
11 17 6 13
11 20 12 13
11 21 14 13
11 24 5 18
11 25 14 19
11 27 1 9
11 28 11 15
11 32 5 19
11 35 2 0
11 36 9 16
11 37 8 16
11 38 16 4
11 39 4 12
11 40 19 7
11 41 10 8
11 43 15 9
11 46 2 11
11 47 3 19
11 48 20 8
12 0 11 0
12 3 2 19
12 4 4 20
12 5 19 10
12 8 20 4
12 13 4 10
12 19 7 12
12 20 3 9
12 21 20 13
12 22 13 19
12 23 11 4
12 24 4 13
12 28 0 20
12 29 20 17
12 31 10 20
12 32 18 19
12 34 14 15
12 37 1 17
12 38 2 10
12 40 20 9
12 41 10 12
12 43 9 10
12 45 8 11
12 47 5 16
12 48 4 1
12 49 4 20
13 1 13 14
13 3 18 16
13 8 20 19
13 9 8 6
13 10 12 2
13 11 9 4
13 13 19 14
13 20 9 7
13 21 19 1
13 22 18 9
13 26 0 14
13 28 7 15
13 29 10 1
13 32 15 7
13 35 8 16
13 37 20 17
13 39 12 19
13 40 8 17
13 41 10 20
13 42 0 19
13 43 14 17
13 44 18 20
13 46 16 11
13 49 14 3
14 1 1 15
14 2 17 12
14 3 9 15
14 10 20 16
14 11 12 3
14 13 6 11
14 15 1 20
14 16 15 4
14 17 8 14
14 20 12 18
14 24 16 13
14 25 6 5
14 27 8 9
14 29 4 7
14 30 2 9
14 32 3 14
14 34 20 5
14 36 5 11
14 39 1 10
14 41 4 18
14 42 16 4
14 49 9 17
15 0 19 13
15 1 3 7
15 2 8 18
15 9 1 5
15 10 11 18
15 15 1 2
15 17 6 4
15 18 2 11
15 19 10 1
15 20 18 18
15 21 19 16
15 22 10 20
15 23 19 15
15 24 1 10
15 26 0 10
15 27 20 14
15 28 10 14
15 31 6 10
15 32 20 6
15 33 6 16
15 34 1 2
15 35 17 14
15 36 1 2
15 37 18 13
15 39 13 12
15 40 15 13
15 42 11 12
15 45 9 8
15 46 12 7
15 48 18 20
15 49 17 7
16 2 15 0
16 5 6 13
16 6 7 14
16 7 18 17
16 15 17 6
16 18 20 17
16 19 5 11
16 21 17 11
16 22 18 16
16 27 11 15
16 32 20 4
16 33 15 5
16 34 11 8
16 38 20 7
16 43 0 9
16 46 9 10
17 0 6 2
17 4 11 12
17 5 17 13
17 6 16 4
17 7 12 17
17 9 11 8
17 12 18 6
17 14 2 15
17 16 3 3
17 17 6 2
17 19 4 3
17 20 13 19
17 26 4 17
17 27 17 17
17 28 4 6
17 29 11 20
17 30 15 0
17 32 14 14
17 34 8 17
17 35 0 8
17 36 18 15
17 37 18 11
17 38 9 19
17 45 17 14
17 47 2 8
17 48 11 13
18 0 0 4
18 1 2 7
18 2 0 5
18 3 6 17
18 4 3 16
18 5 12 7
18 9 5 12
18 11 3 8
18 12 9 17
18 13 4 4
18 14 5 1
18 15 15 13
18 18 15 2
18 21 0 9
18 22 14 1
18 24 2 12
18 26 14 10
18 29 12 9
18 30 17 19
18 33 17 4
18 37 3 5
18 38 20 11
18 39 6 4
18 40 17 5
18 41 2 0
18 42 13 7
18 43 5 15
18 44 19 2
18 45 3 12
18 49 9 6
19 4 17 19
19 5 13 16
19 7 1 10
19 8 14 4
19 11 19 20
19 12 3 11
19 14 7 0
19 18 9 0
19 20 8 13
19 21 14 11
19 22 11 16
19 24 10 10
19 30 14 4
19 32 19 10
19 34 5 8
19 35 16 14
19 39 20 0
19 41 2 7
19 42 9 19
19 43 20 7
19 44 13 3
19 45 11 5
19 47 15 3
19 48 2 15
19 49 5 13
20 1 19 14
20 3 19 3
20 4 4 4
20 5 9 13
20 7 2 20
20 8 16 6
20 14 4 0
20 16 0 11
20 18 5 17
20 20 8 17
20 21 9 9
20 22 6 4
20 26 9 10
20 28 18 16
20 32 5 8
20 35 12 8
20 36 0 4
20 37 10 11
20 38 18 12
20 39 6 10
20 43 15 3
20 45 2 18
20 46 9 11
20 48 7 13
20 49 19 13
21 0 1 11
21 2 4 8
21 3 3 2
21 6 18 6
21 7 5 3
21 9 14 17
21 10 10 16
21 11 20 15
21 13 18 17
21 14 20 4
21 15 13 17
21 17 9 11
21 18 5 9
21 20 19 4
21 21 11 15
21 23 7 1
21 25 17 19
21 26 15 14
21 28 11 19
21 33 18 6
21 34 15 9
21 38 12 16
21 39 17 14
21 40 2 14
21 42 3 20
21 43 10 5
21 48 7 5
22 1 18 10
22 3 2 12
22 4 13 17
22 8 4 6
22 11 3 14
22 12 12 3
22 13 20 14
22 15 17 3
22 17 9 19
22 18 1 17
22 19 17 17
22 21 2 0
22 22 4 13
22 23 7 15
22 24 19 8
22 28 7 15
22 29 7 16
22 32 16 20
22 33 13 1
22 36 4 0
22 39 9 9
22 40 7 17
22 42 7 14
22 45 4 9
22 46 6 11
23 1 19 1
23 2 14 2
23 3 14 20
23 8 15 20
23 13 14 0
23 14 16 1
23 15 4 7
23 16 11 1
23 18 20 15
23 21 1 3
23 23 0 13
23 24 15 4
23 25 20 6
23 26 12 19
23 28 14 5
23 30 3 5
23 33 14 5
23 34 8 19
23 35 15 7
23 36 18 18
23 38 0 11
23 39 14 5
23 40 16 18
23 41 6 10
23 43 3 0
23 46 13 15
24 1 1 16
24 2 10 20
24 3 15 5
24 7 15 19
24 8 18 2
24 11 17 4
24 15 10 16
24 16 2 16
24 17 20 17
24 18 6 20
24 20 15 20
24 23 10 5
24 24 3 2
24 25 3 18
24 27 4 13
24 28 10 9
24 29 14 7
24 31 17 8
24 33 3 1
24 34 3 3
24 35 0 13
24 36 0 14
24 37 9 2
24 38 18 10
24 39 13 2
24 41 15 18
24 42 2 2
24 43 9 11
24 44 10 5
24 47 8 20
24 48 20 13
25 0 5 12
25 1 10 8
25 3 20 12
25 4 18 18
25 6 11 5
25 8 4 9
25 11 17 14
25 18 11 12
25 24 3 17
25 26 3 18
25 28 17 5
25 29 14 11
25 30 3 11
25 31 6 20
25 33 9 18
25 34 2 9
25 35 8 9
25 40 0 7
25 42 18 5
25 43 4 2
25 45 7 4
25 47 9 4
25 48 10 16
25 49 16 5
26 0 19 1
26 1 20 10
26 4 2 10
26 8 13 10
26 9 10 17
26 11 0 14
26 12 4 1
26 15 19 19
26 16 19 1
26 17 15 12
26 18 6 13
26 19 2 15
26 22 6 11
26 25 1 5
26 28 8 16
26 29 3 20
26 31 4 5
26 33 5 20
26 38 5 14
26 39 4 15
26 41 11 13
26 43 11 20
26 44 12 15
26 45 5 6
26 46 3 19
26 48 8 11
27 2 20 14
27 3 20 13
27 5 18 1
27 8 12 19
27 9 16 4
27 10 4 18
27 12 20 17
27 14 14 1
27 17 18 8
27 19 0 20
27 22 20 13
27 23 19 15
27 25 7 7
27 26 5 0
27 27 17 18
27 28 8 17
27 29 0 18
27 30 18 13
27 31 2 11
27 33 13 8
27 35 5 7
27 36 0 20
27 40 8 16
27 42 0 18
27 43 5 20
27 44 14 2
27 45 16 2
27 46 10 9
27 47 16 16
27 49 19 13
28 0 8 14
28 6 19 14
28 7 10 0
28 8 5 5
28 11 20 9
28 13 19 18
28 16 2 0
28 20 9 18
28 21 8 13
28 23 10 20
28 27 12 1
28 29 3 0
28 33 16 16
28 35 1 18
28 36 19 8
28 38 10 2
28 39 19 16
28 42 4 14
28 47 1 9
28 49 5 5
29 3 14 13
29 4 3 5
29 6 4 8
29 8 8 9
29 12 2 16
29 14 11 14
29 17 10 0
29 18 13 20
29 23 5 14
29 24 5 12
29 25 8 0
29 26 14 17
29 27 16 13
29 30 5 14
29 31 6 10
29 32 8 15
29 34 1 13
29 36 18 6
29 37 4 12
29 38 0 9
29 39 5 10
29 41 13 16
29 43 5 9
29 44 4 11
29 45 13 13
29 46 5 13
29 47 0 19
29 49 16 17
30 3 19 8
30 4 14 18
30 9 8 14
30 10 0 9
30 14 17 6
30 16 8 6
30 20 16 3
30 25 14 10
30 26 6 7
30 27 9 10
30 35 16 7
30 36 8 13
30 39 16 1
30 40 13 13
30 41 8 8
30 42 3 14
30 43 0 10
31 0 8 5
31 2 5 12
31 3 9 6
31 5 16 6
31 7 4 4
31 8 8 3
31 11 7 11
31 15 8 5
31 16 15 19
31 18 16 18
31 19 7 15
31 21 15 0
31 22 14 13
31 23 15 20
31 24 9 11
31 25 17 10
31 28 0 17
31 29 16 9
31 30 12 2
31 32 16 5
31 34 15 0
31 35 14 4
31 36 12 19
31 41 8 8
31 42 8 14
31 44 20 11
31 48 17 11
32 0 19 11
32 2 5 15
32 3 0 4
32 5 20 7
32 7 10 3
32 8 0 1
32 9 2 10
32 10 1 4
32 13 10 0
32 14 10 9
32 15 0 3
32 16 16 4
32 17 5 7
32 19 2 15
32 22 8 18
32 23 0 14
32 24 5 17
32 30 7 19
32 35 5 11
32 36 4 1
32 47 18 19
32 48 12 17
32 49 9 6
33 2 0 7
33 3 19 19
33 5 10 13
33 6 13 17
33 7 6 7
33 9 9 18
33 10 14 3
33 11 7 7
33 12 7 17
33 13 14 10
33 16 5 16
33 21 0 19
33 23 20 13
33 26 15 0
33 30 6 12
33 34 17 20
33 35 2 1
33 37 11 18
33 38 13 7
33 44 10 4
33 45 12 15
33 48 10 13
34 1 9 17
34 3 12 15
34 6 17 19
34 9 17 3
34 10 6 19
34 11 7 8
34 13 13 5
34 15 10 17
34 16 10 3
34 18 3 3
34 19 12 1
34 22 9 16
34 24 3 17
34 27 1 9
34 28 9 1
34 30 10 20
34 33 4 1
34 34 2 11
34 36 4 10
34 37 20 5
34 38 3 11
34 39 10 12
34 40 11 20
34 42 0 7
34 43 3 3
34 44 8 19
34 46 5 18
34 47 19 1
34 48 3 20
34 49 12 15
35 1 9 16
35 2 18 10
35 5 3 1
35 6 3 1
35 7 18 3
35 8 14 11
35 9 10 1
35 11 20 7
35 13 18 13
35 14 5 13
35 16 3 16
35 18 14 17
35 19 20 1
35 20 12 6
35 22 7 15
35 23 16 17
35 25 18 6
35 26 19 14
35 28 4 5
35 29 1 16
35 32 20 3
35 35 15 0
35 36 11 12
35 39 0 19
35 40 2 12
35 41 11 9
35 42 16 4
36 1 19 4
36 2 20 11
36 4 0 16
36 8 13 4
36 11 0 2
36 13 10 9
36 14 12 1
36 16 2 2
36 17 11 16
36 18 10 11
36 19 13 16
36 20 10 6
36 28 7 17
36 31 6 12
36 34 18 2
36 36 14 17
36 37 12 10
36 39 8 19
36 40 12 2
36 41 18 11
36 44 20 9
37 1 0 11
37 3 0 18
37 5 12 19
37 6 3 1
37 9 6 11
37 12 10 18
37 13 19 12
37 14 20 6
37 15 4 3
37 17 14 12
37 19 18 17
37 20 8 8
37 21 8 18
37 23 18 19
37 24 12 9
37 25 2 9
37 26 9 4
37 27 6 15
37 28 14 20
37 29 19 1
37 30 16 11
37 33 9 14
37 34 14 11
37 35 1 7
37 36 13 2
37 37 8 17
37 38 5 6
37 43 4 12
37 44 7 4
37 46 0 3
37 47 19 3
38 9 9 18
38 13 17 3
38 14 5 14
38 15 3 1
38 17 9 0
38 18 2 13
38 19 20 15
38 20 8 11
38 21 14 3
38 24 10 4
38 25 5 6
38 26 4 2
38 27 16 6
38 29 15 7
38 30 18 15
38 32 3 7
38 33 14 9
38 34 19 14
38 37 3 8
38 38 8 17
38 43 4 4
38 44 15 8
38 45 8 6
38 47 5 17
38 48 18 1
38 49 19 12
39 0 13 11
39 1 16 6
39 2 19 6
39 3 2 13
39 4 0 10
39 5 11 10
39 8 16 19
39 11 4 17
39 12 3 20
39 13 5 4
39 14 6 3
39 17 2 20
39 18 20 4
39 20 5 0
39 24 19 20
39 26 17 17
39 28 14 9
39 31 8 18
39 32 16 10
39 33 11 10
39 37 19 8
39 40 4 10
39 41 0 14
39 45 15 2
39 49 5 20
40 1 16 17
40 4 11 1
40 5 14 0
40 9 18 18
40 10 3 11
40 14 18 5
40 15 15 9
40 16 7 10
40 19 11 20
40 22 7 18
40 23 15 18
40 24 10 9
40 26 11 4
40 27 2 17
40 28 20 4
40 29 7 14
40 30 2 12
40 32 7 3
40 33 13 3
40 34 12 8
40 35 14 14
40 37 7 0
40 38 7 10
40 39 4 17
40 42 9 16
40 43 20 5
40 44 19 14
40 45 5 0
40 46 15 15
40 48 8 5
41 0 20 17
41 1 3 7
41 4 20 19
41 6 5 17
41 7 8 6
41 11 8 20
41 14 20 6
41 15 0 4
41 16 3 9
41 17 13 7
41 19 3 15
41 21 13 5
41 22 10 10
41 23 8 11
41 24 10 10
41 26 12 4
41 28 1 1
41 29 10 9
41 33 17 8
41 36 5 18
41 37 9 19
41 39 14 14
41 40 18 14
41 42 1 15
41 44 9 12
41 46 1 0
42 3 16 12
42 4 20 7
42 5 12 20
42 6 11 4
42 7 9 7
42 8 1 19
42 9 0 19
42 10 15 14
42 11 3 11
42 12 1 20
42 13 5 13
42 14 19 11
42 15 16 3
42 19 10 9
42 20 5 5
42 21 20 5
42 22 5 10
42 25 14 19
42 26 9 13
42 27 1 11
42 29 9 14
42 30 18 6
42 31 18 17
42 34 14 8
42 36 8 7
42 37 3 7
42 39 3 3
42 41 0 0
42 43 10 4
42 44 3 10
42 45 16 2
42 46 11 6
42 47 5 12
42 48 12 4
42 49 17 5
43 0 8 17
43 1 7 12
43 5 2 17
43 7 20 9
43 8 19 0
43 13 15 17
43 14 4 15
43 15 17 7
43 16 5 13
43 17 8 4
43 18 19 13
43 19 9 14
43 20 2 15
43 22 20 6
43 23 12 20
43 28 10 14
43 30 13 1
43 32 2 16
43 33 19 7
43 35 1 20
43 40 12 14
43 43 4 14
43 46 10 5
43 47 10 6
43 48 19 17
43 49 3 18
44 3 0 10
44 5 3 8
44 6 3 10
44 8 20 6
44 10 17 3
44 15 18 16
44 17 5 1
44 18 12 12
44 19 10 14
44 21 16 12
44 22 3 19
44 25 6 0
44 31 13 0
44 32 1 14
44 33 13 1
44 36 19 3
44 37 13 10
44 38 12 2
44 39 7 15
44 40 14 20
44 41 14 5
44 44 1 13
44 47 8 3
45 0 10 13
45 1 0 10
45 2 17 14
45 3 6 2
45 5 16 2
45 6 10 14
45 9 2 14
45 12 3 17
45 13 18 13
45 14 11 15
45 15 1 7
45 16 14 10
45 17 19 2
45 18 5 11
45 23 2 13
45 25 18 18
45 28 14 10
45 30 2 4
45 32 13 3
45 33 18 15
45 34 10 7
45 35 11 12
45 36 5 12
45 37 13 0
45 38 9 15
45 45 11 5
45 46 10 6
45 48 6 18
46 2 19 10
46 4 9 16
46 5 6 1
46 7 18 17
46 9 13 1
46 14 5 14
46 18 12 2
46 19 13 16
46 20 1 19
46 24 11 8
46 26 20 7
46 28 7 14
46 31 17 11
46 32 16 12
46 34 8 19
46 36 15 17
46 37 14 5
46 40 4 17
46 41 5 9
46 42 7 4
46 43 3 12
46 44 16 17
46 47 7 1
46 49 6 16
47 0 0 6
47 1 18 10
47 6 4 14
47 7 9 1
47 11 15 12
47 12 20 5
47 19 5 3
47 21 20 11
47 23 5 7
47 25 17 4
47 26 15 2
47 31 11 20
47 37 14 6
47 39 4 20
47 41 15 15
47 46 3 0
47 48 8 10
48 0 11 18
48 1 20 1
48 3 17 19
48 4 0 16
48 5 2 18
48 6 15 18
48 8 11 14
48 9 3 8
48 13 5 18
48 15 13 10
48 18 9 14
48 20 11 15
48 21 17 0
48 23 12 15
48 24 18 11
48 26 6 18
48 27 20 13
48 30 14 6
48 32 12 3
48 34 9 17
48 36 4 0
48 37 15 1
48 38 17 14
48 39 2 13
48 41 19 7
48 42 8 13
48 43 0 20
48 44 15 17
48 49 8 2
49 1 16 19
49 2 5 9
49 6 15 2
49 8 4 8
49 9 5 16
49 12 3 15
49 15 17 2
49 17 12 19
49 18 17 19
49 19 3 20
49 21 8 1
49 24 15 14
49 25 14 14
49 26 8 7
49 28 2 6
49 31 11 17
49 33 6 1
49 38 11 13
49 44 2 13
49 46 6 7
49 49 15 12
