50
2
0 0 9 16
0 1 15 20
0 3 15 2
0 5 14 10
0 10 0 9
0 12 11 2
0 13 6 0
0 17 16 3
0 22 18 13
0 24 16 7
0 25 3 7
0 26 19 11
0 27 12 15
0 28 3 11
0 33 3 9
0 35 10 16
0 36 1 8
0 37 13 1
0 39 4 18
0 43 19 6
0 48 2 2
1 0 11 2
1 1 6 8
1 2 14 6
1 3 20 10
1 4 18 7
1 5 20 14
1 7 10 1
1 8 19 14
1 10 18 16
1 12 16 11
1 13 5 20
1 14 4 0
1 19 19 17
1 21 11 8
1 22 19 1
1 23 16 2
1 24 19 14
1 26 5 1
1 29 12 8
1 32 5 5
1 33 0 3
1 34 12 18
1 37 5 14
1 39 19 16
1 40 14 0
1 43 2 11
1 45 4 8
1 47 4 13
1 48 9 19
1 49 13 17
2 1 10 4
2 3 14 16
2 4 4 15
2 5 10 8
2 8 11 6
2 9 17 2
2 12 13 18
2 20 4 15
2 21 12 19
2 22 1 3
2 23 17 3
2 29 7 8
2 33 2 19
2 35 14 14
2 41 12 14
2 44 20 0
2 45 19 19
2 48 14 20
2 49 0 17
3 0 6 18
3 11 20 9
3 16 2 15
3 17 16 4
3 18 8 0
3 19 2 8
3 20 20 13
3 22 7 8
3 24 11 2
3 25 20 19
3 26 2 20
3 29 9 3
3 32 15 15
3 35 20 0
3 36 3 14
3 39 13 6
3 40 1 13
3 41 1 10
3 46 3 5
3 49 17 3
4 0 4 20
4 5 13 13
4 7 16 18
4 9 11 9
4 10 7 8
4 11 9 2
4 12 8 2
4 13 7 0
4 19 1 18
4 20 5 6
4 21 7 18
4 22 19 13
4 24 7 12
4 26 17 11
4 27 2 9
4 28 13 1
4 30 4 6
4 32 8 8
4 34 16 4
4 35 4 18
4 36 13 9
4 37 11 10
4 38 3 17
4 40 13 7
4 41 12 2
4 42 1 3
4 43 11 2
4 44 1 1
4 45 17 13
4 47 8 6
5 2 7 18
5 6 8 14
5 10 7 3
5 11 9 13
5 14 11 6
5 16 9 0
5 21 8 18
5 22 3 17
5 23 11 15
5 24 17 16
5 25 1 14
5 27 3 0
5 28 11 17
5 29 13 5
5 30 12 18
5 39 10 15
5 42 2 10
5 43 7 16
5 44 8 13
5 45 11 8
6 0 2 0
6 1 16 20
6 3 3 1
6 5 20 1
6 7 10 6
6 11 5 2
6 15 12 20
6 17 14 0
6 18 6 0
6 19 2 0
6 20 1 0
6 21 6 18
6 25 0 3
6 26 0 10
6 27 9 19
6 29 11 17
6 33 20 0
6 44 9 11
6 46 13 3
6 48 9 13
6 49 13 3
7 0 10 0
7 1 16 12
7 3 2 5
7 4 2 3
7 7 11 14
7 8 9 20
7 9 2 20
7 12 4 10
7 13 17 12
7 14 12 2
7 15 3 5
7 17 5 18
7 18 4 9
7 20 12 7
7 21 18 2
7 22 18 9
7 27 17 1
7 28 6 7
7 29 4 17
7 30 14 11
7 33 16 14
7 35 14 14
7 37 10 7
7 40 14 15
7 41 6 16
7 43 13 13
7 45 17 7
7 47 2 7
7 48 7 16
7 49 9 1
8 1 4 1
8 4 14 17
8 5 19 7
8 9 0 16
8 10 5 3
8 11 9 2
8 13 10 20
8 15 4 19
8 24 16 6
8 28 15 8
8 30 10 17
8 33 18 5
8 36 3 14
8 38 16 18
8 39 4 3
8 40 19 1
8 41 1 0
8 43 20 0
8 44 3 9
8 47 1 7
9 1 10 0
9 3 11 18
9 4 0 10
9 5 7 1
9 6 3 3
9 7 10 17
9 9 19 0
9 10 13 4
9 11 7 12
9 13 20 7
9 14 20 15
9 16 18 5
9 17 18 12
9 20 2 11
9 21 13 6
9 22 7 18
9 24 9 8
9 26 4 2
9 28 3 17
9 29 15 1
9 31 2 16
9 32 2 17
9 33 5 13
9 34 12 11
9 35 14 9
9 37 13 16
9 38 13 20
9 39 8 19
9 44 3 14
9 46 17 0
9 47 18 11
9 48 18 13
10 1 13 7
10 6 19 10
10 9 12 20
10 10 17 16
10 11 4 15
10 13 1 19
10 14 8 14
10 16 7 20
10 17 1 15
10 18 19 20
10 20 12 10
10 21 8 11
10 24 6 18
10 25 20 1
10 26 18 0
10 27 2 10
10 29 16 3
10 30 20 19
10 33 1 8
10 34 1 3
10 37 5 5
10 38 16 18
10 40 3 18
10 41 0 17
10 42 0 15
10 44 15 10
10 46 6 17
10 49 13 17
11 1 20 9
11 2 8 1
11 3 2 2
11 4 19 4
11 6 2 7
11 8 18 2
11 9 6 9
11 10 15 4
11 11 4 17
11 12 20 16
11 15 5 13
11 16 4 5
11 17 8 15
11 18 15 0
11 19 20 16
11 20 18 19
11 21 2 4
11 23 18 4
11 25 16 2
11 26 3 13
11 28 1 6
11 29 3 8
11 30 19 9
11 31 20 18
11 34 0 19
11 35 0 16
11 38 2 6
11 40 10 4
11 41 13 20
11 43 19 19
11 44 13 9
11 46 13 7
11 47 1 7
11 48 1 12
12 3 11 5
12 5 7 1
12 7 11 7
12 10 6 9
12 11 10 19
12 14 2 10
12 16 13 6
12 18 10 10
12 21 16 19
12 25 9 18
12 27 11 10
12 28 5 2
12 30 2 0
12 32 5 15
12 33 2 0
12 34 7 6
12 36 5 2
12 37 13 15
12 38 14 16
12 39 0 14
12 42 1 10
12 43 11 16
12 47 12 6
12 48 2 18
13 0 20 9
13 1 13 19
13 2 18 18
13 3 11 18
13 4 6 8
13 5 16 18
13 6 20 12
13 7 0 14
13 8 7 10
13 9 10 3
13 11 3 16
13 16 10 15
13 18 14 7
13 19 7 5
13 21 14 17
13 22 7 20
13 23 8 2
13 24 0 18
13 25 6 7
13 26 6 16
13 28 7 16
13 29 12 13
13 30 17 0
13 31 15 3
13 32 18 11
13 33 3 6
13 34 8 20
13 35 10 6
13 36 9 0
13 38 2 16
13 40 11 0
13 41 11 17
13 43 15 20
13 45 20 0
13 46 5 17
13 47 14 4
13 49 20 14
14 0 18 5
14 1 18 5
14 2 13 4
14 8 10 15
14 9 9 16
14 10 1 16
14 13 19 12
14 15 4 2
14 17 11 3
14 21 18 0
14 25 17 3
14 26 11 12
14 28 3 4
14 29 4 8
14 30 4 12
14 32 6 20
14 33 14 6
14 34 0 10
14 37 4 19
14 39 11 10
14 42 8 4
14 48 18 12
14 49 11 2
15 0 4 20
15 1 14 18
15 5 15 7
15 7 18 14
15 10 9 5
15 11 6 5
15 13 12 17
15 16 19 1
15 19 18 6
15 20 1 8
15 25 18 5
15 26 13 20
15 29 18 17
15 31 14 12
15 32 4 20
15 33 10 12
15 35 19 1
15 36 11 14
15 39 0 9
15 40 1 19
15 41 5 15
15 42 9 14
15 45 17 1
15 46 2 0
15 47 20 3
15 48 1 8
16 2 6 9
16 3 0 6
16 4 15 5
16 5 11 14
16 6 4 16
16 7 3 8
16 15 10 20
16 18 5 15
16 19 17 20
16 20 11 10
16 23 2 18
16 24 15 6
16 25 8 10
16 26 7 3
16 28 9 0
16 29 17 7
16 30 7 12
16 31 14 7
16 34 16 6
16 35 17 7
16 37 9 6
16 38 14 20
16 40 0 20
16 41 11 18
16 45 19 6
16 46 10 17
16 48 2 17
17 0 15 14
17 1 13 14
17 2 20 9
17 4 15 6
17 8 12 4
17 9 2 12
17 12 2 3
17 13 17 12
17 14 19 9
17 19 7 18
17 20 8 2
17 21 3 3
17 22 2 0
17 24 17 5
17 26 19 6
17 29 8 7
17 31 10 20
17 35 12 0
17 36 14 13
17 38 9 1
17 41 12 13
17 42 15 6
17 43 2 4
17 44 20 8
17 46 0 2
17 47 1 4
18 3 20 7
18 4 17 6
18 5 11 0
18 6 18 14
18 7 13 16
18 9 11 19
18 10 2 16
18 11 2 1
18 12 4 3
18 15 18 20
18 17 19 9
18 18 9 12
18 21 2 18
18 22 5 3
18 24 2 6
18 27 4 8
18 28 0 19
18 29 19 17
18 32 0 9
18 33 8 3
18 34 19 0
18 35 15 2
18 36 18 20
18 38 0 13
18 43 3 7
18 46 1 3
18 47 0 3
19 1 17 13
19 6 1 10
19 7 12 13
19 8 0 10
19 9 2 2
19 10 13 19
19 14 5 5
19 17 11 4
19 19 15 10
19 21 16 18
19 23 0 20
19 25 19 15
19 27 9 15
19 29 15 19
19 30 6 9
19 31 20 8
19 33 2 17
19 35 1 11
19 37 11 2
19 40 3 13
19 42 2 11
19 44 11 16
19 49 17 13
20 0 17 10
20 1 18 2
20 5 9 20
20 7 16 20
20 9 12 14
20 10 4 15
20 14 9 10
20 17 0 9
20 19 14 4
20 20 10 6
20 21 20 15
20 22 18 0
20 24 3 1
20 28 10 3
20 29 0 1
20 30 8 7
20 33 6 7
20 36 7 9
20 40 9 5
20 46 16 20
20 47 15 9
21 0 6 7
21 2 18 6
21 6 13 12
21 7 9 20
21 14 4 20
21 16 8 14
21 17 1 5
21 18 14 17
21 25 20 20
21 31 9 14
21 32 3 10
21 33 11 11
21 34 18 4
21 35 10 1
21 39 0 17
21 40 15 14
21 41 4 8
21 43 12 14
21 44 17 17
21 46 8 4
22 1 5 3
22 3 4 19
22 4 3 12
22 8 20 9
22 10 6 14
22 13 15 17
22 15 0 13
22 17 9 18
22 18 1 6
22 19 14 7
22 20 5 14
22 21 20 7
22 23 9 18
22 25 16 7
22 28 9 12
22 30 16 3
22 31 6 19
22 32 11 13
22 34 4 17
22 35 17 3
22 36 6 2
22 37 6 12
22 38 20 9
22 40 3 18
22 46 7 2
22 47 9 12
23 3 8 15
23 7 1 0
23 11 6 1
23 12 12 5
23 14 20 9
23 16 15 12
23 19 19 11
23 21 17 19
23 27 13 2
23 30 20 5
23 32 9 13
23 35 14 9
23 41 0 17
23 42 11 17
23 45 17 2
23 48 20 5
23 49 11 6
24 0 20 14
24 1 4 6
24 3 19 3
24 4 0 11
24 6 2 8
24 8 17 13
24 9 1 11
24 11 2 1
24 13 6 5
24 15 20 14
24 16 6 7
24 17 5 3
24 18 17 8
24 19 17 3
24 21 7 6
24 22 3 12
24 24 1 7
24 25 6 20
24 26 1 5
24 27 3 10
24 30 18 9
24 31 19 18
24 32 7 11
24 39 16 20
24 40 9 9
24 43 6 8
24 44 7 13
24 45 16 20
24 47 12 2
24 49 16 0
25 2 19 1
25 4 19 15
25 6 2 5
25 11 6 9
25 14 11 2
25 15 5 14
25 16 17 14
25 17 17 8
25 20 18 13
25 21 1 3
25 22 18 6
25 25 7 15
25 26 16 20
25 28 11 15
25 30 9 13
25 32 5 4
25 33 7 10
25 34 2 15
25 35 20 2
25 36 9 17
25 39 2 10
25 40 4 12
25 43 11 9
25 44 19 15
25 45 14 1
25 46 16 15
25 48 20 1
26 5 5 11
26 7 0 6
26 13 5 4
26 15 12 5
26 17 4 11
26 18 8 9
26 19 14 15
26 20 16 19
26 21 3 2
26 22 2 15
26 23 13 20
26 25 5 8
26 27 6 6
26 28 12 8
26 29 11 19
26 32 19 18
26 33 18 19
26 34 12 0
26 36 7 12
26 37 7 19
26 38 18 10
26 39 2 17
26 44 17 6
26 46 7 0
26 48 12 8
27 1 20 19
27 2 18 6
27 3 7 6
27 6 13 15
27 13 10 9
27 14 7 18
27 17 14 6
27 19 2 14
27 20 15 19
27 28 20 6
27 29 9 13
27 31 9 13
27 32 15 12
27 33 4 5
27 34 15 8
27 36 9 19
27 37 18 1
27 41 10 11
27 42 16 5
27 45 5 15
27 46 14 19
28 0 14 5
28 2 8 7
28 5 6 17
28 6 13 18
28 7 4 6
28 8 1 5
28 12 8 14
28 13 20 7
28 15 12 4
28 16 3 5
28 17 14 9
28 20 15 4
28 22 2 3
28 24 11 18
28 25 10 2
28 26 4 10
28 27 8 10
28 30 16 13
28 32 10 7
28 35 19 6
28 36 10 19
28 37 9 0
28 39 20 11
28 40 3 15
28 42 16 8
28 44 5 4
28 45 17 15
28 46 12 6
28 48 20 19
29 0 16 11
29 5 5 10
29 7 8 0
29 9 10 0
29 10 0 12
29 12 1 20
29 13 17 20
29 14 20 7
29 15 13 2
29 17 8 10
29 18 1 6
29 20 1 7
29 22 10 15
29 24 13 20
29 26 19 1
29 28 4 11
29 29 3 16
29 30 4 19
29 32 20 13
29 33 7 17
29 34 5 14
29 35 1 3
29 37 19 3
29 39 7 6
29 40 13 3
29 44 3 16
29 45 10 17
29 46 16 3
29 48 3 10
30 0 14 11
30 3 4 1
30 7 15 9
30 10 4 0
30 11 10 19
30 12 4 6
30 13 1 3
30 18 17 13
30 20 7 9
30 23 4 2
30 24 12 17
30 26 4 17
30 27 5 13
30 28 15 19
30 30 11 17
30 32 10 7
30 33 14 17
30 34 14 4
30 35 19 2
30 36 0 11
30 37 12 18
30 39 0 4
30 40 20 8
30 42 1 4
30 44 20 20
30 45 5 14
30 47 0 6
30 48 6 17
31 1 12 12
31 2 15 13
31 3 15 9
31 10 13 11
31 13 14 1
31 15 0 2
31 18 14 18
31 19 11 4
31 22 10 2
31 24 18 9
31 27 1 1
31 28 4 11
31 31 18 7
31 32 5 13
31 34 9 12
31 36 4 11
31 37 16 0
31 38 10 3
31 43 4 6
31 44 2 1
31 45 5 11
31 46 7 16
32 1 10 15
32 4 5 3
32 5 8 5
32 6 4 6
32 8 20 5
32 9 12 18
32 18 6 0
32 21 18 19
32 22 14 1
32 24 0 11
32 26 7 10
32 28 13 2
32 30 1 15
32 32 9 20
32 36 11 5
32 37 18 17
32 38 12 19
32 39 2 3
32 40 4 20
32 44 12 8
32 45 4 2
32 46 5 7
32 47 11 18
33 1 5 10
33 2 7 3
33 3 11 4
33 5 13 18
33 7 2 5
33 8 15 2
33 9 10 1
33 10 18 13
33 11 5 2
33 16 11 9
33 20 15 19
33 21 2 2
33 22 19 3
33 24 9 0
33 25 20 16
33 28 10 20
33 29 6 4
33 30 14 12
33 34 3 2
33 35 15 1
33 37 18 10
33 39 13 6
33 40 17 16
33 41 14 7
33 42 19 4
33 43 15 14
33 45 14 3
33 46 15 3
33 47 13 3
34 3 9 15
34 5 8 18
34 10 4 20
34 12 1 4
34 14 11 0
34 17 9 17
34 18 0 9
34 20 1 6
34 21 17 3
34 22 4 2
34 30 16 8
34 31 16 18
34 34 10 19
34 37 0 1
34 38 1 16
34 39 16 13
34 40 6 6
34 41 0 14
34 42 10 10
34 44 9 0
34 45 17 6
34 46 17 14
34 47 18 16
35 0 20 17
35 3 18 4
35 4 6 12
35 6 5 1
35 12 19 3
35 13 0 13
35 14 1 7
35 17 10 16
35 18 12 14
35 20 1 4
35 21 16 12
35 24 14 10
35 25 15 13
35 26 17 2
35 27 4 0
35 28 2 9
35 29 19 4
35 30 0 19
35 31 1 15
35 32 19 12
35 37 17 7
35 38 1 17
35 39 12 9
35 41 12 1
35 42 9 1
35 48 7 11
35 49 19 19
36 1 15 8
36 3 8 4
36 4 7 0
36 5 5 11
36 7 13 3
36 10 19 15
36 12 14 20
36 13 19 6
36 14 1 0
36 15 11 5
36 16 2 15
36 17 2 10
36 20 0 4
36 21 1 4
36 23 6 16
36 24 7 16
36 27 2 19
36 29 17 3
36 30 12 7
36 32 18 4
36 33 8 9
36 35 8 16
36 40 4 2
36 42 19 4
36 44 3 17
37 4 4 4
37 7 19 19
37 10 11 1
37 11 10 8
37 12 0 19
37 15 2 8
37 17 20 2
37 18 6 19
37 20 2 11
37 21 10 12
37 22 14 6
37 23 9 7
37 26 15 13
37 31 8 16
37 35 19 11
37 39 19 3
37 40 5 14
37 42 1 7
37 49 19 12
38 1 16 5
38 3 12 17
38 4 17 3
38 5 0 1
38 14 1 11
38 15 14 9
38 18 16 15
38 20 16 15
38 21 15 3
38 22 0 11
38 23 5 6
38 24 16 3
38 26 8 14
38 27 6 5
38 28 2 19
38 32 0 17
38 38 10 11
38 39 0 15
38 40 3 11
38 41 13 4
38 43 5 2
38 47 18 7
38 48 12 10
39 1 8 20
39 4 13 20
39 7 2 3
39 8 11 6
39 10 17 10
39 11 15 6
39 12 6 15
39 13 15 6
39 14 11 11
39 15 6 11
39 18 4 5
39 21 18 20
39 26 4 20
39 28 12 16
39 29 9 12
39 30 5 10
39 32 2 6
39 33 9 11
39 34 2 1
39 38 17 13
39 41 6 14
39 42 20 14
39 43 16 13
39 44 18 17
39 45 16 12
39 48 14 14
39 49 17 8
40 0 0 13
40 1 13 0
40 2 11 14
40 4 18 10
40 6 16 5
40 7 15 10
40 9 16 0
40 10 11 14
40 12 9 18
40 14 1 11
40 17 3 1
40 19 12 7
40 20 5 0
40 21 11 18
40 22 16 1
40 23 20 11
40 24 20 11
40 25 19 3
40 28 0 3
40 31 6 5
40 32 16 5
40 33 7 11
40 36 17 10
40 37 2 16
40 39 7 9
40 40 8 19
40 41 17 17
40 44 12 6
40 45 11 9
40 46 4 0
40 47 9 12
40 48 12 16
40 49 15 0
41 0 13 7
41 1 8 20
41 3 15 8
41 5 7 3
41 6 9 14
41 7 17 9
41 9 11 12
41 12 14 11
41 13 17 1
41 14 18 8
41 16 14 15
41 17 11 0
41 19 5 15
41 20 17 7
41 21 0 10
41 22 0 3
41 23 20 3
41 25 8 11
41 26 6 19
41 27 2 10
41 28 17 9
41 29 17 5
41 31 4 0
41 32 15 5
41 33 16 16
41 35 18 19
41 37 13 7
41 39 16 4
41 40 5 0
41 44 10 10
41 45 9 1
42 0 3 3
42 1 10 5
42 4 10 0
42 5 8 13
42 7 20 10
42 9 15 20
42 10 3 14
42 13 3 0
42 16 0 1
42 19 5 14
42 20 8 7
42 22 4 9
42 23 6 13
42 24 11 19
42 26 14 8
42 28 2 17
42 29 18 5
42 30 5 3
42 34 14 12
42 35 7 10
42 36 10 2
42 37 20 7
42 39 2 2
42 40 11 19
42 43 3 14
42 48 7 7
42 49 11 11
43 1 9 20
43 2 20 4
43 4 12 10
43 5 2 3
43 7 20 10
43 8 6 3
43 12 5 20
43 14 1 3
43 21 16 2
43 22 11 13
43 23 17 7
43 24 2 4
43 25 7 11
43 26 13 8
43 34 19 13
43 35 5 15
43 36 4 12
43 37 17 9
43 38 16 5
43 39 8 7
43 40 3 19
43 41 7 4
43 42 2 20
43 44 19 10
43 46 4 0
43 47 15 6
43 48 7 19
44 0 13 14
44 1 6 16
44 4 15 16
44 5 2 3
44 6 7 8
44 7 15 15
44 8 20 12
44 10 15 7
44 11 16 5
44 13 16 11
44 16 16 17
44 18 10 16
44 19 0 18
44 20 19 4
44 21 7 15
44 22 14 11
44 23 3 16
44 26 15 13
44 28 0 11
44 30 10 20
44 32 6 11
44 33 18 6
44 34 9 0
44 35 7 16
44 37 3 20
44 39 15 16
44 41 5 0
44 43 7 12
44 44 15 19
44 46 7 20
44 47 1 3
44 49 19 12
45 0 18 13
45 1 19 13
45 2 4 0
45 3 1 20
45 4 15 10
45 7 20 1
45 8 6 15
45 9 9 20
45 13 4 5
45 15 17 7
45 18 16 18
45 20 1 0
45 21 6 15
45 23 7 2
45 25 0 5
45 26 1 6
45 27 2 11
45 29 14 5
45 30 16 18
45 31 20 4
45 32 10 4
45 36 13 0
45 38 10 18
45 42 9 11
45 46 15 20
45 47 18 1
45 48 17 6
45 49 10 5
46 1 2 14
46 2 14 3
46 6 5 12
46 9 13 15
46 11 10 2
46 12 10 19
46 14 9 4
46 15 10 5
46 16 6 9
46 22 4 15
46 25 9 1
46 26 12 6
46 27 0 17
46 32 15 12
46 33 5 11
46 37 8 15
46 39 16 18
46 41 19 5
46 42 2 0
46 43 13 20
46 46 8 5
46 47 12 10
46 48 2 16
47 2 3 9
47 3 18 7
47 6 20 13
47 9 5 8
47 10 19 20
47 12 10 14
47 15 14 8
47 16 4 12
47 17 14 10
47 19 13 9
47 21 2 12
47 22 12 4
47 24 12 5
47 26 19 20
47 28 14 7
47 31 10 16
47 33 6 15
47 34 18 15
47 36 14 11
47 38 16 4
47 39 1 4
47 40 3 8
47 41 7 10
47 42 6 4
47 47 16 13
48 1 0 20
48 2 13 5
48 11 3 19
48 14 4 5
48 15 4 16
48 17 6 16
48 18 12 6
48 19 5 17
48 23 20 16
48 25 10 15
48 30 20 20
48 31 12 3
48 32 3 2
48 34 12 20
48 36 18 19
48 38 0 5
48 42 1 6
48 44 11 1
48 45 7 11
49 1 17 9
49 2 11 5
49 5 10 10
49 6 13 12
49 8 9 13
49 11 13 18
49 12 12 14
49 15 20 0
49 16 13 1
49 19 16 19
49 20 9 8
49 21 4 11
49 22 19 16
49 24 13 9
49 27 4 13
49 29 10 14
49 30 9 15
49 31 8 17
49 32 3 12
49 38 0 2
49 39 2 3
49 40 19 10
49 42 4 13
49 43 10 19
49 46 20 11
