50
2
0 0 11 10
0 1 12 19
0 2 10 20
0 3 9 5
0 12 17 7
0 17 18 17
0 18 1 19
0 20 12 0
0 23 4 0
0 26 16 5
0 28 13 19
0 29 17 9
0 30 1 0
0 32 20 5
0 37 14 16
0 39 4 20
0 40 8 0
0 42 2 10
0 43 17 9
0 45 7 4
0 48 15 19
1 1 5 20
1 5 13 12
1 6 6 7
1 7 11 1
1 8 18 9
1 9 13 12
1 11 3 18
1 12 2 4
1 14 16 1
1 15 4 13
1 18 11 12
1 21 8 9
1 23 7 18
1 24 3 11
1 25 15 9
1 26 12 9
1 27 13 10
1 29 13 17
1 30 18 2
1 33 14 18
1 34 17 20
1 37 12 15
1 38 19 5
1 39 3 14
1 40 14 4
1 42 19 16
1 43 2 18
1 46 10 19
1 49 15 5
2 0 11 1
2 2 16 11
2 6 18 18
2 7 7 2
2 8 0 0
2 9 20 0
2 12 11 1
2 14 6 6
2 15 16 8
2 16 16 8
2 18 13 18
2 19 2 7
2 21 20 2
2 26 1 16
2 28 16 13
2 29 14 5
2 30 17 9
2 31 12 1
2 32 7 13
2 34 5 9
2 35 1 13
2 37 8 16
2 39 14 11
2 42 2 14
2 43 11 6
2 46 9 0
2 49 7 17
3 1 16 4
3 2 19 9
3 3 5 19
3 6 3 4
3 7 13 17
3 9 15 14
3 10 18 9
3 12 11 16
3 13 3 6
3 16 8 16
3 18 9 19
3 19 9 7
3 20 17 18
3 25 11 9
3 28 15 15
3 29 3 4
3 30 13 13
3 31 14 15
3 32 8 0
3 34 13 1
3 35 13 14
3 39 20 6
3 44 11 20
3 45 8 16
3 47 7 6
3 48 6 18
3 49 7 6
4 1 17 1
4 3 14 3
4 6 9 6
4 10 7 4
4 15 10 4
4 16 7 0
4 17 14 8
4 18 14 8
4 20 2 1
4 21 2 9
4 23 20 20
4 24 10 13
4 32 15 18
4 33 8 6
4 34 9 4
4 35 12 0
4 37 12 19
4 38 4 12
4 40 19 15
4 41 0 17
4 42 20 14
4 43 16 5
4 45 16 5
4 47 7 9
4 48 7 4
4 49 14 0
5 0 17 12
5 1 3 12
5 3 4 0
5 4 4 18
5 8 8 13
5 9 6 8
5 10 13 12
5 12 10 7
5 15 18 3
5 16 0 10
5 19 7 13
5 21 15 8
5 23 6 20
5 25 7 18
5 26 9 3
5 28 16 11
5 30 5 2
5 33 1 17
5 35 10 11
5 37 6 10
5 41 4 1
5 42 8 5
5 43 4 15
5 44 9 3
5 46 8 11
5 49 4 11
6 1 11 5
6 2 20 12
6 4 20 2
6 5 19 2
6 6 18 4
6 7 3 15
6 8 12 11
6 9 20 5
6 12 11 6
6 14 6 16
6 18 4 13
6 19 19 18
6 20 4 9
6 21 12 17
6 22 7 10
6 23 11 12
6 26 19 16
6 27 14 18
6 30 0 11
6 31 0 7
6 32 12 12
6 33 18 4
6 34 4 19
6 39 8 15
6 41 15 10
6 42 1 1
6 43 1 15
6 44 8 10
6 45 1 2
6 47 17 10
6 48 17 14
6 49 16 11
7 0 11 19
7 3 14 9
7 7 13 8
7 8 4 12
7 10 2 20
7 11 6 6
7 13 14 11
7 14 16 12
7 15 0 11
7 17 8 14
7 19 0 9
7 20 8 14
7 23 5 9
7 24 2 7
7 25 15 16
7 26 8 17
7 31 8 1
7 33 4 3
7 34 19 5
7 35 13 12
7 37 14 15
7 39 17 11
7 44 20 7
7 47 17 15
7 49 1 10
8 1 2 12
8 3 9 12
8 5 0 15
8 7 4 16
8 8 6 6
8 9 20 1
8 12 10 8
8 13 5 12
8 15 1 3
8 16 18 7
8 17 6 19
8 19 6 8
8 20 18 0
8 22 7 14
8 23 11 0
8 24 18 14
8 26 7 12
8 29 5 11
8 30 19 15
8 31 1 15
8 34 11 1
8 36 8 0
8 38 3 13
8 40 2 14
8 42 17 15
8 43 20 4
9 1 14 3
9 3 10 6
9 7 14 16
9 8 7 2
9 10 9 6
9 14 14 14
9 16 19 7
9 18 20 4
9 19 3 1
9 22 17 5
9 23 7 8
9 24 13 8
9 25 13 20
9 27 8 7
9 28 4 8
9 29 19 16
9 30 13 8
9 33 16 2
9 35 15 17
9 36 4 10
9 42 16 4
9 43 18 13
9 44 18 10
9 45 11 14
9 46 1 19
9 47 16 10
9 48 13 18
9 49 7 13
10 0 7 3
10 11 14 15
10 14 9 2
10 18 0 14
10 20 6 9
10 21 16 8
10 24 18 14
10 26 19 9
10 27 9 7
10 30 5 13
10 33 8 3
10 34 4 15
10 36 11 20
10 37 8 12
10 39 12 18
10 40 12 12
10 41 10 16
10 43 17 1
10 45 8 8
10 46 2 6
11 1 5 3
11 3 14 19
11 4 12 5
11 5 3 9
11 6 9 2
11 7 10 7
11 8 14 8
11 11 13 5
11 15 9 2
11 18 3 16
11 21 0 6
11 26 17 13
11 28 6 11
11 33 7 7
11 34 9 20
11 35 18 19
11 36 7 4
11 38 15 4
11 41 18 6
11 42 9 15
11 45 16 2
11 46 6 20
11 48 19 17
12 0 6 20
12 1 19 18
12 4 12 15
12 6 20 9
12 9 14 7
12 12 15 0
12 14 11 5
12 16 13 7
12 17 4 18
12 25 14 20
12 26 17 17
12 28 11 13
12 29 11 15
12 30 4 7
12 31 8 17
12 36 9 7
12 38 16 7
12 41 6 16
12 42 2 6
12 43 8 17
12 45 14 6
12 46 17 4
12 47 1 8
12 48 0 16
12 49 8 19
13 3 11 8
13 6 13 4
13 7 10 13
13 12 1 3
13 13 1 16
13 16 6 11
13 17 6 4
13 20 8 8
13 21 8 18
13 22 5 9
13 23 11 12
13 24 10 20
13 25 13 4
13 28 15 4
13 29 14 0
13 33 17 3
13 38 20 17
13 39 9 14
13 48 5 9
13 49 9 6
14 0 15 10
14 2 3 15
14 3 6 15
14 6 2 3
14 9 0 5
14 10 9 13
14 14 2 17
14 15 5 2
14 16 12 18
14 17 4 18
14 18 11 18
14 19 17 19
14 20 3 15
14 22 1 3
14 24 14 17
14 25 3 4
14 26 5 5
14 29 6 19
14 30 8 18
14 37 5 10
14 40 14 4
14 41 2 11
14 42 12 3
14 45 13 19
15 0 20 19
15 1 4 2
15 3 20 19
15 6 14 18
15 8 16 7
15 10 18 15
15 11 4 8
15 13 4 15
15 16 15 7
15 17 6 14
15 19 16 14
15 21 6 18
15 22 8 19
15 26 4 19
15 27 9 8
15 30 5 14
15 31 3 4
15 32 5 3
15 34 0 19
15 37 18 13
15 38 7 1
15 40 6 3
15 42 8 8
15 43 14 20
15 44 18 15
15 47 4 3
15 48 20 12
16 0 15 13
16 2 3 9
16 3 4 3
16 4 14 11
16 10 11 10
16 11 9 19
16 12 0 3
16 14 2 9
16 15 16 2
16 18 9 6
16 21 9 4
16 22 13 15
16 23 16 15
16 24 7 8
16 25 2 12
16 27 2 1
16 28 18 1
16 29 19 15
16 30 1 13
16 31 19 12
16 33 19 16
16 34 9 19
16 42 1 8
16 43 0 5
16 44 19 4
16 45 13 4
17 4 17 10
17 5 9 20
17 6 13 0
17 7 18 0
17 10 7 6
17 11 19 2
17 13 20 19
17 15 20 0
17 16 1 12
17 17 0 0
17 19 8 18
17 20 10 10
17 21 12 8
17 25 13 20
17 28 8 3
17 29 2 19
17 33 16 0
17 34 0 20
17 37 8 1
17 39 6 4
17 40 7 10
17 41 14 6
17 44 7 13
17 46 8 19
17 47 18 15
18 0 19 11
18 1 5 16
18 5 7 6
18 6 17 15
18 15 4 13
18 16 16 1
18 20 9 0
18 21 6 11
18 22 0 4
18 27 17 6
18 29 11 9
18 30 10 4
18 34 0 7
18 36 5 16
18 40 15 0
18 41 16 16
18 43 16 14
18 44 1 11
18 45 10 14
18 46 19 14
18 47 14 12
18 49 5 13
19 0 3 9
19 3 7 20
19 5 12 15
19 6 4 15
19 7 12 2
19 9 20 6
19 12 19 0
19 16 16 16
19 18 0 17
19 19 5 0
19 20 7 1
19 21 2 2
19 22 16 5
19 24 12 17
19 25 10 8
19 26 15 4
19 27 13 3
19 28 1 1
19 30 11 8
19 36 20 4
19 40 7 16
19 42 12 1
19 45 12 17
19 48 9 0
20 1 7 17
20 9 13 3
20 10 6 2
20 11 5 3
20 12 4 15
20 20 6 2
20 21 20 17
20 22 20 9
20 26 0 15
20 27 9 12
20 28 19 19
20 30 18 3
20 32 20 14
20 33 10 15
20 35 3 10
20 36 9 7
20 38 11 13
20 40 15 19
20 47 4 6
20 48 9 6
20 49 16 4
21 1 8 4
21 2 1 19
21 3 2 19
21 4 8 2
21 5 9 16
21 6 18 3
21 9 17 1
21 10 0 15
21 14 11 3
21 15 16 13
21 16 11 13
21 20 5 12
21 25 2 4
21 27 2 4
21 28 2 20
21 31 8 8
21 32 18 7
21 34 20 1
21 35 1 14
21 37 17 14
21 40 6 20
21 41 0 11
21 43 18 6
21 44 0 13
21 46 20 12
21 47 15 8
21 48 1 4
21 49 19 10
22 0 17 3
22 3 3 17
22 4 18 5
22 5 17 5
22 8 2 3
22 10 3 9
22 11 20 18
22 16 5 16
22 18 1 7
22 19 16 9
22 23 7 5
22 25 16 1
22 28 11 6
22 31 1 10
22 32 15 7
22 34 8 17
22 35 0 11
22 38 3 5
22 39 2 1
22 40 8 19
22 41 14 13
22 42 15 11
22 43 11 10
22 44 20 16
22 45 15 7
22 46 0 9
22 47 11 6
22 48 1 17
23 0 13 8
23 1 8 8
23 5 3 17
23 6 3 16
23 9 8 4
23 10 10 16
23 14 9 0
23 15 17 4
23 17 4 16
23 21 18 10
23 24 18 19
23 27 5 18
23 28 3 18
23 30 8 11
23 31 18 5
23 32 12 7
23 35 14 2
23 36 11 3
23 44 9 0
23 45 6 15
23 46 6 18
23 48 16 8
23 49 10 17
24 3 13 17
24 9 1 11
24 11 13 19
24 15 12 20
24 19 11 16
24 21 10 4
24 24 12 10
24 25 11 7
24 28 16 20
24 29 6 2
24 30 11 10
24 31 4 1
24 34 12 19
24 36 9 8
24 37 19 14
24 39 19 10
24 41 9 16
24 42 14 16
24 47 11 20
24 48 3 3
25 0 7 4
25 3 20 7
25 9 13 17
25 13 11 3
25 14 18 10
25 16 14 5
25 18 13 16
25 19 20 6
25 21 15 14
25 22 10 10
25 24 8 7
25 25 6 12
25 27 10 18
25 29 1 14
25 33 16 2
25 34 20 9
25 36 15 10
25 38 15 17
25 40 18 14
25 41 0 17
25 45 8 17
25 46 18 14
25 49 19 10
26 0 9 13
26 1 17 7
26 4 5 9
26 8 15 7
26 10 4 16
26 11 3 1
26 14 19 7
26 16 14 10
26 17 6 19
26 18 20 12
26 19 14 1
26 20 19 3
26 21 2 4
26 22 10 9
26 23 19 7
26 25 9 19
26 28 16 8
26 29 6 2
26 30 15 18
26 31 1 8
26 33 10 4
26 39 9 2
26 41 5 13
26 42 8 4
26 45 11 19
26 46 16 16
26 47 0 5
26 48 4 2
27 2 11 7
27 3 14 18
27 4 11 13
27 5 20 8
27 9 12 15
27 11 16 1
27 12 19 7
27 14 7 19
27 15 13 7
27 16 6 3
27 18 11 9
27 19 20 3
27 23 11 6
27 26 12 12
27 27 8 6
27 28 10 4
27 30 18 3
27 40 3 19
27 41 10 8
27 42 3 15
27 43 9 16
27 48 6 6
28 0 9 10
28 1 6 8
28 2 15 8
28 6 14 16
28 8 4 2
28 10 13 3
28 11 18 12
28 13 15 20
28 18 18 6
28 19 5 8
28 20 14 15
28 21 16 6
28 24 4 18
28 27 4 20
28 29 16 13
28 31 13 18
28 34 0 19
28 35 7 13
28 38 17 0
28 41 4 4
28 42 10 7
28 43 17 19
28 44 12 9
28 45 19 20
28 46 7 18
28 47 9 20
28 49 16 11
29 3 12 15
29 5 8 11
29 7 5 5
29 9 12 1
29 13 3 17
29 17 2 2
29 20 2 4
29 21 18 16
29 22 3 9
29 25 3 8
29 26 0 12
29 27 13 3
29 32 11 17
29 34 8 10
29 35 12 15
29 37 18 7
29 39 14 6
29 40 17 15
29 46 6 14
29 47 0 15
30 1 11 14
30 2 12 19
30 3 5 18
30 6 6 10
30 9 17 5
30 11 8 1
30 14 16 3
30 16 16 19
30 17 8 15
30 18 6 20
30 22 20 12
30 23 20 12
30 26 10 18
30 28 19 1
30 30 13 5
30 31 2 0
30 36 5 19
30 38 7 19
30 40 8 19
30 42 0 10
30 44 17 4
30 49 15 13
31 0 10 0
31 2 15 15
31 9 0 14
31 10 19 14
31 12 20 11
31 13 0 11
31 14 8 7
31 15 15 9
31 16 15 7
31 17 15 8
31 18 11 15
31 20 15 17
31 21 6 19
31 22 6 12
31 24 0 8
31 27 18 1
31 28 6 3
31 30 4 6
31 32 6 0
31 34 15 13
31 39 15 2
31 40 7 6
31 42 14 7
31 43 18 6
31 44 16 16
31 47 1 20
31 49 17 6
32 0 20 1
32 1 10 17
32 3 9 16
32 4 15 1
32 5 16 14
32 6 10 15
32 7 4 11
32 9 2 3
32 14 4 4
32 23 16 19
32 27 18 13
32 29 1 0
32 30 1 7
32 31 12 7
32 32 19 8
32 33 14 15
32 34 17 20
32 35 20 20
32 37 15 11
32 38 19 9
32 39 1 1
32 40 13 3
32 42 10 2
32 43 0 2
32 44 17 16
32 46 18 18
33 1 9 2
33 4 8 13
33 5 6 6
33 8 12 20
33 10 17 17
33 11 5 16
33 12 12 2
33 14 9 18
33 15 7 0
33 17 11 6
33 18 4 18
33 19 8 13
33 22 0 20
33 24 2 16
33 26 10 10
33 27 3 8
33 28 8 4
33 29 5 8
33 31 6 20
33 32 2 2
33 34 10 15
33 37 20 20
33 39 11 11
33 40 1 7
33 41 20 11
33 42 15 13
33 47 20 16
33 48 8 5
34 0 0 4
34 3 6 12
34 4 7 0
34 11 12 13
34 13 0 10
34 16 10 5
34 17 2 3
34 19 2 3
34 20 2 4
34 26 9 13
34 31 8 5
34 32 5 17
34 33 5 1
34 35 1 6
34 37 12 3
34 38 0 10
34 41 20 0
34 43 19 18
34 44 3 17
34 45 3 10
35 1 7 6
35 2 7 14
35 5 18 18
35 6 12 14
35 8 3 19
35 9 6 3
35 10 3 6
35 11 18 3
35 12 19 9
35 15 18 0
35 18 12 14
35 19 8 6
35 20 18 8
35 28 11 19
35 30 16 17
35 33 5 5
35 34 2 4
35 37 12 19
35 38 13 9
35 40 18 0
35 44 7 0
35 48 4 15
36 1 10 8
36 3 18 6
36 4 19 14
36 6 13 1
36 8 7 6
36 11 2 7
36 13 14 12
36 20 7 15
36 22 19 8
36 23 19 1
36 27 9 20
36 28 2 9
36 30 11 11
36 31 7 1
36 32 2 16
36 36 12 3
36 37 8 9
36 40 3 19
36 41 17 11
36 42 16 7
36 44 10 3
36 45 13 5
36 46 20 9
36 48 2 13
37 3 19 5
37 6 4 19
37 11 4 17
37 12 14 14
37 14 18 9
37 15 15 4
37 16 3 15
37 17 14 8
37 20 19 9
37 23 11 6
37 26 1 10
37 33 11 17
37 34 18 2
37 36 7 7
37 40 16 14
37 42 10 18
37 43 18 1
37 49 12 15
38 1 18 15
38 6 4 8
38 7 3 2
38 8 19 14
38 9 2 2
38 11 16 11
38 12 8 1
38 15 13 11
38 16 10 8
38 17 14 8
38 18 9 15
38 27 2 4
38 32 4 18
38 34 10 5
38 35 2 4
38 37 4 1
38 38 8 15
38 39 12 10
38 41 19 11
38 42 20 18
38 43 12 16
38 46 13 14
38 48 0 7
38 49 0 6
39 1 3 17
39 2 5 6
39 4 8 4
39 5 2 0
39 12 18 12
39 15 12 5
39 17 14 18
39 19 14 8
39 20 16 6
39 23 13 11
39 24 14 1
39 26 20 10
39 29 0 8
39 32 6 0
39 34 7 10
39 35 2 4
39 38 6 5
39 39 16 4
39 40 20 12
39 44 17 3
39 45 1 18
39 48 4 9
39 49 19 14
40 0 11 14
40 3 17 9
40 4 8 15
40 5 4 1
40 8 1 15
40 10 1 10
40 12 18 17
40 15 6 5
40 18 18 15
40 19 18 4
40 20 10 19
40 21 18 0
40 25 13 1
40 26 1 7
40 27 7 11
40 28 1 6
40 29 1 6
40 30 18 5
40 31 8 9
40 32 10 8
40 35 7 18
40 38 0 17
40 42 13 8
40 44 2 19
40 45 5 0
40 46 18 16
40 49 19 17
41 1 0 20
41 2 18 20
41 3 12 0
41 6 12 20
41 9 17 6
41 10 7 19
41 11 0 19
41 12 12 19
41 16 9 17
41 17 18 12
41 19 20 13
41 20 6 1
41 22 10 17
41 25 0 0
41 27 1 15
41 28 7 12
41 31 11 3
41 35 10 9
41 38 17 12
41 40 7 15
41 41 20 4
41 43 9 14
41 44 20 16
41 45 15 19
41 48 13 0
42 0 7 6
42 1 7 1
42 2 11 19
42 3 14 5
42 4 7 14
42 5 12 9
42 7 3 10
42 10 6 12
42 11 11 2
42 13 8 2
42 14 1 14
42 15 18 9
42 19 14 11
42 21 6 4
42 23 13 15
42 24 0 9
42 27 13 14
42 30 12 11
42 31 14 3
42 32 0 3
42 33 4 17
42 35 6 5
42 36 5 5
42 38 8 14
42 39 19 19
42 41 18 7
42 43 9 2
42 44 10 0
42 45 9 12
42 49 9 20
43 0 1 6
43 1 0 2
43 4 7 9
43 8 20 0
43 9 20 1
43 10 1 3
43 11 16 0
43 13 8 19
43 14 14 19
43 15 1 13
43 16 9 6
43 17 18 6
43 19 3 8
43 20 0 6
43 21 12 15
43 23 12 3
43 25 16 4
43 26 19 7
43 27 19 0
43 28 14 19
43 31 18 6
43 32 18 17
43 34 20 19
43 36 11 6
43 40 17 15
43 42 4 17
43 43 19 14
43 47 3 20
43 48 0 4
44 1 16 6
44 3 9 1
44 4 2 6
44 5 11 14
44 10 18 8
44 12 3 16
44 17 13 16
44 18 5 15
44 20 17 19
44 23 17 6
44 24 12 6
44 27 3 14
44 29 18 3
44 32 15 20
44 34 0 2
44 37 7 2
44 39 9 11
44 41 20 6
44 45 1 0
44 46 8 20
44 47 4 19
44 48 10 11
45 0 9 18
45 1 20 6
45 2 17 2
45 3 15 10
45 5 9 15
45 7 1 4
45 9 5 3
45 10 6 13
45 14 0 12
45 17 13 7
45 18 10 16
45 20 20 3
45 21 2 7
45 23 10 7
45 25 0 5
45 26 7 3
45 27 8 16
45 29 6 15
45 33 11 17
45 35 12 16
45 37 3 20
45 38 19 17
45 39 9 1
45 40 7 13
45 43 17 13
45 46 16 11
45 47 11 6
45 48 8 13
45 49 6 9
46 1 16 2
46 4 6 20
46 6 15 7
46 7 8 1
46 9 4 1
46 12 7 13
46 13 4 19
46 14 15 19
46 15 9 10
46 21 6 2
46 22 0 6
46 25 6 0
46 27 5 10
46 29 13 8
46 31 6 16
46 32 13 15
46 36 15 14
46 38 3 11
46 40 1 13
46 44 2 17
46 46 6 13
46 48 17 20
46 49 13 14
47 0 12 7
47 1 11 4
47 2 17 13
47 4 7 14
47 6 4 15
47 7 18 13
47 8 15 16
47 11 17 4
47 12 19 19
47 13 11 13
47 14 17 18
47 18 20 6
47 21 8 6
47 22 2 20
47 26 5 3
47 28 15 8
47 29 1 11
47 30 0 20
47 31 17 13
47 33 12 6
47 34 11 16
47 35 13 12
47 36 7 11
47 37 5 8
47 38 15 20
47 39 11 1
47 41 3 3
47 43 0 20
47 45 15 5
47 46 12 11
47 47 4 0
47 49 3 0
48 3 2 9
48 5 8 20
48 6 18 9
48 7 8 13
48 10 4 17
48 14 0 0
48 18 5 2
48 19 3 0
48 21 17 19
48 22 14 14
48 24 10 7
48 26 7 19
48 27 1 14
48 30 17 11
48 31 20 13
48 33 11 4
48 35 11 9
48 38 15 14
48 40 12 0
48 41 12 9
48 43 19 4
48 47 15 12
48 49 10 6
49 1 7 1
49 7 11 0
49 9 10 0
49 12 10 1
49 13 8 7
49 14 9 18
49 17 3 12
49 18 4 5
49 19 7 18
49 20 18 13
49 22 14 5
49 23 19 17
49 24 10 17
49 25 10 9
49 27 9 5
49 28 16 17
49 31 13 8
49 32 17 12
49 34 14 14
49 37 9 18
49 38 17 15
49 41 16 11
49 44 17 5
49 45 9 20
49 48 4 6
49 49 9 1
