50
2
0 2 14 9
0 3 2 14
0 8 9 1
0 9 12 19
0 13 13 1
0 19 16 6
0 23 12 11
0 25 20 14
0 27 0 11
0 28 12 1
0 29 3 17
0 31 5 16
0 32 18 7
0 33 1 2
0 34 18 4
0 38 19 16
0 39 1 12
0 42 11 2
0 43 17 0
0 44 7 12
0 46 14 17
0 47 1 9
1 2 2 12
1 5 19 10
1 6 9 3
1 7 12 10
1 9 11 1
1 10 13 4
1 13 10 4
1 15 13 20
1 18 5 20
1 27 4 5
1 28 20 8
1 29 2 20
1 32 3 0
1 36 19 7
1 38 1 19
1 39 0 10
1 40 13 17
1 42 10 15
1 43 15 4
1 44 16 18
1 45 8 11
1 46 1 13
1 47 9 4
2 1 3 15
2 3 4 20
2 5 2 8
2 6 5 18
2 7 0 0
2 9 8 20
2 12 6 1
2 13 15 4
2 16 0 17
2 17 2 14
2 18 17 16
2 19 17 0
2 21 4 7
2 23 16 2
2 25 10 1
2 26 0 18
2 27 16 18
2 33 9 4
2 35 3 9
2 36 14 2
2 37 20 14
2 38 4 20
2 39 6 5
2 41 1 11
2 44 0 13
2 45 11 8
2 49 0 14
3 1 12 3
3 5 12 3
3 7 17 12
3 11 6 6
3 13 14 10
3 14 0 1
3 16 0 20
3 17 1 4
3 18 5 3
3 20 9 19
3 22 13 10
3 27 14 10
3 28 20 6
3 31 17 10
3 34 15 4
3 35 15 8
3 37 12 9
3 39 1 17
3 40 1 12
3 42 17 8
3 47 8 5
4 0 15 1
4 1 4 1
4 2 10 11
4 4 0 0
4 7 15 18
4 8 20 5
4 11 11 11
4 12 15 2
4 13 7 13
4 16 19 15
4 18 19 7
4 19 18 17
4 20 10 13
4 25 20 13
4 26 3 18
4 27 12 2
4 28 2 19
4 35 11 4
4 36 17 4
4 38 4 5
4 40 2 1
4 41 15 0
4 42 1 4
4 43 8 6
4 47 4 18
5 5 8 3
5 7 14 9
5 8 2 2
5 9 13 5
5 10 10 18
5 11 12 18
5 12 16 1
5 15 12 20
5 16 16 0
5 17 14 13
5 18 14 0
5 21 3 3
5 25 15 12
5 28 19 8
5 30 9 9
5 35 20 17
5 36 4 14
5 38 1 20
5 41 3 20
5 42 16 11
5 46 1 3
5 48 9 8
6 0 3 11
6 1 2 1
6 2 10 0
6 3 12 1
6 6 8 0
6 11 12 2
6 14 15 19
6 19 14 13
6 23 15 18
6 26 11 11
6 27 13 19
6 31 6 1
6 32 8 15
6 33 18 19
6 34 19 15
6 37 18 11
6 38 2 15
6 40 6 10
6 41 5 3
6 43 2 9
6 44 6 14
6 46 10 14
6 48 12 12
6 49 6 9
7 2 7 18
7 4 10 14
7 6 14 3
7 8 19 9
7 9 0 5
7 11 4 7
7 12 8 20
7 14 9 0
7 15 20 15
7 16 20 14
7 20 0 12
7 21 16 3
7 22 5 9
7 26 19 5
7 28 4 14
7 29 9 4
7 33 5 2
7 36 1 18
7 40 0 1
7 41 7 7
7 45 5 5
7 46 7 10
8 0 3 10
8 1 10 18
8 3 12 17
8 9 19 13
8 11 10 18
8 15 0 8
8 17 2 0
8 18 5 8
8 22 18 16
8 23 18 1
8 24 18 3
8 25 11 3
8 26 13 0
8 27 7 20
8 29 10 17
8 30 6 13
8 32 13 5
8 36 14 15
8 39 6 1
8 43 17 2
8 48 13 8
8 49 0 17
9 1 8 18
9 2 17 6
9 3 0 8
9 4 2 13
9 5 19 2
9 6 12 2
9 7 13 5
9 12 5 15
9 15 16 9
9 16 12 20
9 18 14 5
9 20 4 13
9 23 7 17
9 30 6 18
9 33 6 15
9 36 15 11
9 39 10 15
9 40 3 3
9 41 15 15
9 42 9 9
9 43 10 9
9 46 14 15
9 49 19 3
10 0 2 8
10 1 18 8
10 7 5 16
10 9 3 2
10 11 14 10
10 12 10 0
10 13 17 6
10 14 0 19
10 15 19 14
10 16 20 13
10 17 13 4
10 18 4 19
10 19 8 3
10 20 18 10
10 26 8 12
10 28 14 9
10 29 7 18
10 30 6 11
10 32 7 7
10 34 17 9
10 35 17 20
10 36 9 20
10 37 7 11
10 38 16 2
10 41 18 7
10 42 17 0
10 43 19 4
10 44 8 20
10 46 14 8
10 48 4 19
11 2 9 18
11 6 4 17
11 8 1 17
11 11 20 4
11 14 3 20
11 17 17 20
11 20 8 12
11 21 3 17
11 23 17 12
11 25 9 6
11 28 16 8
11 31 4 11
11 33 15 16
11 35 6 19
11 37 5 19
11 38 0 12
11 39 1 18
11 40 11 20
11 41 14 6
11 42 6 16
11 43 10 4
11 44 3 3
11 45 12 5
11 48 11 16
12 0 2 12
12 4 7 17
12 5 1 5
12 6 15 8
12 8 8 3
12 9 10 8
12 11 8 18
12 14 19 9
12 15 13 0
12 16 10 10
12 17 15 10
12 19 8 5
12 20 6 20
12 21 9 9
12 22 10 2
12 24 10 14
12 25 3 9
12 28 0 18
12 29 20 9
12 31 15 16
12 32 12 10
12 35 8 15
12 37 2 17
12 38 13 20
12 39 18 11
12 40 3 19
12 41 12 16
12 42 13 15
12 43 8 12
12 47 14 15
12 49 2 4
13 1 2 8
13 2 1 12
13 3 14 8
13 5 9 4
13 8 18 5
13 9 2 19
13 11 8 19
13 12 18 14
13 14 11 15
13 16 20 4
13 17 7 10
13 20 0 5
13 22 3 6
13 23 20 4
13 25 11 19
13 26 4 11
13 30 3 5
13 31 5 18
13 33 19 11
13 34 20 16
13 36 18 19
13 37 14 16
13 40 11 6
13 42 15 19
13 48 3 3
14 0 3 4
14 2 8 19
14 3 14 16
14 4 18 4
14 6 8 11
14 10 6 10
14 11 5 11
14 15 3 9
14 20 14 0
14 21 18 7
14 25 16 2
14 28 6 7
14 30 12 7
14 32 2 1
14 33 9 1
14 37 9 20
14 38 15 15
14 42 19 18
14 43 2 8
14 45 9 11
14 46 17 3
14 47 10 5
14 49 10 20
15 1 18 18
15 4 19 19
15 7 14 3
15 8 20 3
15 18 2 3
15 22 4 3
15 27 18 17
15 28 5 10
15 30 15 8
15 34 16 0
15 38 1 2
15 39 14 7
15 40 16 3
15 41 3 3
15 44 20 14
16 0 5 15
16 6 11 19
16 8 5 17
16 10 8 19
16 11 6 1
16 14 18 14
16 15 8 13
16 16 9 8
16 20 15 17
16 22 1 20
16 23 20 8
16 25 11 4
16 27 3 8
16 31 2 12
16 35 14 0
16 36 16 16
16 37 5 16
16 38 12 3
16 41 1 0
16 43 5 19
16 45 9 0
16 47 17 1
16 48 7 18
16 49 15 7
17 3 20 17
17 5 17 10
17 6 18 16
17 8 18 3
17 13 19 3
17 16 5 15
17 20 11 18
17 21 9 11
17 22 19 2
17 25 3 8
17 27 12 8
17 29 2 19
17 30 11 16
17 31 7 5
17 34 19 10
17 36 2 1
17 37 10 1
17 38 19 13
17 40 8 11
17 42 3 9
17 44 10 6
17 47 11 13
17 49 8 7
18 1 4 1
18 3 12 4
18 5 9 18
18 6 20 14
18 8 18 10
18 10 6 14
18 13 1 9
18 14 5 0
18 17 7 14
18 18 6 0
18 20 3 0
18 24 13 5
18 28 0 17
18 30 7 14
18 35 6 7
18 36 6 3
18 38 11 8
18 40 12 19
18 41 3 9
18 42 12 16
18 46 11 5
18 49 4 4
19 0 13 19
19 1 16 12
19 3 11 20
19 4 7 13
19 5 0 20
19 9 10 6
19 14 17 4
19 16 9 11
19 17 20 13
19 19 10 11
19 20 10 13
19 23 14 13
19 30 8 4
19 31 4 11
19 34 11 11
19 35 16 11
19 40 8 6
19 42 18 5
19 43 12 10
19 46 12 4
20 1 10 4
20 2 3 2
20 7 5 17
20 8 6 20
20 9 10 11
20 10 13 15
20 11 0 6
20 15 4 17
20 16 14 4
20 18 6 20
20 19 17 13
20 20 3 4
20 22 13 2
20 25 3 6
20 28 8 7
20 29 4 18
20 30 12 10
20 32 8 9
20 38 2 10
20 42 12 17
20 47 9 18
21 0 14 10
21 1 0 18
21 3 12 0
21 10 9 15
21 11 15 6
21 12 17 12
21 13 1 3
21 15 9 9
21 16 15 10
21 17 12 2
21 18 17 15
21 19 19 15
21 21 0 11
21 24 14 16
21 31 6 12
21 32 14 12
21 34 2 7
21 35 13 0
21 36 13 18
21 38 6 16
21 40 9 16
21 42 10 3
21 43 14 11
21 45 7 16
21 49 1 15
22 1 18 17
22 2 17 15
22 3 19 0
22 6 2 11
22 8 7 9
22 9 16 1
22 10 20 10
22 11 9 5
22 12 3 12
22 14 8 9
22 15 14 0
22 19 8 4
22 20 6 3
22 22 6 17
22 24 4 11
22 25 6 8
22 28 6 16
22 29 5 15
22 30 14 6
22 36 2 2
22 37 6 1
22 43 17 19
22 44 5 0
22 46 11 9
22 47 12 15
22 48 0 5
22 49 13 5
23 1 11 14
23 2 20 18
23 4 16 8
23 5 7 8
23 8 20 18
23 9 18 8
23 12 15 8
23 15 17 0
23 16 18 3
23 21 2 19
23 29 9 7
23 30 7 10
23 37 14 8
23 39 8 9
23 41 19 18
23 42 15 20
23 43 0 18
23 47 17 16
24 1 1 7
24 2 15 11
24 3 19 4
24 7 11 10
24 9 3 13
24 11 7 5
24 14 10 17
24 15 1 2
24 17 6 5
24 22 15 1
24 25 6 5
24 26 13 17
24 30 17 0
24 31 13 10
24 32 7 7
24 34 17 8
24 38 18 5
24 40 9 6
24 43 20 16
24 44 10 15
24 47 14 18
24 48 4 2
24 49 19 16
25 1 17 19
25 2 5 10
25 3 17 14
25 5 15 4
25 7 2 15
25 10 6 17
25 12 1 19
25 14 13 3
25 16 18 12
25 17 3 5
25 18 7 9
25 19 14 15
25 22 1 20
25 23 9 11
25 25 18 14
25 27 7 12
25 29 1 17
25 30 16 15
25 31 6 0
25 34 19 13
25 36 12 4
25 38 8 4
25 43 13 11
25 45 11 0
25 49 18 6
26 0 18 11
26 1 3 16
26 3 12 13
26 5 15 12
26 6 6 11
26 7 5 12
26 10 13 20
26 11 8 7
26 14 4 3
26 16 0 9
26 18 0 16
26 24 20 17
26 25 3 18
26 26 17 20
26 27 14 2
26 28 2 13
26 29 19 11
26 32 11 14
26 33 18 2
26 34 18 17
26 38 10 10
26 39 5 14
26 41 19 2
26 45 8 5
26 47 20 19
26 48 4 20
27 0 9 19
27 1 18 11
27 5 8 10
27 7 13 14
27 8 14 11
27 11 11 10
27 14 14 1
27 15 5 18
27 18 10 14
27 20 8 0
27 23 4 14
27 24 1 20
27 26 6 20
27 30 5 12
27 31 5 11
27 32 15 12
27 34 8 5
27 35 19 16
27 37 12 6
27 39 16 7
27 40 18 12
27 46 13 15
28 0 9 10
28 5 6 13
28 7 18 19
28 8 15 7
28 11 2 17
28 12 12 12
28 13 12 7
28 18 16 9
28 20 16 15
28 24 11 9
28 25 13 20
28 26 12 17
28 28 1 10
28 29 11 6
28 30 18 5
28 31 8 10
28 33 2 8
28 35 8 12
28 38 3 14
28 39 19 5
28 40 9 2
28 41 15 13
28 43 16 4
28 45 0 2
28 48 15 4
28 49 12 20
29 0 6 16
29 2 12 12
29 3 12 12
29 4 7 6
29 5 18 4
29 10 2 14
29 11 7 12
29 15 4 15
29 16 20 5
29 18 8 16
29 19 3 19
29 20 20 7
29 21 19 19
29 23 19 5
29 25 1 18
29 26 3 7
29 27 11 15
29 29 2 7
29 31 6 15
29 33 15 20
29 35 6 14
29 39 11 4
29 40 0 18
29 41 6 16
29 42 7 0
29 46 9 2
29 49 10 10
30 0 2 11
30 1 10 20
30 2 1 16
30 5 9 0
30 9 15 8
30 10 4 10
30 12 2 14
30 14 16 11
30 16 11 1
30 17 0 2
30 20 3 5
30 22 2 8
30 25 9 0
30 29 10 11
30 30 12 2
30 33 17 20
30 37 19 10
30 38 6 6
30 40 3 9
30 41 8 14
30 42 12 11
30 45 3 11
30 49 17 4
31 0 4 20
31 5 2 9
31 6 18 7
31 9 9 17
31 10 3 12
31 14 7 17
31 15 18 15
31 16 1 8
31 17 7 4
31 18 12 2
31 19 3 0
31 21 15 15
31 22 13 13
31 23 5 5
31 24 7 16
31 25 13 13
31 29 17 12
31 30 18 1
31 31 6 2
31 33 19 3
31 34 6 19
31 35 9 12
31 38 5 6
31 39 1 1
31 40 2 0
31 43 0 5
31 46 20 8
31 48 16 20
32 0 10 18
32 1 19 19
32 8 11 9
32 9 5 17
32 10 9 5
32 11 1 12
32 14 13 17
32 15 13 14
32 16 11 2
32 17 17 16
32 23 18 12
32 25 0 19
32 26 4 0
32 33 20 17
32 34 15 11
32 35 1 14
32 39 17 1
32 43 18 6
32 45 12 13
32 46 3 10
33 0 4 18
33 1 4 3
33 6 15 14
33 8 20 4
33 11 9 8
33 15 7 6
33 16 3 16
33 17 2 6
33 19 19 9
33 21 11 12
33 22 20 1
33 28 9 4
33 32 16 3
33 34 8 9
33 36 7 4
33 37 10 20
33 40 17 7
33 41 8 11
33 43 20 15
33 46 19 19
33 47 1 1
33 48 19 17
34 0 1 17
34 4 6 10
34 5 5 13
34 6 3 8
34 8 15 15
34 10 16 14
34 15 5 16
34 16 10 15
34 18 3 6
34 19 5 18
34 23 19 3
34 24 16 7
34 25 5 18
34 26 11 7
34 28 10 17
34 30 14 13
34 32 13 10
34 35 9 8
34 38 8 18
34 39 6 17
34 45 8 1
34 46 20 13
34 47 11 16
34 48 13 19
34 49 3 16
35 5 18 11
35 6 0 18
35 7 13 4
35 8 18 16
35 10 6 15
35 11 1 19
35 13 2 16
35 14 10 12
35 16 6 3
35 17 8 19
35 18 20 0
35 19 5 2
35 21 18 14
35 23 17 18
35 24 5 5
35 25 19 13
35 28 4 1
35 29 8 18
35 31 5 6
35 40 18 8
35 41 5 12
35 43 5 2
35 44 2 15
35 49 19 19
36 3 14 12
36 6 17 11
36 7 10 9
36 8 17 8
36 9 3 18
36 10 7 5
36 12 5 15
36 14 16 10
36 17 17 18
36 19 1 5
36 21 19 0
36 22 0 19
36 23 14 16
36 25 1 3
36 27 6 14
36 30 4 15
36 31 5 12
36 32 2 5
36 34 0 3
36 39 6 0
36 41 9 11
36 42 20 18
36 43 13 17
36 44 10 11
36 48 13 16
37 1 15 18
37 2 12 18
37 4 19 14
37 7 10 5
37 8 16 19
37 10 6 20
37 11 16 5
37 12 15 8
37 14 17 17
37 16 16 19
37 17 14 12
37 18 19 9
37 21 14 17
37 22 7 20
37 23 18 11
37 25 13 12
37 28 2 1
37 30 8 4
37 33 2 20
37 34 8 3
37 35 5 4
37 36 4 6
37 37 11 2
37 38 15 9
37 41 12 16
37 45 4 15
37 46 7 1
37 49 6 13
38 0 18 15
38 1 9 5
38 5 13 17
38 6 15 16
38 7 15 4
38 8 19 16
38 11 7 2
38 14 12 12
38 17 10 7
38 19 3 3
38 21 8 4
38 22 12 2
38 23 11 16
38 24 5 8
38 31 7 17
38 32 7 16
38 33 17 19
38 37 4 18
38 39 5 8
38 41 11 19
38 42 9 17
38 45 12 0
38 48 4 9
39 4 7 5
39 5 16 7
39 10 2 6
39 13 7 5
39 18 15 2
39 19 19 18
39 21 12 12
39 23 20 10
39 27 12 2
39 29 7 11
39 30 16 13
39 31 20 18
39 33 7 8
39 34 4 19
39 36 6 7
39 37 6 9
39 39 16 8
39 44 11 7
39 46 11 10
39 47 0 10
39 48 9 17
39 49 0 0
40 2 7 11
40 5 13 0
40 6 5 11
40 7 13 6
40 8 0 6
40 11 3 18
40 14 8 0
40 16 6 16
40 19 9 12
40 21 19 14
40 23 11 18
40 26 16 7
40 27 14 4
40 28 20 4
40 31 5 11
40 33 8 1
40 36 3 0
40 38 12 11
40 39 14 14
40 42 6 16
40 43 20 3
40 45 4 15
40 46 9 2
40 48 17 7
41 0 14 13
41 1 9 15
41 3 9 18
41 5 16 10
41 11 0 4
41 13 6 3
41 19 9 7
41 23 13 1
41 28 18 18
41 29 2 17
41 31 15 1
41 33 1 9
41 35 16 6
41 36 2 12
41 37 0 13
41 39 7 7
41 40 8 4
41 41 2 5
41 43 8 16
42 0 16 16
42 1 3 5
42 4 19 7
42 5 14 13
42 6 19 7
42 9 17 15
42 16 4 10
42 21 2 13
42 22 12 1
42 24 19 17
42 25 1 12
42 28 4 12
42 31 1 2
42 38 3 6
42 42 1 6
42 43 2 5
42 44 19 10
42 47 8 13
42 49 5 1
43 0 13 13
43 1 1 10
43 2 13 12
43 3 5 11
43 4 8 10
43 5 1 19
43 6 14 10
43 8 10 12
43 9 6 8
43 13 11 4
43 17 13 20
43 22 1 0
43 25 18 11
43 27 18 8
43 33 20 3
43 37 1 12
43 44 7 11
43 45 15 11
43 48 2 4
44 3 7 13
44 6 0 11
44 8 7 12
44 9 20 19
44 10 3 14
44 11 9 9
44 16 10 5
44 19 9 12
44 20 8 10
44 21 3 8
44 22 18 6
44 23 6 18
44 24 13 6
44 28 14 0
44 32 11 0
44 33 11 3
44 35 4 4
44 36 8 20
44 38 3 15
44 42 12 18
44 43 7 1
44 44 6 11
44 46 17 17
44 47 3 12
44 49 19 18
45 1 17 3
45 2 12 5
45 4 1 8
45 5 8 7
45 6 14 15
45 8 3 7
45 10 6 13
45 13 7 6
45 15 3 14
45 16 7 16
45 17 8 13
45 19 16 11
45 20 17 9
45 21 20 18
45 22 0 6
45 26 6 6
45 28 8 4
45 29 15 19
45 30 19 9
45 33 16 9
45 34 7 14
45 35 12 13
45 37 12 8
45 38 15 17
45 42 9 6
45 43 0 19
45 45 17 1
45 47 2 15
46 1 19 20
46 3 1 20
46 6 16 4
46 11 7 16
46 15 16 8
46 16 17 17
46 18 8 1
46 19 9 7
46 20 1 3
46 22 2 15
46 24 5 17
46 28 13 5
46 31 10 9
46 32 9 14
46 34 0 11
46 39 2 14
46 43 12 14
46 47 14 4
46 48 19 8
47 1 13 16
47 2 5 16
47 3 1 8
47 6 4 15
47 8 20 1
47 9 17 17
47 10 6 5
47 11 9 10
47 15 9 9
47 16 8 8
47 18 3 6
47 19 0 17
47 20 15 9
47 21 8 12
47 26 20 10
47 28 13 14
47 31 15 8
47 33 17 7
47 37 9 4
47 39 17 19
47 40 3 13
47 41 17 6
47 42 4 15
47 43 18 9
47 46 9 19
47 47 9 17
47 49 5 5
48 0 14 20
48 1 20 13
48 2 17 4
48 8 15 17
48 10 18 9
48 14 19 14
48 17 8 9
48 19 19 13
48 20 0 4
48 23 4 1
48 27 19 13
48 28 2 20
48 29 13 18
48 30 13 4
48 31 11 1
48 32 2 8
48 34 13 20
48 35 3 14
48 36 9 15
48 39 8 1
48 40 6 2
48 43 14 11
48 46 15 16
48 47 20 12
49 0 1 3
49 2 16 8
49 4 10 11
49 6 17 6
49 8 5 3
49 9 14 2
49 10 14 2
49 12 20 3
49 13 7 20
49 15 6 12
49 16 15 3
49 17 17 13
49 18 2 0
49 19 13 13
49 21 19 15
49 23 1 4
49 24 12 15
49 25 5 0
49 26 4 8
49 27 14 13
49 28 19 18
49 29 20 9
49 30 10 6
49 34 1 9
49 36 3 16
49 40 16 12
49 41 13 2
49 42 0 19
49 45 20 9
49 46 9 3
49 48 5 18
