50
2
0 1 3 14
0 3 9 7
0 6 20 5
0 10 4 20
0 11 7 19
0 12 15 8
0 14 5 16
0 15 0 11
0 17 9 4
0 19 20 0
0 21 16 16
0 23 4 2
0 25 5 17
0 31 16 11
0 32 7 17
0 35 7 6
0 37 10 17
0 41 7 15
0 42 5 15
0 44 14 20
0 45 3 4
0 46 20 6
0 48 8 14
0 49 1 13
1 0 14 6
1 6 19 14
1 10 16 9
1 11 16 17
1 12 19 9
1 14 16 8
1 16 3 19
1 18 18 8
1 19 13 12
1 20 6 10
1 23 13 13
1 24 19 20
1 25 6 2
1 32 4 5
1 33 2 8
1 36 0 4
1 37 1 17
1 38 14 4
1 40 6 1
1 42 3 4
1 43 12 12
1 46 11 12
2 0 15 5
2 3 7 11
2 9 1 0
2 10 16 5
2 11 5 4
2 12 17 14
2 14 6 5
2 15 2 12
2 18 15 16
2 21 5 2
2 22 17 17
2 24 5 17
2 25 5 15
2 30 0 10
2 32 20 18
2 34 11 18
2 35 14 12
2 37 15 1
2 42 12 8
2 45 14 2
2 46 5 20
2 47 10 4
2 49 2 4
3 0 6 13
3 1 13 2
3 2 3 12
3 6 14 17
3 9 17 19
3 10 10 8
3 14 2 4
3 17 12 16
3 18 11 14
3 19 4 16
3 20 15 1
3 24 3 3
3 26 17 20
3 27 0 7
3 28 0 6
3 29 2 16
3 32 16 13
3 33 0 14
3 35 19 6
3 38 13 14
3 39 5 4
3 43 7 9
3 49 19 7
4 0 6 3
4 1 16 15
4 2 1 4
4 4 17 15
4 5 8 8
4 6 5 0
4 7 5 13
4 9 20 9
4 11 14 4
4 13 3 9
4 16 4 15
4 17 10 20
4 18 11 15
4 20 13 2
4 22 5 11
4 24 7 1
4 26 1 19
4 27 12 0
4 29 0 11
4 31 20 5
4 32 17 12
4 33 8 13
4 34 11 17
4 36 13 2
4 37 1 17
4 41 17 7
4 42 4 4
4 43 2 16
4 44 0 9
5 1 15 16
5 4 19 18
5 5 14 6
5 7 11 15
5 11 19 17
5 12 2 9
5 13 20 8
5 17 8 10
5 18 8 2
5 20 12 7
5 21 20 4
5 24 5 4
5 26 12 3
5 29 18 0
5 31 1 19
5 33 7 2
5 36 8 7
5 37 14 2
5 39 18 11
5 41 20 0
5 43 7 14
5 44 10 14
5 48 10 12
6 0 6 12
6 1 17 9
6 2 14 14
6 3 9 5
6 4 0 9
6 6 15 13
6 12 1 7
6 15 17 7
6 16 5 2
6 18 13 18
6 20 10 12
6 21 14 16
6 25 5 9
6 27 18 20
6 30 10 18
6 32 12 15
6 33 14 3
6 38 5 9
6 39 16 5
6 40 10 19
6 41 14 19
6 43 10 19
6 45 18 12
6 46 16 8
6 47 1 7
6 48 0 1
7 0 1 18
7 2 11 3
7 3 14 17
7 5 1 20
7 11 2 0
7 15 5 4
7 16 11 9
7 18 4 9
7 20 4 17
7 21 15 5
7 23 8 7
7 24 14 13
7 31 6 18
7 34 0 7
7 36 7 19
7 37 14 16
7 39 0 0
7 40 15 2
7 41 18 20
7 42 0 13
7 43 20 2
7 44 7 16
7 45 4 16
7 46 12 16
7 47 2 19
8 2 10 13
8 5 16 2
8 7 3 9
8 8 14 9
8 11 2 13
8 12 2 15
8 14 9 20
8 15 11 8
8 16 17 12
8 17 8 20
8 19 4 0
8 20 8 2
8 21 15 20
8 22 20 5
8 23 19 6
8 24 5 1
8 29 12 2
8 30 3 13
8 31 12 14
8 34 16 3
8 35 10 7
8 37 2 11
8 38 13 14
8 39 10 5
8 40 5 11
8 42 3 15
8 44 10 3
8 47 4 1
8 49 12 16
9 0 7 20
9 1 0 9
9 3 14 1
9 4 15 7
9 12 14 8
9 13 5 4
9 14 8 11
9 16 0 13
9 21 8 15
9 22 16 3
9 23 15 5
9 25 16 10
9 26 8 16
9 28 16 2
9 29 6 20
9 31 7 1
9 32 11 1
9 33 11 14
9 34 5 8
9 35 2 20
9 36 9 5
9 37 17 20
9 39 17 5
9 40 15 20
9 41 16 6
9 47 8 13
9 49 1 19
10 0 19 7
10 1 5 8
10 2 3 5
10 5 7 11
10 7 0 4
10 8 13 19
10 10 0 6
10 12 6 18
10 13 8 2
10 21 1 14
10 24 0 18
10 25 16 9
10 28 3 13
10 29 0 15
10 30 14 8
10 32 13 16
10 34 5 0
10 37 4 17
10 40 12 5
10 41 17 15
10 42 10 11
10 44 19 4
10 47 8 15
10 48 5 3
10 49 4 15
11 3 10 12
11 4 20 14
11 5 3 17
11 6 13 16
11 7 2 3
11 10 3 15
11 11 3 8
11 12 9 4
11 14 19 7
11 16 12 6
11 20 8 20
11 23 20 17
11 24 8 17
11 25 1 0
11 28 4 16
11 29 6 16
11 32 12 4
11 33 8 8
11 35 15 4
11 39 19 5
11 40 10 12
11 43 18 15
11 46 5 19
11 47 12 8
11 48 5 2
12 1 20 0
12 2 3 6
12 3 9 2
12 4 20 5
12 5 20 19
12 6 14 16
12 7 16 18
12 8 14 8
12 9 9 6
12 10 5 4
12 12 10 16
12 16 5 10
12 18 5 19
12 20 8 6
12 21 12 7
12 29 18 19
12 31 20 7
12 35 4 13
12 38 18 11
12 39 8 20
12 40 6 6
12 41 0 12
12 42 16 7
12 43 18 18
12 45 14 7
12 46 0 10
12 47 16 5
12 48 3 4
13 1 9 3
13 2 5 14
13 4 18 4
13 5 19 18
13 6 3 16
13 8 6 12
13 9 6 8
13 13 8 13
13 15 8 11
13 17 11 12
13 18 4 5
13 19 2 9
13 20 18 14
13 21 3 1
13 23 16 16
13 25 11 5
13 27 20 9
13 30 7 14
13 31 6 6
13 32 17 17
13 33 16 0
13 35 18 3
13 36 0 10
13 37 4 14
13 38 4 10
13 39 15 4
13 47 8 19
13 48 3 11
14 3 18 14
14 4 6 16
14 5 2 16
14 7 7 17
14 8 18 3
14 10 14 18
14 14 20 12
14 15 14 14
14 16 8 7
14 17 17 14
14 18 16 15
14 21 20 2
14 22 20 9
14 26 7 12
14 30 11 12
14 32 11 16
14 35 13 20
14 36 18 11
14 37 14 16
14 38 4 4
14 39 2 10
14 41 1 20
14 43 4 12
14 46 7 20
14 47 7 3
15 0 9 15
15 2 14 12
15 4 0 7
15 8 16 17
15 10 8 9
15 12 12 10
15 19 3 16
15 20 9 6
15 22 2 12
15 23 11 18
15 25 17 6
15 26 13 13
15 28 2 6
15 29 4 2
15 32 3 10
15 35 1 3
15 36 5 16
15 37 4 5
15 38 0 1
15 39 18 13
15 40 5 16
15 42 10 3
15 43 19 15
15 45 2 20
16 1 10 12
16 2 5 11
16 3 16 7
16 4 12 2
16 5 4 2
16 9 6 18
16 10 2 17
16 11 11 12
16 13 17 10
16 14 16 5
16 17 17 14
16 19 0 0
16 22 3 13
16 23 2 17
16 24 6 19
16 26 19 3
16 31 20 16
16 32 16 6
16 35 4 12
16 37 9 16
16 39 12 19
16 41 14 16
16 42 0 13
16 43 7 1
16 48 10 17
17 0 1 2
17 1 11 9
17 2 6 10
17 4 20 13
17 5 9 1
17 6 2 16
17 8 3 13
17 9 5 0
17 10 2 12
17 12 10 18
17 13 7 3
17 15 8 5
17 22 1 15
17 23 1 14
17 25 1 5
17 28 0 11
17 30 13 14
17 31 9 11
17 33 9 2
17 34 18 14
17 36 11 3
17 37 18 13
17 40 3 19
17 41 6 16
17 42 2 6
17 45 12 20
17 46 20 3
18 0 16 7
18 1 12 4
18 6 5 8
18 7 11 13
18 8 16 13
18 11 16 16
18 12 15 11
18 13 10 10
18 14 1 12
18 16 18 5
18 18 11 10
18 19 14 2
18 20 2 20
18 22 9 2
18 23 8 11
18 25 14 19
18 26 0 19
18 28 1 3
18 29 10 3
18 31 19 6
18 33 18 8
18 35 9 8
18 36 5 18
18 37 7 13
18 38 17 6
18 46 8 1
18 49 5 19
19 0 11 2
19 4 9 7
19 7 20 3
19 8 10 9
19 9 10 17
19 10 3 7
19 13 18 18
19 14 9 6
19 16 9 5
19 17 15 6
19 20 14 12
19 22 10 17
19 24 18 0
19 25 9 12
19 26 14 7
19 29 20 12
19 30 8 18
19 32 18 4
19 33 16 10
19 37 12 14
19 38 16 20
19 39 3 9
19 40 14 7
19 44 8 16
19 46 16 15
20 0 4 16
20 1 8 12
20 3 6 14
20 5 16 0
20 7 10 17
20 9 6 19
20 10 3 2
20 17 17 17
20 19 20 3
20 24 14 7
20 30 7 12
20 32 14 4
20 34 2 9
20 35 11 16
20 37 9 15
20 39 2 2
20 40 12 7
20 41 17 12
20 44 10 18
20 46 4 4
20 47 13 16
21 2 2 2
21 3 17 1
21 4 10 13
21 5 2 0
21 6 10 13
21 8 17 2
21 10 11 16
21 11 14 1
21 14 14 18
21 20 2 4
21 22 3 9
21 23 20 0
21 25 11 10
21 28 13 12
21 29 0 7
21 30 6 7
21 32 20 6
21 35 14 7
21 36 11 1
21 38 18 3
21 40 15 12
21 46 15 10
21 47 6 15
21 49 6 1
22 1 20 17
22 2 14 16
22 5 20 1
22 6 0 5
22 7 14 9
22 9 15 8
22 10 5 2
22 12 6 17
22 13 20 10
22 14 11 5
22 15 16 18
22 16 10 4
22 17 15 9
22 18 7 8
22 20 11 19
22 26 12 14
22 27 10 6
22 28 2 9
22 30 15 8
22 34 12 7
22 36 15 13
22 37 13 1
22 39 16 20
22 41 20 7
22 44 9 12
22 47 0 7
23 4 15 7
23 5 3 8
23 6 18 18
23 10 6 20
23 13 1 1
23 14 17 20
23 15 15 10
23 18 13 17
23 19 5 15
23 22 4 6
23 23 3 11
23 25 6 5
23 26 18 19
23 27 3 18
23 29 13 12
23 32 19 7
23 34 14 15
23 35 16 6
23 38 6 5
23 39 19 0
23 41 7 17
23 42 0 4
23 43 14 19
23 46 17 16
23 47 13 0
23 48 2 7
23 49 12 1
24 0 11 12
24 1 17 1
24 3 15 6
24 4 6 15
24 5 20 10
24 6 4 2
24 9 15 7
24 10 14 0
24 12 7 14
24 13 13 0
24 15 7 4
24 16 8 13
24 19 17 13
24 20 17 6
24 22 15 1
24 23 3 9
24 24 2 15
24 25 3 7
24 28 9 16
24 29 6 4
24 30 15 11
24 33 7 13
24 34 17 2
24 36 15 8
24 38 3 5
24 39 20 2
24 42 8 6
24 43 15 8
24 45 5 16
24 46 10 2
24 48 15 0
24 49 14 20
25 0 4 16
25 1 18 0
25 2 13 14
25 3 16 6
25 5 16 14
25 6 7 9
25 7 6 3
25 11 20 5
25 12 12 13
25 14 13 20
25 15 12 0
25 17 0 20
25 19 4 17
25 20 15 8
25 22 18 18
25 25 15 16
25 27 8 14
25 29 15 3
25 33 17 0
25 35 8 9
25 36 16 20
25 37 0 0
25 40 5 1
25 41 12 10
25 43 11 14
25 46 1 5
25 48 11 5
25 49 3 19
26 1 20 11
26 6 11 9
26 9 14 20
26 10 15 10
26 11 15 15
26 12 6 18
26 13 18 0
26 14 16 0
26 19 9 5
26 20 2 11
26 21 9 17
26 24 3 5
26 25 19 8
26 28 14 18
26 30 9 16
26 31 3 16
26 32 15 8
26 35 7 7
26 36 11 16
26 39 6 12
26 40 19 16
26 41 13 14
26 42 1 3
26 44 19 10
26 47 8 1
27 0 8 11
27 8 7 14
27 12 1 16
27 15 17 2
27 21 5 0
27 22 14 13
27 23 5 6
27 24 6 11
27 25 10 18
27 29 8 8
27 32 18 19
27 35 18 12
27 37 1 10
27 38 18 13
27 40 13 15
27 41 13 0
27 43 17 7
27 44 12 14
27 45 17 13
27 46 1 18
27 47 7 8
27 48 17 14
27 49 13 12
28 0 19 14
28 1 8 1
28 2 18 20
28 4 8 9
28 6 2 19
28 12 4 16
28 13 19 12
28 14 12 11
28 17 19 19
28 19 2 6
28 20 11 4
28 21 12 5
28 22 6 12
28 23 2 16
28 25 9 2
28 27 17 13
28 29 12 13
28 31 2 7
28 33 16 8
28 34 3 20
28 35 12 6
28 38 8 12
28 39 4 7
28 40 17 10
28 44 13 1
28 45 19 3
28 46 7 11
28 47 9 1
28 48 10 16
29 0 0 11
29 1 15 8
29 2 6 4
29 3 12 17
29 5 3 14
29 6 18 11
29 7 1 2
29 11 0 10
29 15 20 19
29 16 5 14
29 17 2 4
29 20 13 3
29 22 15 19
29 23 7 9
29 24 13 7
29 26 13 3
29 27 11 16
29 29 10 9
29 30 4 3
29 32 18 20
29 34 4 4
29 36 10 16
29 37 0 15
29 38 11 1
29 39 18 6
29 40 3 17
29 41 19 18
29 45 4 16
29 48 7 6
30 1 6 18
30 3 7 7
30 4 18 4
30 5 3 20
30 6 11 13
30 7 20 4
30 8 0 10
30 9 3 7
30 10 1 0
30 11 8 4
30 12 2 9
30 13 8 17
30 14 17 18
30 15 1 11
30 17 16 4
30 19 3 13
30 22 20 9
30 23 3 9
30 24 8 0
30 25 14 9
30 28 16 7
30 29 19 19
30 32 10 2
30 33 7 17
30 35 3 7
30 37 3 8
30 39 13 5
30 42 0 13
30 46 17 5
30 49 1 17
31 4 8 16
31 5 4 15
31 6 0 20
31 7 8 20
31 8 9 11
31 9 6 18
31 12 7 3
31 13 11 19
31 14 14 9
31 15 3 20
31 16 16 10
31 17 18 9
31 19 20 3
31 20 19 0
31 26 5 6
31 27 20 0
31 28 2 14
31 30 2 20
31 32 16 19
31 36 3 14
31 40 19 17
31 42 11 14
31 43 6 13
31 45 3 0
31 46 20 6
31 49 5 3
32 3 6 7
32 4 1 9
32 6 1 6
32 7 5 3
32 8 15 7
32 9 16 7
32 12 12 10
32 14 7 9
32 18 8 9
32 19 0 6
32 21 11 17
32 22 5 17
32 23 2 20
32 24 12 9
32 25 16 18
32 26 2 10
32 28 3 0
32 32 15 14
32 37 2 11
32 38 8 17
32 39 13 0
32 40 20 0
32 42 3 0
32 43 15 10
32 45 5 9
32 48 10 19
33 0 2 9
33 1 15 13
33 2 18 9
33 8 16 5
33 10 10 7
33 11 5 18
33 13 0 16
33 15 3 7
33 16 5 0
33 17 10 13
33 18 5 5
33 21 5 19
33 22 20 6
33 24 14 20
33 26 20 15
33 27 13 13
33 31 12 1
33 34 2 14
33 36 15 11
33 37 2 10
33 40 13 19
33 41 16 8
33 42 13 13
33 43 10 12
33 44 0 12
33 45 12 17
33 46 19 16
33 49 11 8
34 0 14 1
34 5 5 12
34 6 3 12
34 9 9 18
34 12 15 2
34 13 6 12
34 14 7 17
34 15 9 12
34 16 8 8
34 17 6 11
34 18 13 19
34 19 17 1
34 21 6 14
34 23 20 10
34 24 6 5
34 26 14 16
34 30 2 19
34 31 9 19
34 34 16 19
34 38 9 5
34 39 18 13
34 41 11 16
34 42 18 8
34 44 15 13
35 0 6 10
35 1 0 4
35 4 6 12
35 5 17 5
35 6 18 12
35 10 0 5
35 13 11 0
35 18 11 12
35 22 17 2
35 23 10 2
35 24 6 15
35 26 0 9
35 35 2 11
35 36 3 17
35 38 8 16
35 41 19 3
35 43 16 8
35 44 14 13
35 45 14 16
35 47 13 7
36 0 15 15
36 2 1 15
36 3 12 16
36 4 8 20
36 7 6 1
36 11 18 11
36 12 9 6
36 13 1 17
36 14 1 7
36 16 17 12
36 17 8 1
36 18 5 20
36 19 5 13
36 20 8 15
36 23 1 19
36 24 1 13
36 27 0 17
36 29 20 15
36 31 16 2
36 32 8 14
36 33 18 12
36 34 9 14
36 46 16 18
36 48 4 14
36 49 7 12
37 3 12 8
37 4 9 6
37 5 4 8
37 6 15 15
37 7 19 4
37 8 6 1
37 11 10 6
37 13 3 15
37 14 11 5
37 16 11 2
37 17 10 18
37 18 19 15
37 21 8 5
37 22 15 12
37 23 13 10
37 24 0 1
37 26 5 18
37 28 8 16
37 29 17 5
37 30 7 15
37 31 10 1
37 32 15 20
37 33 10 7
37 34 11 4
37 36 6 12
37 39 4 13
37 40 17 10
37 41 4 18
37 43 6 6
37 45 2 12
37 46 17 10
37 47 12 3
37 48 20 18
38 1 3 10
38 2 7 19
38 4 13 1
38 6 13 14
38 9 14 14
38 10 15 15
38 11 1 2
38 13 6 14
38 14 0 12
38 15 20 19
38 17 15 8
38 19 0 16
38 20 4 19
38 21 14 8
38 23 5 12
38 26 8 1
38 27 1 8
38 30 8 11
38 33 15 4
38 35 13 17
38 36 20 3
38 37 8 13
38 38 9 20
38 39 5 8
38 42 9 3
38 44 3 4
38 45 20 20
38 49 9 0
39 1 20 10
39 6 9 15
39 11 13 6
39 15 16 14
39 16 18 6
39 18 10 15
39 19 12 11
39 22 14 5
39 23 0 13
39 25 17 14
39 34 20 3
39 41 4 17
39 42 16 8
39 43 10 9
39 44 3 15
39 46 12 16
39 47 19 4
39 48 5 16
39 49 12 19
40 0 15 6
40 1 9 14
40 4 2 20
40 8 12 0
40 9 13 0
40 10 20 14
40 11 10 11
40 12 3 2
40 13 9 18
40 18 10 17
40 19 5 9
40 21 6 11
40 24 18 17
40 25 8 16
40 26 16 13
40 27 15 6
40 28 17 3
40 29 12 18
40 30 5 11
40 32 6 5
40 33 10 15
40 34 12 5
40 36 8 1
40 39 9 5
40 40 13 11
40 41 3 20
40 43 20 1
40 46 6 4
40 47 10 12
40 48 17 15
40 49 17 3
41 1 7 14
41 9 19 13
41 10 17 17
41 11 5 7
41 13 14 12
41 15 15 0
41 16 6 17
41 17 3 3
41 18 9 12
41 21 8 4
41 22 20 5
41 23 15 20
41 26 5 18
41 31 3 5
41 32 16 12
41 33 2 0
41 37 15 0
41 39 13 17
41 40 13 13
41 43 7 15
41 44 0 19
41 45 10 15
41 49 0 4
42 0 1 14
42 1 14 11
42 4 3 4
42 7 18 18
42 9 15 5
42 10 18 13
42 11 4 7
42 16 10 6
42 17 10 1
42 19 10 10
42 21 11 12
42 22 8 19
42 23 4 8
42 25 18 15
42 27 7 13
42 29 15 0
42 30 13 5
42 32 6 7
42 35 3 8
42 40 0 3
42 41 17 19
42 42 19 6
42 43 8 4
42 45 12 13
42 46 16 11
42 47 15 13
42 48 16 1
43 0 1 0
43 1 4 0
43 2 10 15
43 3 11 2
43 4 0 8
43 6 16 19
43 7 7 18
43 11 14 3
43 12 13 20
43 14 1 5
43 17 9 1
43 18 10 12
43 19 10 7
43 21 1 16
43 23 6 16
43 24 11 1
43 26 0 16
43 27 9 0
43 28 2 20
43 29 11 13
43 30 1 12
43 31 14 9
43 32 14 15
43 33 2 11
43 34 6 9
43 35 15 0
43 39 3 7
43 40 4 3
43 47 17 3
43 48 13 7
44 2 8 19
44 3 0 13
44 4 13 2
44 5 6 11
44 7 13 11
44 8 17 8
44 10 0 11
44 16 8 14
44 17 16 11
44 18 16 3
44 19 18 14
44 27 15 20
44 29 1 12
44 32 18 18
44 33 19 14
44 35 5 8
44 36 0 12
44 40 14 14
44 41 17 10
44 43 20 15
44 45 2 1
44 46 15 11
44 49 1 11
45 0 7 18
45 3 16 1
45 6 20 0
45 11 1 9
45 12 7 9
45 16 0 8
45 20 0 4
45 23 12 15
45 24 9 1
45 26 3 2
45 27 17 2
45 30 11 17
45 31 19 17
45 33 6 14
45 34 14 16
45 36 7 13
45 37 9 7
45 39 5 18
45 41 4 12
45 45 19 17
45 47 3 10
46 0 6 0
46 4 2 14
46 9 16 4
46 13 10 8
46 15 6 0
46 17 17 20
46 18 11 18
46 21 6 4
46 22 14 14
46 23 17 12
46 25 15 18
46 30 19 12
46 31 14 4
46 33 18 8
46 34 0 13
46 38 8 3
46 39 15 13
46 40 18 12
46 41 1 1
46 42 17 4
46 44 18 7
46 46 0 11
46 47 8 14
47 0 4 8
47 2 2 1
47 4 4 15
47 5 13 11
47 8 0 17
47 9 17 10
47 10 3 11
47 12 9 18
47 13 6 3
47 14 8 16
47 15 18 7
47 16 19 3
47 17 9 16
47 23 1 17
47 24 14 5
47 26 1 13
47 30 1 15
47 32 8 4
47 34 1 6
47 38 11 2
47 40 18 2
47 41 15 3
47 42 9 19
47 43 4 13
47 44 19 18
47 46 11 0
47 47 5 17
47 48 4 5
47 49 8 7
48 0 14 9
48 1 12 8
48 8 12 1
48 9 7 2
48 10 0 14
48 12 0 9
48 13 12 9
48 15 11 0
48 16 20 14
48 17 8 1
48 19 20 8
48 20 17 5
48 23 14 11
48 25 7 14
48 26 19 18
48 29 3 3
48 31 1 8
48 32 16 13
48 33 12 9
48 34 13 7
48 36 19 6
48 37 8 11
48 38 4 13
48 41 10 19
48 45 0 1
48 46 3 20
48 49 20 3
49 0 15 11
49 2 20 11
49 4 12 4
49 5 10 20
49 6 5 20
49 8 4 0
49 9 15 4
49 10 3 12
49 11 1 8
49 12 7 14
49 13 2 6
49 15 19 2
49 18 3 3
49 19 16 17
49 25 13 14
49 26 18 20
49 28 17 15
49 29 3 0
49 32 5 11
49 34 10 6
49 36 19 9
49 38 10 18
49 41 9 12
49 44 18 20
49 46 10 3
49 48 16 18
