50
2
0 1 6 0
0 3 7 12
0 5 15 15
0 7 0 11
0 8 11 11
0 11 10 4
0 19 5 16
0 20 2 8
0 21 16 8
0 22 1 6
0 29 4 18
0 30 15 3
0 32 4 10
0 35 15 8
0 36 13 6
0 38 11 7
0 39 8 8
0 41 17 8
0 43 4 4
0 45 19 15
0 46 12 5
0 48 4 14
1 1 1 7
1 2 4 20
1 4 17 12
1 9 1 13
1 11 5 8
1 12 19 14
1 13 8 12
1 14 8 12
1 15 4 15
1 16 0 3
1 20 5 18
1 22 8 14
1 23 9 8
1 26 8 16
1 27 8 4
1 28 16 18
1 29 8 17
1 32 15 14
1 34 11 4
1 36 5 9
1 37 14 1
1 38 11 9
1 41 0 17
1 42 1 20
1 43 8 17
1 47 12 10
1 48 15 3
1 49 18 16
2 1 1 7
2 2 16 14
2 3 6 10
2 4 2 14
2 5 20 6
2 6 19 7
2 7 3 12
2 10 11 4
2 11 13 10
2 13 19 2
2 14 12 17
2 16 17 19
2 18 18 2
2 26 10 20
2 27 15 12
2 28 3 7
2 34 20 15
2 36 18 14
2 37 3 2
2 38 19 16
2 41 5 12
2 42 7 10
2 43 20 1
2 44 0 15
2 45 17 15
2 46 7 7
2 49 16 16
3 0 0 18
3 2 17 17
3 3 20 20
3 4 10 11
3 6 16 6
3 7 14 4
3 8 10 3
3 10 3 8
3 12 13 8
3 13 13 19
3 14 12 11
3 16 19 14
3 17 19 0
3 19 19 0
3 20 17 20
3 21 12 14
3 23 0 18
3 24 10 9
3 26 2 9
3 27 17 18
3 28 8 9
3 29 9 1
3 31 4 11
3 34 2 20
3 35 8 4
3 37 9 5
3 39 7 6
3 40 13 17
3 43 20 9
3 46 10 13
3 48 13 5
3 49 10 11
4 1 17 5
4 9 15 7
4 11 16 8
4 13 13 4
4 14 20 11
4 16 17 8
4 19 8 11
4 20 19 1
4 23 19 13
4 27 0 18
4 28 10 9
4 29 2 9
4 30 15 13
4 37 15 19
4 38 9 17
4 39 12 20
4 44 9 0
4 46 9 10
5 1 20 6
5 5 17 3
5 6 11 12
5 8 8 20
5 9 18 17
5 10 19 13
5 14 12 9
5 16 2 13
5 17 19 1
5 18 5 10
5 22 13 10
5 23 18 17
5 24 12 5
5 26 19 10
5 27 19 4
5 29 12 11
5 30 19 7
5 39 5 4
5 41 6 15
5 42 7 15
5 44 10 12
5 45 6 1
5 48 3 0
6 8 3 1
6 9 19 5
6 11 12 5
6 14 9 1
6 15 1 12
6 16 0 6
6 18 14 13
6 22 7 17
6 24 7 17
6 34 17 14
6 35 11 14
6 40 9 20
6 43 11 9
6 45 13 15
6 46 9 5
6 49 6 15
7 1 14 18
7 2 2 11
7 7 8 12
7 8 5 11
7 9 20 7
7 13 5 5
7 15 8 6
7 17 17 6
7 18 14 12
7 22 7 8
7 32 5 16
7 34 0 17
7 36 16 20
7 37 6 14
7 39 4 16
7 40 3 13
7 42 17 13
7 43 13 18
7 44 10 18
7 45 0 7
7 46 7 15
7 47 14 1
8 10 9 9
8 11 16 9
8 12 16 1
8 15 10 13
8 16 11 19
8 17 3 1
8 19 4 0
8 21 19 2
8 25 20 7
8 27 18 0
8 31 1 5
8 32 20 10
8 33 13 5
8 34 18 3
8 36 9 17
8 37 16 15
8 38 0 15
8 39 9 19
8 40 16 8
8 43 4 3
8 44 6 2
8 45 9 17
8 47 7 2
9 0 11 19
9 1 17 16
9 2 10 15
9 5 12 15
9 7 13 4
9 8 4 18
9 12 6 4
9 13 12 14
9 14 8 13
9 17 16 17
9 18 17 15
9 20 12 0
9 22 20 11
9 23 14 13
9 24 12 5
9 33 3 4
9 34 6 1
9 35 4 8
9 37 0 8
9 39 4 15
9 40 2 4
9 41 1 14
9 42 4 5
9 44 7 12
9 45 4 15
9 46 16 9
9 47 19 10
9 48 3 0
10 0 13 0
10 1 9 1
10 2 12 1
10 4 6 1
10 6 14 2
10 7 10 12
10 8 13 10
10 10 9 6
10 11 0 8
10 12 10 8
10 13 16 17
10 14 14 6
10 15 16 5
10 19 2 8
10 23 2 18
10 24 6 15
10 27 6 0
10 36 11 14
10 40 13 1
10 43 11 10
10 44 18 12
10 45 2 13
10 46 17 3
11 6 12 1
11 7 16 3
11 10 20 2
11 12 14 11
11 13 5 14
11 17 13 10
11 18 14 8
11 20 2 18
11 22 18 4
11 24 12 2
11 25 4 7
11 29 18 13
11 31 16 16
11 34 3 16
11 35 19 8
11 36 6 12
11 38 14 9
11 39 6 0
11 40 2 19
11 43 7 16
12 2 1 17
12 4 14 0
12 5 9 10
12 6 2 8
12 8 0 3
12 11 7 5
12 12 12 16
12 15 0 6
12 16 3 20
12 17 12 20
12 19 20 18
12 20 3 16
12 24 1 11
12 25 17 19
12 27 16 7
12 29 11 11
12 32 18 4
12 35 4 14
12 37 6 17
12 38 7 14
12 40 7 1
12 42 12 2
12 43 8 6
12 44 9 12
12 45 7 8
12 47 2 3
12 49 0 3
13 0 14 8
13 1 15 10
13 5 17 15
13 11 6 10
13 14 14 7
13 15 6 1
13 16 9 18
13 19 15 20
13 21 8 7
13 22 20 1
13 23 11 5
13 27 1 0
13 28 0 16
13 29 0 16
13 31 8 8
13 33 12 8
13 34 12 12
13 35 10 9
13 36 1 11
13 38 1 17
13 41 6 20
13 42 6 17
13 43 19 7
13 44 5 8
13 48 6 7
13 49 20 18
14 1 8 16
14 2 9 14
14 6 12 17
14 9 19 4
14 10 0 0
14 11 2 4
14 15 9 17
14 20 10 0
14 24 15 14
14 27 18 15
14 28 7 0
14 32 19 3
14 35 14 20
14 36 15 10
14 37 0 8
14 38 8 4
14 40 20 19
14 41 9 5
14 43 20 10
14 46 6 9
15 0 13 15
15 5 0 15
15 8 5 2
15 9 19 3
15 10 9 19
15 11 5 0
15 14 11 11
15 16 7 0
15 18 20 18
15 22 14 17
15 25 1 8
15 28 13 5
15 33 4 19
15 34 9 15
15 37 12 19
15 39 11 18
15 41 11 20
15 45 5 8
15 47 7 0
15 48 0 5
16 3 18 3
16 4 17 10
16 5 9 12
16 8 11 12
16 10 9 6
16 11 0 5
16 16 9 15
16 17 6 0
16 18 3 9
16 20 18 5
16 21 3 0
16 26 3 11
16 31 13 20
16 32 9 7
16 33 18 8
16 38 6 15
16 40 17 0
16 41 3 13
16 43 20 0
16 44 15 17
16 45 9 20
16 48 19 14
17 0 4 20
17 2 13 3
17 4 0 7
17 9 9 2
17 10 14 0
17 12 17 6
17 13 2 9
17 16 1 4
17 19 9 13
17 21 14 18
17 22 20 0
17 24 7 13
17 25 10 15
17 26 10 10
17 31 19 5
17 32 14 8
17 34 0 9
17 35 13 12
17 38 15 18
17 41 1 6
17 42 16 0
17 43 7 6
17 44 4 13
17 47 5 10
17 48 16 1
18 0 19 11
18 3 3 18
18 6 11 1
18 8 14 6
18 9 5 20
18 10 13 20
18 12 6 15
18 13 12 3
18 16 3 19
18 18 19 2
18 19 8 14
18 23 13 3
18 25 9 3
18 28 10 0
18 29 4 0
18 30 7 8
18 32 5 17
18 33 13 10
18 34 14 7
18 35 17 2
18 36 9 14
18 37 2 13
18 40 0 16
18 41 11 10
18 42 7 20
18 43 4 13
18 45 10 19
18 47 6 1
19 1 8 20
19 4 14 13
19 5 10 14
19 7 6 11
19 8 14 17
19 9 20 12
19 16 10 0
19 17 11 6
19 20 16 1
19 22 14 19
19 24 18 4
19 26 12 8
19 29 20 20
19 30 2 7
19 31 4 0
19 32 12 11
19 33 0 2
19 34 16 20
19 35 13 8
19 37 4 5
19 39 6 11
19 40 6 13
19 41 4 12
19 42 11 16
19 43 11 17
19 47 10 17
19 49 14 11
20 2 10 9
20 8 8 3
20 11 18 2
20 12 6 8
20 15 9 0
20 16 16 4
20 17 14 6
20 21 5 11
20 23 2 10
20 28 6 1
20 32 19 3
20 33 5 0
20 37 9 11
20 40 15 18
20 43 10 6
20 44 7 4
20 46 13 5
20 49 20 3
21 0 6 8
21 2 10 8
21 3 13 9
21 4 9 18
21 6 20 16
21 9 4 18
21 14 7 0
21 15 3 0
21 18 4 19
21 19 8 15
21 20 9 17
21 21 9 10
21 22 10 19
21 29 1 18
21 30 10 10
21 33 16 16
21 35 9 15
21 37 19 7
21 39 18 15
21 40 20 18
21 42 18 5
21 44 18 1
21 45 18 2
21 49 11 3
22 0 7 18
22 1 14 11
22 3 10 9
22 5 15 11
22 7 0 0
22 9 12 14
22 10 5 2
22 12 3 17
22 13 7 7
22 14 16 3
22 17 16 5
22 18 8 16
22 19 14 7
22 26 7 14
22 34 2 10
22 35 9 7
22 36 16 8
22 37 2 16
22 38 4 14
22 39 6 20
22 42 5 9
22 43 9 9
22 45 3 12
22 46 7 16
22 47 13 2
22 48 2 10
22 49 3 8
23 0 18 12
23 5 5 17
23 6 19 20
23 7 20 20
23 9 1 11
23 12 18 3
23 14 12 1
23 15 18 15
23 16 12 12
23 17 16 10
23 18 2 8
23 20 0 9
23 21 15 7
23 22 19 4
23 23 13 7
23 27 6 17
23 32 18 1
23 33 7 18
23 34 5 20
23 35 6 19
23 37 0 12
23 40 18 6
23 41 17 3
23 42 17 0
23 45 8 9
23 48 20 9
24 1 5 15
24 2 0 10
24 3 10 5
24 4 17 4
24 7 5 7
24 11 18 14
24 15 8 0
24 19 14 2
24 21 11 13
24 23 10 10
24 24 16 5
24 25 4 19
24 26 9 14
24 28 20 5
24 30 5 11
24 31 16 18
24 35 9 8
24 36 18 20
24 37 15 0
24 38 3 1
24 40 3 3
24 41 17 13
24 44 8 20
24 46 15 8
24 49 15 12
25 0 0 14
25 1 17 4
25 2 3 8
25 3 0 5
25 4 0 2
25 6 15 16
25 9 4 20
25 13 4 16
25 14 10 7
25 15 11 10
25 20 6 12
25 21 17 14
25 22 9 12
25 24 7 15
25 26 5 6
25 29 7 5
25 31 1 8
25 32 13 6
25 33 12 0
25 36 4 8
25 38 3 6
25 39 17 4
25 40 10 18
25 41 8 11
25 42 1 9
25 43 14 17
25 46 5 15
25 47 3 14
25 49 15 12
26 0 16 7
26 1 18 1
26 3 0 16
26 5 1 19
26 7 11 16
26 11 12 2
26 12 1 20
26 13 2 9
26 16 7 7
26 17 6 5
26 18 11 18
26 21 3 16
26 24 4 6
26 25 4 10
26 27 20 17
26 29 4 2
26 31 10 0
26 32 1 20
26 34 17 11
26 41 5 4
26 47 18 19
26 48 13 10
27 0 6 4
27 1 13 6
27 2 1 7
27 8 1 8
27 10 13 5
27 13 16 10
27 14 20 19
27 15 13 2
27 16 19 18
27 18 17 10
27 19 20 0
27 22 17 1
27 24 16 13
27 25 0 17
27 27 4 15
27 28 11 5
27 29 2 3
27 30 15 9
27 31 9 12
27 33 5 10
27 35 10 4
27 36 13 15
27 37 15 10
27 38 2 18
27 39 4 18
27 40 12 6
27 42 1 17
27 44 11 19
27 47 9 14
28 0 11 8
28 1 8 20
28 2 17 20
28 13 11 16
28 14 9 5
28 17 6 13
28 18 18 4
28 19 17 11
28 20 15 4
28 24 12 9
28 25 8 17
28 27 13 0
28 28 5 9
28 29 12 17
28 30 8 6
28 32 8 16
28 33 7 4
28 37 5 17
28 40 5 8
28 43 13 4
28 44 10 14
28 48 15 5
29 0 1 4
29 1 19 20
29 2 13 13
29 4 0 6
29 5 11 0
29 7 19 1
29 8 17 12
29 11 19 19
29 13 14 12
29 17 6 16
29 18 3 2
29 19 18 3
29 20 5 7
29 24 5 16
29 25 8 10
29 26 10 10
29 27 16 5
29 28 3 18
29 30 10 2
29 33 6 17
29 35 7 13
29 36 3 16
29 38 19 18
29 42 2 19
29 45 1 20
29 48 9 4
30 1 8 12
30 7 17 0
30 8 5 18
30 11 13 16
30 16 16 15
30 17 18 16
30 18 1 7
30 23 16 15
30 24 6 0
30 27 7 1
30 28 12 20
30 29 2 7
30 33 16 18
30 34 3 16
30 36 1 11
30 37 13 9
30 38 10 12
30 39 8 3
30 41 15 9
30 44 15 11
30 45 13 12
30 46 13 14
30 47 6 15
31 1 5 5
31 3 0 15
31 6 11 2
31 7 7 5
31 8 14 0
31 10 18 7
31 13 3 6
31 14 7 16
31 15 16 20
31 16 0 5
31 19 4 18
31 20 19 11
31 21 12 18
31 23 11 5
31 24 0 2
31 25 8 0
31 26 13 15
31 31 16 19
31 33 15 11
31 35 14 15
31 36 17 19
31 37 11 5
31 40 20 9
31 43 14 8
31 44 15 10
31 45 6 3
31 46 9 3
31 48 18 13
32 0 4 16
32 1 8 10
32 4 14 11
32 5 11 20
32 8 9 11
32 9 19 20
32 11 17 15
32 12 15 1
32 13 20 10
32 14 2 9
32 19 10 9
32 21 13 19
32 24 18 9
32 29 18 3
32 31 1 1
32 32 16 12
32 33 11 5
32 34 13 0
32 37 15 11
32 38 5 20
32 39 14 5
32 40 19 17
32 41 4 20
32 42 15 3
32 43 9 1
32 45 20 0
32 48 15 0
32 49 13 5
33 1 7 6
33 2 17 13
33 3 2 9
33 7 13 8
33 8 5 9
33 11 2 12
33 13 16 1
33 15 8 5
33 16 0 0
33 18 1 5
33 19 14 1
33 20 13 16
33 25 7 15
33 27 13 15
33 31 11 5
33 35 20 19
33 37 12 7
33 43 9 8
33 45 1 3
33 46 17 15
34 1 3 2
34 2 16 20
34 3 3 0
34 6 2 14
34 8 6 8
34 9 19 19
34 10 14 15
34 16 12 7
34 21 0 15
34 23 19 10
34 24 14 2
34 28 10 1
34 29 13 16
34 31 10 10
34 33 15 1
34 39 11 18
34 43 20 9
34 44 0 13
34 45 3 16
35 4 12 7
35 6 16 0
35 9 20 14
35 12 8 13
35 16 20 12
35 18 0 17
35 19 9 8
35 20 6 9
35 21 6 8
35 22 8 20
35 23 7 11
35 24 19 6
35 28 14 0
35 29 11 0
35 33 1 11
35 38 17 8
35 40 12 12
35 44 0 19
35 45 7 14
35 47 4 18
35 49 12 14
36 0 3 8
36 1 11 10
36 3 6 4
36 7 16 1
36 8 20 11
36 9 9 18
36 10 2 16
36 11 1 0
36 12 9 15
36 15 7 20
36 16 13 5
36 18 11 16
36 20 0 17
36 21 3 15
36 23 17 14
36 24 13 12
36 25 8 18
36 27 1 13
36 28 11 1
36 30 10 13
36 31 20 9
36 32 12 14
36 33 15 19
36 38 9 18
36 39 10 20
36 40 15 10
36 43 6 8
36 47 2 13
36 49 8 20
37 1 12 19
37 2 8 4
37 4 5 15
37 5 2 16
37 7 20 14
37 9 7 13
37 12 2 7
37 13 15 20
37 16 6 4
37 17 2 13
37 19 0 4
37 20 6 3
37 24 2 3
37 26 6 0
37 30 12 4
37 31 10 6
37 32 8 11
37 33 4 9
37 34 20 7
37 41 0 0
37 45 10 1
37 48 4 17
37 49 1 2
38 0 11 9
38 8 13 20
38 9 15 0
38 11 0 8
38 13 19 4
38 14 17 15
38 17 13 0
38 18 1 8
38 19 19 5
38 20 6 5
38 23 7 4
38 25 7 16
38 26 7 7
38 27 6 9
38 32 19 16
38 33 8 3
38 34 13 1
38 38 7 9
38 39 15 14
38 40 9 12
38 41 10 19
38 44 11 10
38 45 12 8
38 46 11 4
38 47 4 2
38 48 3 0
38 49 18 18
39 2 17 0
39 5 12 3
39 6 6 15
39 8 14 9
39 9 13 7
39 10 18 8
39 13 14 7
39 16 19 5
39 17 18 19
39 20 9 8
39 25 17 14
39 26 16 14
39 27 16 10
39 30 11 12
39 33 16 13
39 34 5 7
39 35 5 8
39 37 4 3
39 39 3 7
39 41 8 14
39 42 20 14
39 43 5 4
39 48 18 13
39 49 19 7
40 0 10 14
40 1 6 8
40 2 0 16
40 6 12 18
40 7 20 12
40 8 11 0
40 15 16 12
40 17 7 9
40 18 5 2
40 21 18 0
40 23 6 7
40 26 0 13
40 29 16 3
40 30 0 17
40 31 9 11
40 33 19 11
40 40 20 11
40 41 4 20
40 42 7 5
40 43 15 9
40 44 17 1
40 46 4 15
40 49 13 19
41 4 19 13
41 6 10 11
41 7 9 15
41 9 4 10
41 12 18 8
41 13 14 5
41 17 2 20
41 18 8 3
41 20 19 12
41 22 1 11
41 23 3 16
41 24 13 2
41 27 20 16
41 28 7 19
41 30 8 0
41 31 17 11
41 36 11 2
41 39 17 3
41 40 5 12
41 41 7 12
41 44 4 18
41 45 18 1
42 4 11 6
42 6 15 20
42 7 0 3
42 8 13 14
42 9 3 6
42 10 7 3
42 11 9 6
42 14 17 20
42 16 20 13
42 17 8 15
42 19 6 14
42 23 17 10
42 24 8 13
42 28 10 14
42 29 11 16
42 34 7 18
42 36 18 19
42 39 4 15
42 41 20 13
42 44 2 13
42 48 14 20
43 0 18 9
43 1 12 13
43 4 3 15
43 11 12 0
43 15 13 15
43 17 14 0
43 20 3 11
43 22 18 7
43 24 3 17
43 27 0 7
43 29 7 18
43 31 19 6
43 35 17 3
43 36 5 4
43 37 18 9
43 38 14 20
43 39 15 12
43 40 20 2
43 46 14 16
44 0 8 11
44 4 8 13
44 9 16 6
44 10 17 5
44 12 20 2
44 17 11 3
44 20 18 17
44 21 1 12
44 23 19 1
44 24 20 11
44 29 18 16
44 30 14 18
44 31 11 18
44 32 18 10
44 33 3 0
44 34 10 15
44 36 4 18
44 38 6 11
44 39 13 8
44 41 11 9
44 44 16 9
44 45 3 8
44 46 1 12
44 47 5 17
44 49 14 12
45 2 15 1
45 5 4 3
45 7 20 19
45 10 19 6
45 12 14 18
45 14 6 13
45 18 8 0
45 23 10 5
45 24 13 20
45 26 0 9
45 27 18 19
45 28 2 0
45 30 14 11
45 31 10 6
45 32 16 14
45 33 8 6
45 34 20 6
45 36 14 20
45 37 11 1
45 40 10 7
45 43 3 8
45 45 16 14
45 46 2 12
45 47 4 2
45 49 11 8
46 2 12 13
46 4 18 11
46 11 20 20
46 14 8 18
46 15 11 17
46 17 4 13
46 20 20 12
46 21 17 6
46 22 8 11
46 23 12 1
46 25 4 19
46 28 2 8
46 29 1 8
46 30 18 13
46 35 9 4
46 37 14 11
46 40 7 16
46 43 14 9
46 44 15 17
46 47 8 17
46 48 12 17
46 49 13 19
47 2 15 19
47 4 3 15
47 7 12 2
47 9 0 8
47 10 15 15
47 11 4 9
47 12 5 10
47 13 3 14
47 14 17 1
47 16 7 14
47 19 10 2
47 20 5 16
47 21 0 9
47 22 3 17
47 25 2 19
47 26 17 20
47 27 12 1
47 31 16 1
47 33 10 12
47 34 19 4
47 35 19 17
47 38 12 0
47 39 9 18
47 40 12 1
47 42 16 3
47 44 14 9
47 45 14 0
47 46 17 5
47 47 1 15
48 4 20 19
48 5 0 12
48 7 12 5
48 8 20 16
48 9 2 2
48 10 13 4
48 11 14 2
48 17 8 0
48 18 11 3
48 20 14 3
48 21 1 20
48 22 5 4
48 23 16 20
48 29 1 4
48 32 18 8
48 35 19 20
48 37 18 13
48 38 17 18
48 39 19 17
48 43 1 2
48 44 12 20
48 45 19 4
48 46 11 20
48 49 1 8
49 0 2 8
49 3 7 19
49 6 6 10
49 10 15 20
49 13 0 12
49 15 9 1
49 16 1 15
49 18 8 14
49 20 13 10
49 21 7 16
49 22 8 1
49 24 11 13
49 25 13 9
49 26 1 13
49 29 1 15
49 31 4 5
49 32 14 19
49 33 4 8
49 35 17 5
49 38 7 15
49 39 7 5
49 41 20 0
49 42 8 20
49 43 2 14
49 49 12 4
