50
2
0 4 6 12
0 5 0 1
0 7 17 15
0 8 2 2
0 12 12 9
0 15 11 8
0 17 18 4
0 18 3 1
0 20 2 9
0 22 17 9
0 23 9 1
0 25 1 3
0 26 13 15
0 27 2 20
0 30 7 0
0 32 2 8
0 33 15 20
0 34 17 5
0 36 8 16
0 37 14 0
0 41 18 20
0 42 3 18
0 44 17 18
0 45 20 17
0 47 17 3
1 1 20 4
1 3 17 6
1 8 16 7
1 9 2 2
1 10 17 15
1 11 20 3
1 12 14 5
1 13 0 6
1 14 16 18
1 15 3 4
1 18 7 20
1 19 20 7
1 20 5 3
1 21 4 5
1 22 7 13
1 23 5 20
1 25 4 4
1 26 18 9
1 27 6 14
1 28 3 9
1 29 5 6
1 30 18 9
1 31 8 10
1 33 6 11
1 34 16 13
1 35 7 12
1 36 7 17
1 37 7 19
1 39 11 17
1 40 9 12
1 41 1 3
1 42 13 1
1 43 10 5
1 44 14 11
1 48 10 18
2 0 19 20
2 5 9 20
2 6 20 9
2 8 11 4
2 10 12 11
2 16 10 19
2 17 12 16
2 20 2 19
2 21 10 0
2 23 0 9
2 25 1 7
2 26 19 9
2 29 18 11
2 30 1 4
2 31 12 7
2 33 8 20
2 34 10 4
2 35 8 17
2 37 3 1
2 40 2 18
2 41 2 18
2 42 2 13
2 43 13 15
2 47 6 16
3 0 11 19
3 2 3 17
3 3 10 0
3 6 10 9
3 8 5 6
3 9 13 3
3 11 0 9
3 12 12 3
3 13 16 8
3 14 5 3
3 18 9 3
3 19 2 7
3 23 8 0
3 24 0 10
3 26 17 20
3 27 12 5
3 28 19 13
3 30 18 17
3 35 18 11
3 36 6 7
3 38 10 19
3 41 17 0
3 42 6 2
3 44 4 14
3 45 9 9
3 46 15 5
3 48 6 3
4 0 15 3
4 1 16 12
4 3 19 13
4 6 13 1
4 9 19 14
4 10 1 9
4 12 3 2
4 15 16 12
4 16 19 19
4 17 3 8
4 22 18 0
4 24 11 18
4 25 17 9
4 26 7 2
4 27 5 1
4 30 9 1
4 31 8 15
4 32 2 4
4 34 16 17
4 35 9 17
4 36 5 8
4 37 7 18
4 39 5 12
4 46 10 17
5 3 10 13
5 6 3 1
5 10 11 15
5 11 13 2
5 12 18 2
5 15 2 2
5 16 7 2
5 18 5 7
5 22 12 13
5 24 4 1
5 30 20 7
5 36 8 14
5 37 12 9
5 41 7 14
5 45 8 5
5 46 10 9
5 47 0 9
5 48 12 7
5 49 10 3
6 3 19 20
6 5 16 16
6 8 10 14
6 9 11 1
6 10 11 16
6 13 9 10
6 15 2 6
6 18 19 15
6 23 9 1
6 25 14 1
6 26 12 4
6 27 14 19
6 28 10 8
6 29 7 11
6 33 20 8
6 34 20 4
6 38 0 0
6 40 5 15
6 41 10 4
6 47 6 14
6 48 11 16
6 49 19 1
7 0 13 10
7 1 15 16
7 2 8 4
7 4 10 0
7 5 0 11
7 6 20 0
7 8 3 16
7 9 9 7
7 14 20 1
7 15 7 16
7 16 13 12
7 17 13 5
7 19 0 8
7 20 7 3
7 22 4 6
7 23 19 20
7 26 2 0
7 30 16 19
7 31 6 14
7 33 9 13
7 34 0 13
7 35 18 15
7 36 7 19
7 40 16 15
7 43 12 13
7 44 8 18
7 46 18 5
7 47 2 4
7 48 3 17
8 0 0 1
8 1 4 6
8 4 3 1
8 6 8 19
8 7 10 9
8 9 3 8
8 10 9 6
8 11 2 12
8 12 19 8
8 16 3 9
8 17 17 16
8 18 18 10
8 19 15 14
8 23 9 14
8 28 6 20
8 29 12 2
8 31 14 4
8 32 19 3
8 35 14 8
8 36 15 20
8 38 14 16
8 41 4 4
8 42 6 9
8 45 8 6
8 46 8 0
8 47 0 19
8 48 6 2
8 49 18 0
9 4 17 11
9 5 15 1
9 6 7 3
9 9 0 5
9 13 13 0
9 14 12 9
9 15 16 6
9 16 13 2
9 17 0 12
9 18 2 16
9 19 18 20
9 21 17 16
9 22 10 5
9 26 4 1
9 32 14 16
9 34 9 18
9 39 8 12
9 44 3 11
9 45 6 9
9 47 10 0
9 48 3 2
10 1 3 5
10 2 13 9
10 5 18 0
10 6 7 6
10 8 19 5
10 10 14 9
10 11 12 11
10 12 8 0
10 13 15 9
10 14 2 2
10 16 14 3
10 21 5 0
10 22 4 4
10 23 3 0
10 25 19 16
10 26 10 10
10 28 7 14
10 29 14 18
10 30 13 3
10 31 19 3
10 34 15 10
10 35 13 17
10 36 8 3
10 37 16 7
10 39 13 8
10 43 5 15
10 44 5 15
10 45 18 11
10 46 17 18
10 47 20 6
10 49 15 8
11 1 9 4
11 5 5 7
11 6 17 0
11 7 8 7
11 8 16 3
11 13 11 13
11 14 13 15
11 15 9 13
11 18 2 0
11 19 0 7
11 21 13 1
11 22 6 1
11 23 12 16
11 26 0 8
11 27 13 14
11 28 13 19
11 31 20 7
11 32 1 10
11 33 5 18
11 35 9 16
11 36 14 16
11 42 20 10
11 43 2 10
11 45 18 5
11 46 18 2
11 48 14 5
11 49 7 5
12 1 15 8
12 3 12 17
12 4 5 8
12 5 12 9
12 6 15 5
12 7 11 20
12 8 12 17
12 9 13 12
12 10 11 0
12 12 11 6
12 14 14 7
12 15 7 17
12 16 14 10
12 18 10 6
12 20 20 4
12 21 2 9
12 22 3 13
12 23 16 12
12 24 17 19
12 27 17 7
12 28 19 11
12 29 19 6
12 34 3 12
12 38 19 16
12 42 17 8
12 43 20 13
12 44 9 14
12 46 17 3
12 48 7 15
12 49 11 7
13 0 11 14
13 3 20 5
13 4 1 18
13 5 5 16
13 7 14 18
13 11 11 5
13 12 12 9
13 13 4 18
13 14 15 15
13 16 6 8
13 18 9 5
13 19 13 6
13 22 5 9
13 25 7 19
13 27 19 15
13 28 11 14
13 30 3 6
13 31 16 5
13 32 18 2
13 33 17 4
13 34 12 18
13 35 4 18
13 37 2 13
13 38 0 6
13 42 16 18
13 47 14 11
13 49 3 6
14 0 12 9
14 3 15 9
14 4 19 4
14 6 1 1
14 8 18 20
14 9 19 17
14 10 0 13
14 11 17 20
14 14 1 13
14 15 20 20
14 16 7 12
14 17 15 2
14 18 11 12
14 20 4 3
14 21 9 8
14 22 13 20
14 26 8 6
14 28 16 16
14 31 10 15
14 32 15 16
14 35 3 10
14 39 11 5
14 40 19 14
14 41 9 3
14 45 7 17
14 49 1 11
15 1 12 17
15 2 11 18
15 3 16 12
15 6 10 17
15 16 14 9
15 17 1 10
15 18 20 0
15 19 15 15
15 20 10 10
15 26 11 20
15 27 3 9
15 28 11 11
15 29 2 2
15 30 2 10
15 31 9 3
15 32 11 13
15 35 10 8
15 37 16 0
15 38 15 5
15 39 11 14
15 40 17 2
15 42 14 16
15 44 19 7
15 45 6 15
15 46 14 17
15 47 3 4
16 0 6 13
16 2 0 18
16 3 4 18
16 4 16 7
16 6 10 12
16 8 3 12
16 10 16 17
16 11 8 8
16 13 5 16
16 14 0 6
16 15 7 9
16 18 3 5
16 19 2 9
16 23 16 12
16 25 14 13
16 26 6 1
16 27 13 11
16 28 18 1
16 30 4 5
16 31 8 4
16 32 18 4
16 33 1 4
16 36 14 1
16 37 12 5
16 38 13 16
16 39 11 10
16 42 19 15
16 43 20 13
16 46 11 19
16 47 7 20
16 48 0 2
16 49 15 4
17 0 19 20
17 1 2 17
17 3 19 4
17 6 0 11
17 12 17 8
17 14 14 0
17 16 13 11
17 17 12 0
17 19 5 3
17 21 7 6
17 22 18 12
17 27 7 18
17 28 19 3
17 29 2 2
17 30 4 9
17 32 14 8
17 33 14 12
17 34 8 3
17 42 9 16
17 43 19 20
17 45 4 8
17 46 6 7
17 47 10 16
17 48 5 13
17 49 10 5
18 0 6 8
18 1 5 8
18 3 13 5
18 4 20 0
18 5 0 12
18 7 4 20
18 8 12 12
18 9 11 12
18 11 5 5
18 12 15 11
18 18 15 4
18 19 19 9
18 20 5 6
18 26 2 13
18 30 17 7
18 32 16 13
18 33 15 5
18 34 7 19
18 37 3 17
18 38 14 9
18 39 2 8
18 43 11 12
18 44 15 18
18 45 4 9
18 48 20 13
18 49 20 14
19 2 6 13
19 4 0 3
19 6 12 20
19 7 14 19
19 8 18 5
19 12 6 3
19 15 16 12
19 18 3 16
19 19 4 2
19 21 0 11
19 22 3 8
19 23 14 17
19 24 12 7
19 26 4 14
19 30 9 15
19 32 14 2
19 35 11 3
19 36 14 11
19 37 2 4
19 38 4 20
19 43 12 1
19 46 11 18
19 47 12 11
19 49 10 8
20 1 2 15
20 3 13 12
20 5 16 17
20 6 14 12
20 7 15 10
20 9 4 18
20 18 5 7
20 21 1 16
20 24 11 4
20 28 5 9
20 29 14 2
20 31 12 6
20 32 15 9
20 35 5 14
20 36 14 20
20 43 4 20
20 44 5 12
20 45 7 11
20 46 16 5
20 47 4 4
20 49 15 0
21 0 1 1
21 1 8 1
21 6 17 19
21 7 16 20
21 9 6 1
21 10 4 7
21 13 8 3
21 20 6 15
21 21 6 9
21 24 7 1
21 27 7 6
21 28 12 2
21 29 19 9
21 30 5 14
21 31 16 11
21 37 9 16
21 40 8 19
21 43 7 15
21 44 12 10
21 45 3 20
21 46 20 16
21 49 2 8
22 0 18 12
22 1 16 5
22 2 6 18
22 4 3 10
22 5 14 20
22 6 12 8
22 8 5 0
22 14 5 9
22 20 7 12
22 22 5 9
22 30 13 11
22 34 9 13
22 36 18 9
22 39 6 11
22 40 12 13
22 41 3 6
22 42 17 4
22 44 16 11
22 47 9 18
22 49 2 9
23 0 3 4
23 4 11 7
23 7 10 18
23 10 18 8
23 12 17 9
23 16 4 16
23 21 12 9
23 22 4 4
23 26 2 17
23 27 2 13
23 30 19 7
23 33 7 15
23 36 14 19
23 40 14 10
23 41 19 6
23 42 3 13
23 43 16 14
23 45 16 19
23 46 1 7
23 47 3 6
24 3 10 10
24 4 5 1
24 5 18 3
24 7 1 1
24 10 13 3
24 11 8 16
24 19 9 13
24 20 17 3
24 23 10 9
24 25 9 0
24 28 16 10
24 29 3 4
24 30 16 19
24 31 1 10
24 35 9 6
24 36 19 20
24 37 8 3
24 40 9 9
25 3 5 11
25 4 13 13
25 6 8 0
25 9 13 16
25 10 14 6
25 11 0 14
25 14 19 0
25 16 12 3
25 17 19 10
25 18 10 13
25 20 8 12
25 21 0 17
25 25 16 9
25 27 13 5
25 28 1 16
25 32 0 8
25 35 16 13
25 36 13 11
25 39 3 8
25 40 6 10
25 41 11 0
25 46 0 20
25 49 12 6
26 0 5 8
26 2 10 10
26 6 6 9
26 9 11 15
26 13 14 9
26 14 12 4
26 15 4 0
26 16 0 2
26 17 7 11
26 19 15 0
26 21 9 2
26 22 1 9
26 24 2 16
26 25 5 4
26 26 7 4
26 29 7 0
26 30 2 18
26 33 3 14
26 34 17 4
26 35 18 12
26 38 10 13
26 39 9 6
26 40 0 1
26 41 17 10
26 42 12 2
26 43 10 17
26 46 9 6
26 49 9 12
27 3 12 18
27 4 17 8
27 6 7 20
27 11 17 19
27 13 14 19
27 17 18 20
27 20 3 9
27 21 17 10
27 23 15 5
27 24 4 17
27 27 20 9
27 31 16 18
27 32 7 4
27 34 1 1
27 36 3 19
27 41 6 14
27 43 4 15
27 47 9 9
27 48 9 17
27 49 18 4
28 0 3 14
28 3 17 9
28 4 2 6
28 6 15 5
28 7 11 19
28 10 1 12
28 13 20 0
28 14 17 0
28 17 6 13
28 19 5 14
28 20 18 4
28 22 0 0
28 23 3 8
28 24 8 0
28 26 2 19
28 32 8 2
28 33 10 5
28 37 6 11
28 39 8 15
28 40 20 3
28 41 0 13
28 42 17 4
28 44 14 14
28 47 0 15
29 4 18 0
29 5 4 2
29 7 5 4
29 9 10 11
29 15 13 10
29 16 4 11
29 17 7 11
29 19 1 6
29 23 3 17
29 25 7 2
29 26 6 18
29 27 1 0
29 28 2 5
29 29 20 18
29 32 0 9
29 36 15 17
29 37 13 18
29 39 19 10
29 43 5 6
29 46 6 17
29 47 11 10
29 49 9 6
30 1 12 0
30 2 7 13
30 3 13 9
30 4 20 15
30 5 12 20
30 6 17 11
30 9 8 8
30 10 13 15
30 12 12 11
30 13 15 6
30 14 15 16
30 15 9 19
30 16 19 5
30 19 0 15
30 21 2 1
30 22 8 11
30 23 3 20
30 28 7 10
30 35 11 12
30 36 14 9
30 40 5 8
30 42 19 19
30 44 15 2
30 47 8 9
30 48 4 4
30 49 19 15
31 0 5 13
31 1 13 18
31 8 14 14
31 9 18 18
31 10 6 13
31 11 2 3
31 12 9 12
31 13 19 7
31 16 10 3
31 17 9 1
31 18 6 7
31 20 3 6
31 21 9 19
31 22 6 14
31 23 3 2
31 24 18 10
31 25 13 7
31 26 9 4
31 27 11 17
31 28 17 9
31 29 12 15
31 31 8 17
31 35 19 0
31 36 15 2
31 38 12 7
31 40 11 16
31 41 20 18
31 42 12 15
31 43 4 1
31 45 6 13
31 47 19 14
31 48 0 9
32 4 9 8
32 7 20 12
32 8 11 4
32 9 5 6
32 10 3 1
32 11 2 14
32 14 0 15
32 16 8 15
32 18 20 16
32 19 16 6
32 21 18 15
32 24 6 5
32 25 19 16
32 26 18 14
32 28 3 2
32 29 3 13
32 31 9 6
32 32 16 16
32 35 17 20
32 36 8 3
32 38 15 17
32 39 12 4
32 40 19 8
32 41 14 18
32 43 6 4
32 44 12 5
32 45 13 1
32 47 6 5
32 49 11 8
33 0 7 13
33 2 20 13
33 3 15 13
33 6 7 3
33 7 0 7
33 8 7 8
33 10 10 14
33 15 12 19
33 16 18 15
33 21 10 19
33 25 13 6
33 26 4 0
33 27 7 0
33 31 12 20
33 33 15 8
33 37 7 16
33 38 15 11
33 39 6 9
33 42 18 15
33 45 12 5
33 47 15 18
33 49 17 19
34 7 9 0
34 10 17 2
34 12 1 10
34 13 19 7
34 14 14 17
34 15 1 18
34 17 14 12
34 18 7 2
34 20 4 17
34 21 18 4
34 24 3 14
34 25 19 10
34 28 0 15
34 30 19 13
34 34 17 4
34 35 17 9
34 37 10 16
34 38 19 14
34 41 11 5
34 43 7 10
34 45 6 20
34 48 9 15
35 2 3 7
35 3 5 18
35 4 10 8
35 5 12 6
35 6 18 11
35 7 9 0
35 8 9 16
35 9 10 18
35 11 12 2
35 12 8 18
35 15 0 4
35 17 6 9
35 19 13 11
35 21 18 19
35 22 20 14
35 23 6 18
35 26 12 5
35 28 20 2
35 35 15 2
35 37 17 18
35 38 4 14
35 40 5 9
35 41 19 1
35 46 2 9
35 48 12 4
36 0 11 12
36 1 10 2
36 3 14 16
36 4 12 10
36 5 12 5
36 8 15 12
36 14 10 0
36 15 5 15
36 16 5 17
36 17 10 10
36 19 19 9
36 20 20 14
36 21 1 7
36 22 15 4
36 24 11 18
36 29 5 18
36 31 2 8
36 32 2 6
36 33 18 8
36 34 6 4
36 37 0 8
36 38 7 7
36 39 16 16
36 41 7 3
36 43 5 16
36 44 12 19
36 45 15 19
36 46 2 12
36 49 20 10
37 0 2 14
37 1 18 12
37 5 19 4
37 6 7 8
37 7 0 2
37 8 7 16
37 10 18 14
37 11 15 1
37 14 10 3
37 16 16 19
37 17 15 8
37 18 17 17
37 19 3 8
37 22 10 2
37 26 10 8
37 29 19 5
37 30 11 1
37 31 1 12
37 32 12 18
37 34 19 20
37 35 7 2
37 38 19 20
37 39 2 1
37 40 19 2
37 41 15 20
37 44 6 13
37 45 7 18
37 46 20 9
37 47 0 3
37 48 7 2
37 49 17 4
38 1 12 20
38 3 20 11
38 7 19 9
38 8 3 2
38 9 3 11
38 10 3 9
38 13 15 13
38 14 14 2
38 15 1 10
38 19 16 14
38 23 9 19
38 27 18 13
38 28 9 5
38 29 0 12
38 30 10 20
38 33 2 8
38 35 20 19
38 38 11 19
38 41 16 6
38 47 18 8
38 48 9 0
39 2 10 10
39 4 1 14
39 8 15 16
39 9 19 19
39 10 17 12
39 12 0 10
39 17 15 8
39 18 18 9
39 22 18 4
39 23 20 20
39 24 4 16
39 26 5 14
39 27 18 13
39 29 6 18
39 30 17 14
39 32 20 9
39 35 13 5
39 36 7 16
39 37 14 1
39 38 11 13
39 39 3 16
39 43 1 20
39 44 19 19
39 49 11 20
40 0 9 18
40 3 19 9
40 4 3 5
40 6 9 10
40 7 2 13
40 8 15 16
40 9 0 10
40 10 7 8
40 16 4 2
40 17 16 0
40 18 10 9
40 22 13 4
40 25 20 14
40 26 0 10
40 30 19 10
40 33 3 3
40 36 0 11
40 43 13 2
40 45 17 16
40 46 12 19
40 47 10 15
40 49 15 5
41 0 18 4
41 3 14 0
41 6 5 8
41 7 9 7
41 8 13 14
41 9 14 10
41 14 8 18
41 16 15 6
41 20 1 17
41 25 14 17
41 26 9 14
41 27 16 6
41 29 18 4
41 36 12 8
41 38 12 8
41 39 10 20
41 42 4 20
41 43 6 18
41 44 11 9
41 49 17 9
42 1 8 13
42 2 13 14
42 5 13 8
42 6 8 14
42 7 7 7
42 8 20 10
42 10 4 19
42 12 12 11
42 14 13 8
42 15 5 19
42 16 11 16
42 17 17 16
42 18 11 16
42 19 17 13
42 20 6 18
42 22 9 2
42 23 1 14
42 25 8 7
42 31 7 2
42 46 19 15
42 49 13 0
43 7 18 1
43 8 8 15
43 9 6 19
43 11 4 17
43 13 12 10
43 16 1 11
43 18 4 2
43 21 9 2
43 23 20 1
43 25 11 18
43 26 0 13
43 27 15 2
43 29 5 3
43 30 11 19
43 31 10 8
43 32 19 20
43 34 12 3
43 35 3 17
43 36 2 1
43 38 4 4
43 39 10 6
43 40 12 5
43 43 14 2
43 44 18 2
43 49 7 14
44 3 12 6
44 4 20 4
44 5 17 3
44 6 1 8
44 9 18 6
44 10 18 15
44 11 12 16
44 12 15 12
44 18 19 16
44 19 5 15
44 21 1 0
44 23 16 2
44 24 10 13
44 27 17 15
44 29 17 16
44 30 4 15
44 32 10 18
44 33 3 5
44 34 20 4
44 36 20 6
44 42 3 0
44 45 11 13
44 49 17 16
45 0 11 4
45 2 20 17
45 4 10 17
45 6 10 12
45 9 19 17
45 12 10 14
45 14 15 0
45 15 20 11
45 17 3 16
45 19 3 5
45 20 14 15
45 22 14 7
45 23 5 12
45 24 7 12
45 26 6 16
45 27 19 11
45 28 15 3
45 29 20 6
45 32 10 16
45 33 7 15
45 34 2 13
45 35 0 3
45 36 5 13
45 40 6 14
45 42 17 12
45 43 2 3
45 45 8 1
46 0 19 5
46 1 8 17
46 3 5 11
46 6 12 7
46 9 13 9
46 14 15 10
46 16 20 3
46 21 8 19
46 22 12 13
46 23 11 14
46 25 1 11
46 28 16 3
46 32 19 16
46 33 4 3
46 34 0 12
46 37 17 18
46 44 20 17
46 45 6 7
46 46 19 17
46 47 13 4
47 0 2 0
47 1 12 18
47 2 4 9
47 4 6 14
47 8 4 12
47 9 17 7
47 13 3 5
47 17 7 20
47 18 5 14
47 21 8 19
47 23 9 13
47 24 1 19
47 28 6 15
47 29 4 3
47 30 10 2
47 31 18 8
47 32 2 15
47 35 16 20
47 36 0 3
47 37 18 18
47 40 3 11
47 41 5 9
47 44 14 6
47 46 7 14
47 48 17 1
47 49 3 6
48 0 11 9
48 1 16 15
48 2 15 15
48 3 17 7
48 5 3 4
48 14 18 5
48 15 4 19
48 17 0 9
48 18 12 3
48 21 19 13
48 23 3 15
48 24 18 20
48 25 2 10
48 26 12 8
48 29 12 3
48 30 12 4
48 32 0 8
48 34 1 14
48 35 20 15
48 36 8 12
48 37 6 3
48 39 14 5
48 42 6 11
48 44 8 16
49 0 16 19
49 1 6 19
49 2 2 8
49 3 3 19
49 4 0 3
49 5 7 16
49 7 0 15
49 8 19 15
49 10 4 9
49 15 5 15
49 20 14 8
49 24 16 16
49 27 9 11
49 28 1 13
49 29 15 15
49 33 10 14
49 36 8 9
49 37 18 1
49 38 17 2
49 39 12 13
49 41 10 13
49 42 13 17
49 45 17 2
49 46 16 0
49 47 11 1
49 48 9 14
49 49 20 11
