100
2
0 16 19 7
0 30 7 9
0 36 4 16
0 71 19 20
0 83 11 19
0 97 11 12
1 11 7 19
1 18 2 1
1 19 3 13
1 34 10 2
1 79 4 8
1 81 4 9
1 85 1 15
1 92 5 14
2 3 11 2
2 13 14 13
2 14 20 1
2 26 20 4
2 27 12 19
2 39 1 6
2 41 2 8
2 60 4 13
2 66 3 9
3 2 13 9
3 6 15 3
3 16 19 8
3 22 18 2
3 34 9 2
3 51 6 0
3 57 18 16
3 58 8 7
3 64 10 13
3 66 2 7
3 81 20 16
4 13 17 5
4 19 18 5
4 22 19 18
4 33 7 2
4 39 5 20
4 43 15 5
4 57 20 19
4 68 1 19
4 74 0 16
4 85 2 17
4 93 10 5
5 0 13 19
5 24 9 7
5 27 14 13
5 31 19 4
5 36 18 15
5 43 19 16
5 47 3 3
5 68 19 10
5 72 9 2
5 76 6 12
5 90 10 3
5 91 14 0
5 98 14 3
6 14 3 20
6 24 2 15
6 33 10 14
6 35 2 13
6 51 3 3
6 59 10 10
6 67 8 4
6 68 2 11
6 80 15 8
6 84 4 13
7 7 19 13
7 23 14 12
7 37 3 18
7 48 11 11
7 56 17 9
7 68 11 15
7 73 6 14
7 83 13 0
7 88 15 14
7 95 3 17
7 98 13 12
8 9 2 18
8 21 15 18
8 24 16 2
8 39 17 5
8 41 19 13
8 52 1 3
8 71 0 11
8 75 8 9
8 86 3 8
9 2 3 8
9 9 0 5
9 15 10 4
9 43 4 9
9 46 4 5
9 61 3 4
9 77 8 0
9 91 10 10
10 4 0 5
10 6 6 10
10 25 5 7
10 46 5 15
10 48 7 1
10 49 10 6
10 52 19 18
10 54 9 0
10 73 7 20
10 75 11 5
10 80 7 18
10 92 13 20
10 97 1 12
11 8 14 8
11 15 1 12
11 58 18 15
11 79 1 10
11 80 13 10
11 95 13 20
11 96 1 8
11 99 19 5
12 9 18 11
12 23 5 5
12 47 14 16
12 54 9 20
12 55 3 7
12 60 3 15
12 79 16 11
12 87 5 15
13 12 9 20
13 21 12 1
13 25 14 17
13 39 5 0
13 58 16 13
13 74 7 12
13 88 16 8
13 93 7 3
13 95 9 11
14 6 13 12
14 9 14 7
14 13 18 16
14 15 15 5
14 34 12 18
14 36 8 16
14 51 15 10
14 55 6 14
14 61 14 1
14 63 2 8
14 81 13 14
14 87 5 14
14 91 16 18
14 98 1 12
15 7 11 6
15 17 7 9
15 27 2 19
15 31 16 11
15 37 19 9
15 47 6 17
15 49 16 5
15 52 5 11
15 57 20 16
15 63 11 15
15 65 0 4
15 80 2 18
15 84 17 3
15 96 13 18
16 2 7 1
16 5 12 5
16 10 15 6
16 18 13 15
16 27 4 16
16 42 2 2
16 62 6 19
16 75 15 8
16 87 19 10
16 95 4 15
16 96 5 11
17 3 6 6
17 10 12 15
17 20 12 17
17 27 18 20
17 48 17 11
17 63 3 16
17 69 8 19
17 71 8 7
17 73 1 1
17 98 15 18
18 2 10 4
18 3 9 17
18 19 12 19
18 26 20 17
18 30 3 13
18 41 7 11
18 56 1 20
18 59 12 11
18 65 4 3
18 68 7 5
18 78 14 11
18 82 11 10
19 4 20 3
19 8 0 6
19 15 6 7
19 29 10 10
19 39 16 5
19 44 0 15
19 45 9 8
19 58 12 13
19 63 7 17
19 68 17 19
19 74 4 15
19 99 9 15
20 3 16 6
20 15 6 13
20 17 18 8
20 44 8 5
20 47 8 13
20 99 18 18
21 13 14 17
21 14 6 4
21 16 9 20
21 27 6 16
21 41 1 8
21 50 20 13
21 53 18 6
21 54 0 6
21 58 19 20
21 69 11 13
21 72 10 6
21 78 8 10
21 81 6 3
21 90 7 8
21 95 8 17
22 13 3 4
22 14 11 2
22 19 16 10
22 30 0 11
22 41 13 6
22 43 6 4
22 56 10 13
22 79 4 3
23 6 4 0
23 34 8 17
23 36 9 13
23 54 15 15
23 82 14 14
23 97 0 6
24 4 1 12
24 43 4 2
24 46 12 18
24 47 1 13
24 71 19 18
24 86 1 9
24 89 9 15
24 91 7 1
24 97 16 20
24 98 9 16
25 2 20 3
25 4 3 13
25 48 15 18
25 52 8 20
25 55 15 4
25 67 4 13
25 70 10 12
25 84 5 18
25 87 11 5
25 94 13 5
25 98 3 0
26 3 14 12
26 38 0 5
26 41 5 3
26 44 7 15
26 64 14 3
26 77 16 17
26 80 10 13
26 91 10 2
27 5 20 11
27 33 4 2
27 58 7 15
27 62 10 15
27 67 6 19
27 69 11 17
27 75 14 18
27 80 20 18
27 88 19 2
27 90 6 0
27 92 14 4
27 94 6 3
27 96 4 16
27 97 8 8
28 5 3 19
28 18 17 6
28 38 3 2
28 56 6 12
28 65 19 12
28 67 9 12
28 69 9 2
28 97 12 6
29 1 6 5
29 5 10 16
29 9 7 6
29 12 14 6
29 23 9 14
29 33 2 2
29 67 4 16
29 75 20 9
29 80 10 8
30 7 17 4
30 10 4 1
30 16 3 10
30 32 9 20
30 37 17 17
30 41 15 20
30 56 12 7
30 58 14 4
30 64 10 0
30 68 11 17
30 72 17 13
30 75 14 17
31 6 16 7
31 9 10 7
31 10 8 20
31 11 8 14
31 12 4 5
31 30 6 6
31 40 0 12
31 48 7 3
31 62 9 2
31 73 3 1
31 75 20 20
31 76 18 4
31 95 2 5
32 23 3 1
32 49 6 2
32 58 7 20
32 64 2 16
32 87 17 4
33 1 18 16
33 35 7 0
33 62 3 5
33 66 7 3
33 82 12 12
33 95 10 11
34 6 5 2
34 21 15 16
34 32 10 6
34 41 19 3
34 46 12 20
34 50 19 6
34 51 15 15
34 59 13 14
34 64 7 14
34 76 2 2
34 81 11 6
34 91 7 2
34 97 11 10
35 5 11 18
35 49 18 14
35 81 12 20
36 16 12 10
36 20 2 3
36 27 0 2
36 35 6 1
36 43 20 18
36 59 19 13
36 76 11 15
36 80 6 5
36 86 13 1
36 89 5 10
36 96 8 13
37 2 19 0
37 3 11 7
37 14 14 18
37 15 11 4
37 17 5 4
37 23 9 10
37 40 4 4
37 53 15 14
37 59 18 5
37 69 5 20
37 89 20 10
37 95 2 9
38 8 3 9
38 22 12 4
38 24 0 15
38 29 18 16
38 32 10 6
38 33 12 18
38 34 9 12
38 35 16 20
38 44 5 11
38 46 3 14
38 58 20 12
38 59 5 7
38 60 8 0
38 74 20 10
38 83 13 12
38 84 20 18
38 93 18 1
39 0 1 1
39 5 7 15
39 6 13 6
39 32 13 9
39 33 10 4
39 55 9 14
39 65 3 9
39 72 6 14
39 76 5 18
39 84 0 3
39 86 8 3
39 89 6 4
39 99 6 12
40 4 4 20
40 7 12 4
40 20 3 7
40 40 0 1
40 45 11 19
40 52 16 8
40 69 14 0
40 89 20 9
40 92 13 11
41 2 20 13
41 14 5 8
41 18 0 8
41 21 10 13
41 22 3 11
41 25 11 4
41 35 3 13
41 54 9 15
41 60 4 5
41 69 15 20
41 76 9 10
41 82 4 15
41 87 13 8
41 98 9 4
42 16 17 10
42 17 15 3
42 32 10 9
42 43 3 13
42 60 15 5
42 91 17 20
42 99 12 20
43 10 2 8
43 32 2 19
43 37 10 7
43 64 20 15
43 69 1 2
43 75 18 4
43 78 7 20
43 80 19 15
43 88 1 17
43 98 18 8
44 2 5 13
44 13 4 4
44 14 15 0
44 23 7 18
44 29 18 2
44 31 5 5
44 60 9 1
44 62 18 14
44 67 1 10
44 76 11 3
44 79 15 14
44 90 19 17
44 91 7 4
44 93 17 5
45 8 6 1
45 14 3 7
45 18 4 1
45 29 20 4
45 34 1 16
45 42 2 17
45 54 7 9
45 56 17 9
45 64 4 15
45 65 10 11
45 69 2 5
45 74 18 2
45 80 14 14
45 81 6 16
46 8 20 20
46 28 4 13
46 29 4 2
46 31 0 12
46 34 20 19
46 44 9 16
46 54 0 12
46 63 9 19
46 66 13 18
46 68 2 20
47 9 15 15
47 22 5 1
47 26 8 13
47 28 18 14
47 36 17 1
47 38 13 11
47 94 17 6
48 0 12 11
48 1 6 15
48 11 10 0
48 48 12 4
48 52 14 13
48 54 2 10
48 65 18 20
48 70 10 2
48 71 5 15
48 89 12 13
48 94 17 14
49 31 3 17
49 34 16 1
49 44 6 17
49 62 3 4
49 70 14 13
49 82 3 5
49 99 12 3
50 8 9 2
50 10 18 4
50 12 17 9
50 19 13 10
50 47 9 1
50 58 13 5
50 59 9 10
50 80 7 9
50 82 16 7
50 86 11 6
51 2 15 18
51 7 20 6
51 25 1 18
51 36 15 12
51 37 14 1
51 50 5 6
51 57 13 14
51 59 4 3
51 61 0 3
51 66 17 3
51 81 6 11
51 97 1 6
51 99 6 13
52 8 4 17
52 29 15 20
52 30 3 7
52 31 11 10
52 52 9 19
52 91 15 20
53 0 5 16
53 6 2 4
53 11 10 19
53 15 2 3
53 55 7 16
53 64 19 13
53 70 11 0
53 73 10 11
54 11 14 12
54 12 12 0
54 24 18 15
54 32 4 19
54 35 13 15
54 38 20 0
54 55 20 8
54 58 11 19
54 70 13 5
54 74 18 16
54 77 5 15
54 78 15 16
55 3 2 5
55 5 12 15
55 21 5 12
55 27 3 18
55 28 14 4
55 32 10 7
55 51 10 4
55 52 9 20
55 65 2 9
56 21 9 7
56 22 17 6
56 34 20 15
56 54 2 10
56 57 19 4
56 58 6 4
56 59 6 13
56 83 8 7
56 94 13 5
56 99 2 9
57 3 3 0
57 43 19 17
57 46 8 13
57 49 1 15
57 50 18 4
57 52 13 11
57 53 5 1
57 54 20 9
57 59 11 13
57 61 3 19
57 65 10 18
57 66 18 1
57 68 12 9
57 73 11 11
57 75 1 17
57 86 19 9
57 96 15 9
57 99 9 19
58 1 1 13
58 14 3 12
58 18 3 11
58 67 15 20
58 72 20 2
58 76 18 13
58 77 14 0
58 84 17 18
58 86 2 14
59 2 10 13
59 8 7 14
59 11 20 15
59 14 8 8
59 20 0 1
59 25 15 15
59 38 11 15
59 43 1 20
59 44 18 20
59 64 7 4
59 65 4 2
59 89 19 4
59 93 1 11
59 96 18 18
60 8 19 7
60 18 2 2
60 21 10 11
60 52 13 9
60 58 2 0
60 62 6 9
60 87 1 0
61 31 17 3
61 40 11 12
61 42 16 17
61 45 8 12
61 46 4 2
61 51 20 18
61 68 1 1
61 85 13 17
62 3 19 6
62 8 14 1
62 16 14 20
62 25 19 19
62 40 15 13
62 43 2 14
62 48 16 17
62 73 10 6
62 89 14 12
63 7 3 9
63 10 9 9
63 39 17 1
63 44 7 10
63 52 9 10
63 60 0 20
63 65 5 3
63 70 14 17
63 71 2 5
63 78 6 0
63 91 19 10
64 8 12 6
64 20 16 2
64 21 5 12
64 27 6 15
64 34 15 11
64 39 14 1
64 55 8 10
64 81 2 20
64 98 15 14
65 3 8 11
65 13 8 17
65 16 17 4
65 44 14 9
65 47 11 10
65 50 1 14
65 60 20 6
65 62 15 18
65 83 5 11
65 86 20 6
65 88 12 3
65 94 11 13
65 98 3 12
66 37 12 5
66 39 8 9
66 40 19 15
66 51 5 13
66 67 6 9
66 80 15 14
66 86 2 17
67 0 16 9
67 9 12 1
67 15 2 11
67 25 12 12
67 45 1 20
67 60 12 11
67 72 10 9
67 74 11 13
67 76 8 14
67 88 20 19
67 91 2 20
68 1 2 0
68 25 10 1
68 60 0 9
68 63 18 10
68 71 18 20
68 75 9 10
68 84 13 11
68 94 12 10
69 7 13 6
69 12 19 20
69 14 5 19
69 20 10 1
69 21 8 8
69 39 9 20
69 59 11 20
69 74 1 13
69 77 19 19
69 80 19 2
69 95 0 6
70 5 0 16
70 14 18 1
70 32 1 20
70 35 17 8
70 84 6 18
71 23 11 17
71 31 11 1
71 34 15 3
71 57 10 10
72 12 19 11
72 14 9 3
72 19 4 16
72 41 10 2
72 60 19 12
72 66 18 4
72 67 18 5
72 78 16 11
72 80 12 13
72 88 19 0
72 92 18 19
73 15 19 14
73 44 16 0
73 47 17 18
73 58 7 0
73 60 7 11
73 65 17 18
73 79 12 6
73 92 15 7
74 16 13 0
74 17 15 18
74 38 17 2
74 49 9 0
74 55 3 1
74 65 17 10
74 99 3 13
75 30 0 14
75 51 4 7
75 61 11 0
75 69 2 9
75 75 16 5
75 96 13 1
75 97 12 5
76 0 17 6
76 3 19 19
76 9 2 18
76 17 20 0
76 40 8 19
76 55 7 15
76 70 5 7
76 89 19 14
76 93 4 6
76 94 1 10
76 95 19 2
76 97 7 10
77 9 16 15
77 13 14 17
77 16 16 19
77 20 19 18
77 33 11 10
77 43 4 14
77 46 20 19
77 48 12 8
77 49 2 3
77 60 20 4
77 67 2 13
77 99 20 20
78 4 15 2
78 12 0 7
78 21 15 10
78 35 12 10
78 47 5 10
78 51 12 20
78 59 2 7
78 60 2 14
78 61 12 3
78 78 10 18
78 87 3 8
78 91 17 5
79 19 15 14
79 22 20 2
79 23 1 1
79 46 0 16
79 50 17 5
79 61 2 16
79 63 19 7
79 65 9 4
79 81 18 8
79 89 19 10
79 92 18 8
80 10 1 2
80 13 0 7
80 23 20 0
80 24 0 19
80 32 16 2
80 37 1 19
80 42 1 15
80 52 6 5
80 62 11 6
80 70 11 8
80 77 15 20
80 78 6 7
80 93 16 12
81 44 17 1
81 49 6 5
81 60 6 14
81 64 20 16
81 69 1 14
81 72 19 17
81 78 0 16
81 80 6 9
81 87 15 9
81 90 11 12
81 91 18 0
81 93 5 1
81 95 1 9
82 2 1 7
82 4 9 15
82 11 11 10
82 17 12 6
82 19 11 18
82 20 20 10
82 36 3 14
82 37 13 17
82 78 3 19
82 91 6 19
82 92 16 9
82 94 5 16
82 99 10 18
83 11 2 10
83 15 19 4
83 29 8 0
83 61 2 0
83 75 20 13
83 78 18 3
83 80 1 3
84 2 10 10
84 29 8 12
84 37 11 0
84 45 5 20
84 67 17 12
84 71 11 2
84 79 3 11
84 96 0 6
85 0 12 20
85 11 19 12
85 39 15 19
85 45 4 3
85 51 9 14
85 54 19 19
85 56 17 7
85 65 2 12
85 84 6 7
85 89 13 18
85 94 6 9
85 99 17 16
86 6 15 13
86 13 6 1
86 14 0 20
86 18 14 20
86 19 19 14
86 21 7 12
86 26 18 13
86 28 10 11
86 43 0 0
86 51 14 4
86 53 18 15
86 54 2 18
86 59 2 20
86 62 10 13
86 97 0 1
87 3 4 16
87 8 7 19
87 9 20 11
87 12 2 7
87 17 12 9
87 54 16 18
87 76 7 6
87 90 3 0
87 93 17 8
88 7 9 2
88 8 14 4
88 16 4 15
88 20 20 4
88 31 10 2
88 52 1 12
88 55 20 15
88 71 3 6
88 74 1 12
88 77 13 15
88 80 0 18
89 27 3 5
89 34 16 20
89 41 2 8
89 65 8 13
89 97 8 8
90 5 7 17
90 7 16 10
90 28 0 20
90 29 7 19
90 39 15 0
90 48 9 17
90 51 20 0
90 79 14 15
90 95 4 14
91 16 13 15
91 24 0 14
91 37 20 19
91 51 2 15
91 52 3 0
91 58 6 19
91 67 7 18
91 69 2 3
91 72 13 4
91 78 13 16
92 18 5 20
92 19 6 20
92 67 10 11
92 70 6 13
92 88 4 6
92 92 9 10
92 99 15 8
93 1 19 3
93 10 3 18
93 18 7 10
93 25 2 15
93 26 18 7
93 54 3 8
93 74 17 17
93 86 10 1
93 91 9 19
94 11 15 12
94 13 5 20
94 23 20 8
94 24 17 1
94 31 20 18
94 32 17 18
94 47 13 14
94 50 17 18
94 54 18 2
94 71 13 8
94 76 12 18
94 79 19 6
94 83 1 15
94 89 5 12
94 92 18 7
95 3 12 13
95 5 9 0
95 6 0 14
95 10 0 2
95 11 15 4
95 13 3 18
95 17 3 18
95 30 14 10
95 33 10 7
95 73 15 1
96 4 5 14
96 21 3 10
96 32 10 5
96 39 8 8
96 41 10 18
96 62 20 5
96 89 0 0
96 91 13 4
96 92 0 3
97 1 4 15
97 6 0 19
97 10 20 10
97 37 13 5
97 46 3 17
97 62 9 16
97 70 3 13
97 74 3 9
97 79 0 1
97 93 15 10
97 94 18 14
97 95 4 7
98 2 2 0
98 38 9 20
98 52 1 12
98 60 14 14
98 66 8 20
98 70 14 20
98 93 11 11
99 20 17 19
99 42 20 8
99 51 12 8
99 56 10 16
99 64 20 14
99 86 8 9
99 97 6 9
