200
2
0 4 9 6
0 7 3 13
0 12 7 19
0 18 9 4
0 29 0 4
0 31 2 1
0 40 2 4
0 48 5 15
0 56 4 16
0 66 11 7
0 82 7 16
0 83 7 19
0 85 7 2
0 88 2 20
0 92 16 17
0 100 12 11
0 108 15 1
0 124 10 7
0 125 12 7
0 126 13 17
0 129 8 1
0 143 17 2
0 146 18 1
0 154 2 10
0 158 6 9
0 160 2 12
0 172 12 1
0 182 18 2
0 197 16 3
0 199 4 18
1 9 10 20
1 10 1 19
1 14 0 9
1 21 11 15
1 29 5 0
1 36 9 11
1 44 11 9
1 52 3 1
1 53 3 15
1 54 14 15
1 61 13 19
1 63 13 13
1 65 0 9
1 69 9 18
1 74 3 10
1 80 7 6
1 89 17 16
1 90 5 13
1 100 11 8
1 107 7 5
1 127 13 14
1 150 19 11
1 160 10 5
1 176 16 18
1 189 7 3
1 193 2 4
1 197 16 0
1 198 5 9
2 4 4 13
2 5 10 3
2 28 14 10
2 42 7 7
2 46 4 10
2 51 7 4
2 58 5 9
2 68 5 9
2 76 9 10
2 85 17 16
2 89 11 18
2 110 2 2
2 120 14 0
2 128 10 20
2 137 7 18
2 151 7 3
2 163 13 8
2 168 17 9
2 169 20 3
3 8 6 0
3 20 8 13
3 23 0 16
3 24 16 15
3 28 14 19
3 61 14 2
3 64 8 2
3 83 20 2
3 100 19 5
3 116 8 0
3 119 6 12
3 140 12 14
3 141 2 11
3 149 12 1
3 168 13 1
3 173 15 15
3 174 17 1
3 176 16 19
3 185 18 12
3 187 19 1
4 5 5 18
4 12 12 18
4 29 15 16
4 34 19 14
4 36 7 8
4 37 2 20
4 62 10 9
4 80 20 19
4 82 17 18
4 84 2 9
4 89 10 11
4 94 14 15
4 97 18 9
4 109 18 19
4 112 14 11
4 118 20 1
4 126 10 18
4 135 14 13
4 141 3 5
4 147 14 17
4 150 3 8
4 152 12 5
4 158 1 7
4 162 9 5
4 164 14 5
4 166 7 1
4 179 16 10
4 181 7 9
4 191 9 9
4 193 4 6
5 6 5 11
5 20 8 16
5 25 1 18
5 27 3 20
5 30 3 16
5 33 2 8
5 51 18 3
5 68 13 16
5 76 19 19
5 80 10 18
5 83 20 4
5 85 6 16
5 121 9 8
5 128 8 19
5 131 1 18
5 161 1 5
5 175 12 3
5 179 19 16
5 186 1 4
5 190 10 1
6 5 0 10
6 9 15 19
6 10 12 11
6 25 5 18
6 47 8 9
6 56 18 14
6 57 8 8
6 63 3 1
6 70 9 6
6 73 15 0
6 77 10 9
6 85 14 11
6 102 0 7
6 107 9 20
6 121 18 15
6 122 13 6
6 128 0 20
6 130 19 10
6 144 12 8
6 150 2 16
6 158 20 13
6 176 0 1
6 181 15 20
6 183 6 12
6 190 17 14
6 192 3 7
6 197 2 17
7 1 4 18
7 20 11 13
7 44 3 9
7 46 0 5
7 47 12 1
7 48 6 14
7 62 16 17
7 73 8 9
7 75 12 20
7 103 19 18
7 114 7 0
7 129 6 10
7 141 9 6
7 157 4 6
7 161 7 1
7 162 0 1
7 169 1 11
7 184 4 0
7 197 13 6
8 14 3 2
8 17 8 2
8 26 18 8
8 35 7 7
8 38 6 13
8 42 17 11
8 51 2 14
8 65 2 20
8 70 15 17
8 73 11 8
8 86 15 18
8 87 6 19
8 114 12 5
8 127 13 12
8 128 2 5
8 130 17 17
8 136 2 19
8 158 10 18
8 172 18 17
8 174 17 1
8 191 20 2
9 10 19 13
9 14 16 11
9 15 10 12
9 19 19 6
9 26 7 13
9 54 2 17
9 67 5 3
9 69 15 2
9 70 3 5
9 79 14 10
9 98 11 8
9 101 19 9
9 106 4 3
9 108 2 7
9 120 9 10
9 141 5 11
9 145 19 20
9 150 10 19
9 151 12 7
9 170 2 3
9 178 1 16
9 186 2 10
9 190 12 19
9 195 14 5
10 1 19 2
10 2 6 5
10 4 13 8
10 11 5 5
10 13 15 11
10 24 17 10
10 36 4 13
10 46 16 20
10 59 20 4
10 102 0 2
10 112 11 7
10 150 6 12
10 151 3 20
10 152 10 8
10 154 4 18
10 162 7 20
10 166 17 4
10 189 7 17
11 5 13 0
11 10 5 0
11 12 6 14
11 16 0 19
11 17 4 5
11 25 5 18
11 48 5 8
11 49 19 9
11 51 9 18
11 59 11 18
11 78 19 5
11 110 1 18
11 111 4 8
11 129 8 3
11 133 7 19
11 152 6 4
11 171 7 8
11 180 1 7
11 184 11 2
11 196 16 8
12 37 12 15
12 48 0 13
12 57 8 18
12 60 8 13
12 63 2 5
12 64 5 14
12 87 18 6
12 91 0 0
12 92 5 0
12 127 7 18
12 128 18 16
12 131 12 6
12 140 0 0
12 158 12 11
12 181 7 17
12 195 12 10
12 198 20 13
13 2 20 4
13 3 19 3
13 6 0 8
13 40 11 17
13 71 2 11
13 81 4 18
13 87 1 9
13 90 20 5
13 97 11 18
13 116 7 9
13 154 16 11
13 178 5 14
13 180 19 14
14 8 4 3
14 22 18 8
14 34 1 15
14 40 3 4
14 43 15 19
14 48 2 17
14 51 18 1
14 56 2 14
14 57 7 18
14 60 5 0
14 68 16 9
14 75 12 16
14 77 16 8
14 98 0 12
14 108 1 7
14 121 3 11
15 8 0 14
15 16 17 3
15 37 20 9
15 67 4 11
15 70 15 11
15 80 17 7
15 90 10 2
15 94 7 1
15 95 15 5
15 100 12 18
15 106 1 9
15 112 1 18
15 120 17 5
15 121 2 6
15 131 11 14
15 136 8 5
15 150 20 19
15 153 13 12
15 156 4 15
15 159 18 7
15 162 20 3
15 174 8 7
15 188 9 1
15 190 19 13
16 9 18 4
16 45 18 11
16 89 10 14
16 100 8 5
16 107 0 20
16 128 20 16
16 137 20 12
16 138 6 3
16 146 14 19
16 154 6 1
16 157 2 2
16 161 13 12
16 168 19 16
16 190 3 0
16 199 3 1
17 4 14 6
17 23 17 3
17 33 6 10
17 46 3 6
17 71 13 8
17 77 3 3
17 85 8 16
17 88 1 2
17 97 1 9
17 121 11 1
17 123 12 17
17 124 13 11
17 143 4 7
17 156 2 2
17 165 12 14
17 183 9 7
17 195 10 8
18 0 17 4
18 26 16 10
18 27 20 0
18 36 9 0
18 47 4 3
18 49 13 12
18 63 14 0
18 70 5 8
18 74 18 12
18 82 16 8
18 119 11 11
18 147 10 0
18 170 12 8
18 174 0 4
18 189 0 19
19 3 15 6
19 8 8 13
19 20 6 0
19 25 0 15
19 30 3 0
19 32 7 17
19 34 17 7
19 37 0 8
19 69 8 7
19 73 6 14
19 78 10 11
19 85 10 9
19 125 20 14
19 131 18 8
19 138 0 11
19 140 4 12
19 153 20 11
19 165 2 8
19 167 13 9
19 173 9 16
19 198 18 4
20 16 14 6
20 57 20 3
20 60 5 14
20 87 20 20
20 90 18 1
20 106 15 11
20 108 19 19
20 120 16 19
20 140 20 14
20 157 1 16
20 163 10 12
20 168 8 11
20 171 8 8
21 23 10 5
21 25 10 0
21 32 14 10
21 45 8 11
21 47 8 5
21 50 20 12
21 53 17 8
21 62 5 11
21 72 8 12
21 73 7 3
21 88 14 4
21 118 15 18
21 120 5 5
21 127 14 17
21 129 4 8
21 134 3 17
21 140 1 10
21 154 18 18
21 155 9 16
21 162 16 6
21 179 9 12
21 182 19 1
21 194 17 0
21 197 3 20
22 8 8 6
22 25 7 7
22 30 8 6
22 41 4 19
22 52 20 20
22 60 6 1
22 63 20 2
22 67 18 6
22 74 15 17
22 93 5 5
22 102 14 1
22 143 13 0
22 160 20 8
22 167 15 18
23 19 5 19
23 22 6 2
23 39 5 5
23 40 6 8
23 41 15 9
23 43 1 6
23 55 13 4
23 66 7 11
23 71 11 0
23 79 13 11
23 91 20 14
23 108 5 16
23 139 3 5
23 148 13 14
23 161 6 6
23 162 16 17
23 173 2 7
23 174 11 12
23 180 1 16
23 182 2 4
23 185 15 12
23 187 14 9
23 198 20 3
24 4 15 19
24 25 17 14
24 33 2 5
24 46 17 20
24 69 13 2
24 70 12 12
24 73 10 19
24 92 20 16
24 104 17 11
24 105 9 16
24 107 2 14
24 111 3 2
24 134 8 6
24 154 8 1
24 157 7 16
24 161 17 16
24 168 20 15
24 178 5 16
24 183 1 11
25 5 17 1
25 16 17 0
25 23 4 10
25 35 14 3
25 40 14 15
25 41 20 17
25 73 15 18
25 91 10 8
25 94 3 13
25 124 7 6
25 126 11 15
25 127 7 0
25 128 7 20
25 135 13 4
25 145 1 0
25 146 15 0
25 149 11 20
25 154 9 19
25 182 0 7
25 185 13 13
25 192 13 13
25 196 13 11
25 198 0 16
26 14 14 17
26 55 8 7
26 60 19 0
26 71 10 6
26 78 4 19
26 82 8 0
26 85 19 18
26 88 2 6
26 113 19 18
26 130 4 4
26 136 7 10
26 144 17 14
26 150 16 17
26 164 18 13
26 177 15 1
26 183 15 3
26 188 19 17
27 7 17 19
27 24 8 11
27 28 19 2
27 30 5 9
27 35 3 0
27 55 0 20
27 69 16 17
27 71 3 4
27 81 13 15
27 89 2 8
27 93 19 10
27 95 5 20
27 100 10 19
27 113 4 9
27 138 7 20
27 141 4 11
27 151 20 7
27 154 0 3
27 157 16 12
27 169 17 3
27 177 4 11
27 178 12 15
27 190 3 13
28 27 14 18
28 37 4 19
28 50 1 1
28 56 15 7
28 58 8 17
28 69 4 4
28 72 18 6
28 99 6 0
28 100 20 16
28 104 9 15
28 111 16 7
28 115 20 0
28 139 20 13
28 150 7 1
28 164 19 15
28 172 15 15
28 179 19 15
29 2 20 10
29 32 20 19
29 47 16 3
29 55 11 14
29 72 11 0
29 74 10 18
29 109 16 19
29 118 2 1
29 149 7 18
29 154 16 1
29 164 3 20
29 172 11 20
29 181 19 0
29 185 14 5
29 189 13 13
29 191 0 13
29 199 20 14
30 55 20 12
30 61 13 4
30 95 4 14
30 100 3 11
30 103 5 9
30 121 6 5
30 125 20 17
30 131 7 4
30 148 16 0
30 151 1 15
30 160 11 7
30 163 13 6
30 164 19 7
30 175 18 1
30 179 17 11
30 181 20 0
31 2 10 16
31 10 10 20
31 14 19 11
31 18 16 2
31 21 12 20
31 23 16 12
31 26 15 1
31 33 19 18
31 46 19 13
31 54 0 20
31 68 4 19
31 79 2 8
31 82 13 16
31 89 2 9
31 126 16 9
31 128 13 6
31 130 5 16
31 133 19 12
31 135 15 17
31 162 0 19
31 176 10 0
31 195 11 11
31 196 20 11
32 5 15 0
32 14 19 13
32 16 5 20
32 24 15 13
32 48 7 2
32 51 2 10
32 53 9 5
32 54 20 16
32 72 20 0
32 80 5 6
32 82 16 15
32 84 1 5
32 91 1 11
32 92 0 6
32 103 2 1
32 114 7 10
32 118 14 19
32 122 7 0
32 151 14 19
32 158 7 19
32 169 7 18
32 177 19 16
32 183 9 10
32 190 0 12
33 0 16 4
33 32 17 14
33 33 0 18
33 37 14 10
33 52 7 6
33 73 19 13
33 75 12 3
33 76 18 13
33 97 11 8
33 106 16 12
33 122 8 20
33 129 14 16
33 142 15 0
33 151 18 9
33 156 15 9
33 170 16 17
33 172 11 3
34 45 15 0
34 49 11 8
34 65 1 1
34 76 3 1
34 83 16 0
34 86 10 0
34 87 1 13
34 90 8 2
34 122 7 10
34 123 18 12
34 129 18 13
34 132 14 3
34 150 2 4
34 161 16 4
35 0 5 9
35 7 0 3
35 9 18 5
35 12 5 10
35 19 6 14
35 25 3 11
35 28 7 11
35 30 16 17
35 64 2 4
35 80 6 17
35 90 17 7
35 93 11 11
35 102 13 12
35 130 10 13
35 135 19 7
35 173 2 10
35 176 3 2
35 190 20 13
35 195 8 7
35 199 7 1
36 1 9 15
36 3 17 18
36 10 4 17
36 20 11 11
36 25 5 0
36 29 12 9
36 51 8 9
36 57 10 5
36 60 11 19
36 65 5 2
36 76 13 2
36 87 16 18
36 98 13 16
36 100 5 12
36 121 12 12
36 122 5 19
36 151 13 2
36 167 18 4
36 184 5 20
36 197 9 18
37 2 6 20
37 5 3 5
37 22 10 2
37 24 15 15
37 32 2 7
37 35 6 9
37 58 12 5
37 80 5 9
37 82 1 15
37 86 5 5
37 103 17 16
37 114 3 11
37 137 8 14
37 148 5 14
37 165 2 11
37 168 6 18
37 183 15 5
37 188 12 0
37 199 19 17
38 4 9 10
38 7 19 7
38 16 3 19
38 18 15 12
38 20 8 17
38 28 19 18
38 42 17 0
38 49 2 1
38 51 16 13
38 87 17 13
38 90 3 0
38 99 7 8
38 122 8 7
38 138 20 1
38 143 12 11
38 145 16 10
38 151 4 6
38 157 14 16
38 165 19 18
38 171 1 2
38 186 1 3
38 189 2 10
39 4 17 7
39 6 18 19
39 29 5 10
39 35 4 17
39 39 6 8
39 42 11 12
39 44 15 0
39 53 7 14
39 57 4 9
39 90 9 3
39 114 15 13
39 122 16 3
39 127 11 18
39 132 11 4
39 138 13 12
39 148 5 10
39 162 17 1
39 163 8 9
39 196 11 4
39 198 15 4
40 7 16 7
40 32 16 8
40 37 14 20
40 55 10 10
40 60 16 15
40 110 15 18
40 111 8 10
40 116 4 9
40 139 6 13
40 140 4 14
40 168 12 9
40 195 9 16
41 4 20 12
41 11 13 17
41 13 3 15
41 14 15 15
41 18 6 9
41 23 14 6
41 31 20 3
41 48 14 19
41 50 15 6
41 57 0 6
41 59 8 20
41 103 12 13
41 148 14 12
41 161 10 20
41 164 0 18
41 176 1 7
41 182 4 15
42 9 10 10
42 13 14 19
42 23 3 9
42 42 9 1
42 47 6 6
42 52 9 12
42 66 17 9
42 68 14 5
42 75 8 15
42 90 15 20
42 93 10 4
42 107 17 5
42 117 4 17
42 134 4 5
42 171 9 11
42 172 8 15
42 173 7 11
42 192 12 7
42 195 19 19
43 6 1 19
43 60 20 18
43 71 8 5
43 102 18 11
43 116 5 19
43 128 6 15
43 139 9 18
43 155 15 14
43 160 5 14
43 166 17 6
43 173 10 18
43 191 13 1
44 2 7 12
44 13 8 12
44 19 6 11
44 22 5 3
44 29 20 18
44 39 2 17
44 49 5 2
44 67 0 19
44 71 0 3
44 73 3 5
44 77 14 16
44 78 4 14
44 95 12 4
44 102 8 7
44 103 14 8
44 139 7 19
44 156 17 1
44 188 1 11
44 199 14 11
45 7 10 9
45 23 19 19
45 25 7 9
45 39 5 2
45 44 20 6
45 55 8 3
45 58 0 9
45 77 12 15
45 84 11 10
45 92 0 15
45 100 7 7
45 115 1 6
45 127 2 0
45 131 17 16
45 133 16 12
45 139 13 6
45 149 5 11
45 151 13 16
45 153 20 6
45 160 9 10
45 170 15 17
45 176 0 14
45 179 7 19
46 24 16 13
46 25 12 1
46 88 3 8
46 99 0 17
46 134 8 18
46 140 7 7
46 142 3 1
46 143 0 9
46 152 20 12
46 155 18 20
46 172 19 10
46 195 1 18
46 197 16 15
47 1 7 11
47 3 18 2
47 9 9 17
47 23 15 9
47 58 14 7
47 65 3 0
47 72 9 14
47 74 16 7
47 106 3 11
47 112 7 8
47 126 17 9
47 131 18 14
47 134 1 19
47 135 15 4
47 144 9 4
47 156 14 15
47 158 6 8
47 160 20 3
47 162 13 15
47 165 1 0
47 166 14 15
47 176 17 3
47 179 19 4
48 2 18 1
48 21 1 17
48 24 8 5
48 25 18 14
48 30 17 11
48 34 15 9
48 45 6 18
48 52 5 5
48 61 2 19
48 62 7 19
48 66 9 4
48 76 19 14
48 116 0 1
48 127 9 8
48 130 14 16
48 131 8 1
48 134 6 17
48 135 0 3
48 140 11 13
48 171 17 20
48 179 13 10
48 187 10 20
49 3 19 9
49 12 10 7
49 36 8 15
49 60 16 17
49 65 7 20
49 83 14 3
49 102 15 1
49 115 4 16
49 124 20 3
49 147 4 2
49 149 13 3
49 152 14 11
49 158 18 8
49 185 10 10
49 192 14 20
50 29 17 2
50 52 4 20
50 54 7 7
50 64 3 7
50 83 8 5
50 86 5 18
50 95 3 2
50 102 11 17
50 104 5 16
50 111 10 3
50 115 13 4
50 116 7 10
50 121 2 2
50 130 1 2
50 136 5 17
50 145 18 13
50 152 12 16
50 153 3 10
50 154 20 5
50 156 3 3
50 167 8 20
50 173 12 4
50 175 18 3
50 182 20 6
50 189 8 8
51 5 15 2
51 6 6 19
51 26 5 12
51 36 0 15
51 64 12 16
51 74 6 0
51 87 9 12
51 90 16 4
51 96 1 2
51 99 16 16
51 118 11 11
51 127 8 2
51 140 1 16
51 141 1 0
51 155 11 14
51 167 11 15
51 173 17 17
51 190 2 0
52 0 1 19
52 3 17 9
52 11 5 6
52 14 10 20
52 16 2 1
52 18 14 12
52 21 11 6
52 22 17 20
52 48 3 3
52 55 19 9
52 72 1 15
52 74 16 9
52 84 18 2
52 98 3 13
52 100 1 4
52 102 5 1
52 104 11 7
52 108 18 16
52 117 6 19
52 123 19 9
52 129 9 1
52 139 1 12
52 144 8 5
52 148 0 3
52 155 1 6
52 157 15 1
52 162 18 9
52 174 4 13
52 183 7 15
52 190 10 6
52 194 1 5
53 1 17 20
53 34 6 10
53 44 16 12
53 46 0 18
53 50 18 15
53 71 15 13
53 85 12 17
53 87 6 6
53 92 16 12
53 98 16 3
53 110 16 5
53 112 13 19
53 113 3 13
53 118 16 7
53 121 18 8
53 124 11 1
53 134 19 4
53 155 15 5
53 159 2 7
53 162 13 3
53 163 12 0
53 174 18 7
53 175 12 8
54 5 7 16
54 7 1 1
54 21 20 17
54 23 8 8
54 31 20 19
54 33 1 11
54 35 9 16
54 56 13 7
54 57 0 15
54 58 0 12
54 66 18 17
54 67 2 9
54 73 16 5
54 80 10 10
54 87 12 10
54 103 13 4
54 112 15 19
54 124 19 12
54 126 12 11
54 128 3 6
54 132 6 15
54 134 2 2
54 135 17 9
54 146 2 12
54 158 16 1
54 161 1 18
54 182 6 7
54 195 11 12
55 14 1 5
55 16 3 12
55 34 1 15
55 38 9 15
55 46 20 1
55 58 3 10
55 60 9 18
55 62 16 20
55 64 6 16
55 71 8 5
55 94 5 10
55 111 19 8
55 129 6 12
55 148 14 1
55 149 15 18
55 151 9 18
55 161 5 11
55 171 2 7
56 14 15 8
56 18 14 13
56 22 5 11
56 27 20 15
56 32 4 18
56 38 17 16
56 46 6 8
56 51 10 19
56 95 7 12
56 98 17 19
56 102 18 8
56 105 8 11
56 132 9 11
56 138 1 20
56 155 3 2
56 156 7 17
56 158 18 14
56 163 1 0
56 172 17 19
56 174 7 6
56 184 11 5
56 185 16 14
56 189 5 9
56 191 11 12
57 3 6 4
57 21 14 18
57 22 6 6
57 24 11 3
57 37 4 16
57 58 2 14
57 65 7 15
57 71 20 16
57 80 6 0
57 84 14 3
57 94 18 10
57 102 5 7
57 107 20 0
57 115 13 17
57 123 2 19
57 132 20 8
57 140 13 3
57 141 13 17
57 147 10 7
57 152 15 17
57 158 12 5
57 159 6 11
57 172 17 6
57 188 0 1
57 190 16 13
58 19 17 0
58 21 5 17
58 36 10 15
58 41 19 5
58 45 2 0
58 48 14 7
58 57 8 17
58 60 7 18
58 76 4 17
58 77 13 19
58 83 13 12
58 94 11 0
58 106 2 2
58 111 3 14
58 112 10 15
58 118 2 9
58 119 15 3
58 123 9 11
58 126 18 18
58 131 20 11
58 138 0 3
58 151 12 14
58 161 4 12
58 167 11 8
58 170 10 4
58 173 11 19
58 186 12 12
59 11 7 20
59 22 16 12
59 28 17 17
59 34 15 7
59 39 14 6
59 41 0 11
59 66 18 0
59 72 8 18
59 75 11 6
59 80 14 17
59 97 8 13
59 115 20 14
59 119 17 17
59 122 17 0
59 124 17 4
59 129 7 6
59 140 17 8
59 153 5 18
59 157 16 5
59 162 13 14
59 166 3 11
59 185 7 5
59 191 11 20
59 197 4 10
60 30 3 20
60 31 18 19
60 35 15 17
60 65 13 18
60 70 5 9
60 72 1 3
60 79 12 12
60 89 0 19
60 91 11 7
60 105 0 19
60 119 3 2
60 135 12 5
60 139 15 10
60 140 7 20
60 142 20 11
60 144 18 20
60 165 6 7
60 169 5 3
60 170 16 13
60 178 4 4
60 196 4 10
61 0 0 17
61 7 6 20
61 12 14 1
61 14 19 20
61 18 15 11
61 27 4 18
61 35 6 16
61 53 18 14
61 56 10 7
61 57 1 12
61 65 13 12
61 77 1 10
61 98 18 13
61 131 6 13
61 135 10 14
61 139 10 11
61 140 2 7
61 147 20 14
61 152 10 5
61 171 1 4
61 174 0 17
61 175 12 17
62 1 19 15
62 3 17 14
62 7 9 14
62 18 17 5
62 21 12 11
62 35 6 3
62 44 11 12
62 45 15 17
62 48 2 13
62 51 12 1
62 67 16 6
62 72 18 12
62 79 20 16
62 80 2 15
62 82 11 9
62 84 6 0
62 92 8 16
62 93 8 10
62 98 15 9
62 111 8 14
62 118 18 16
62 121 12 12
62 128 4 16
62 132 16 13
62 134 0 17
62 135 6 10
62 145 18 12
62 148 7 13
62 151 7 6
62 166 20 15
63 4 8 11
63 8 15 19
63 10 11 15
63 21 17 3
63 30 20 5
63 33 18 10
63 53 15 6
63 57 3 8
63 72 11 7
63 78 19 5
63 79 4 10
63 80 1 8
63 106 16 0
63 128 7 5
63 130 14 12
63 139 13 4
63 146 11 9
63 152 7 19
63 156 16 4
63 161 20 12
63 162 14 19
63 167 7 0
63 170 1 10
63 171 13 6
63 181 5 3
63 198 1 20
64 3 19 13
64 5 0 4
64 7 1 1
64 14 17 0
64 17 16 4
64 18 9 0
64 36 11 19
64 48 11 10
64 59 11 4
64 77 19 4
64 82 18 18
64 98 1 5
64 102 17 18
64 139 14 1
64 162 11 2
64 167 0 12
64 169 14 14
64 172 17 17
64 178 15 20
64 182 6 17
65 0 20 17
65 40 16 0
65 43 8 1
65 49 6 10
65 56 14 6
65 59 5 19
65 78 17 19
65 79 18 12
65 80 3 17
65 87 8 16
65 94 14 1
65 119 14 10
65 125 9 2
65 130 11 13
65 134 7 16
65 175 4 17
65 186 10 16
65 194 3 7
66 0 1 19
66 16 4 7
66 19 1 3
66 25 0 15
66 33 18 12
66 40 11 2
66 69 15 2
66 71 17 9
66 74 15 7
66 77 12 17
66 82 20 15
66 96 0 14
66 97 7 19
66 155 4 7
66 160 11 19
66 164 17 17
66 176 5 20
66 186 18 19
66 193 4 20
66 196 15 15
67 2 17 7
67 5 12 17
67 6 11 18
67 10 19 4
67 12 16 19
67 22 18 13
67 32 3 5
67 36 11 13
67 40 5 2
67 45 0 10
67 47 20 12
67 52 20 0
67 80 20 6
67 87 17 17
67 91 8 3
67 96 17 4
67 100 12 17
67 102 16 12
67 106 11 17
67 108 7 1
67 111 10 3
67 120 18 17
67 123 7 17
67 125 8 17
67 141 10 12
67 150 5 14
67 161 8 3
67 164 7 4
67 172 7 13
67 181 1 5
67 186 17 13
67 191 12 11
68 23 12 1
68 26 18 10
68 28 10 12
68 52 15 20
68 70 17 3
68 73 20 7
68 103 9 8
68 105 20 12
68 111 20 1
68 121 8 0
68 122 0 15
68 142 6 16
68 148 17 20
68 156 8 7
68 181 8 9
68 194 18 5
69 4 18 17
69 21 3 4
69 28 3 2
69 34 6 1
69 49 13 2
69 63 9 1
69 74 7 1
69 77 0 7
69 83 10 20
69 85 18 7
69 105 4 19
69 116 10 17
69 137 4 7
69 142 3 12
69 149 16 10
69 150 8 1
69 152 4 1
69 156 12 1
69 173 18 15
69 179 1 8
69 181 9 18
69 183 2 14
70 10 7 4
70 11 19 5
70 21 9 7
70 34 2 3
70 35 11 12
70 57 16 2
70 67 20 14
70 73 10 1
70 79 16 18
70 94 16 19
70 116 10 12
70 122 19 18
70 132 0 5
70 139 5 5
70 141 7 16
70 143 16 10
70 157 15 3
71 20 14 8
71 23 17 11
71 29 16 15
71 32 5 9
71 36 12 7
71 40 2 3
71 59 14 15
71 63 20 15
71 95 17 7
71 97 14 8
71 104 14 1
71 107 8 8
71 134 1 14
71 138 2 19
71 158 1 7
71 167 10 13
71 189 0 7
71 193 3 19
71 197 13 16
72 8 9 5
72 9 8 2
72 35 18 20
72 45 20 0
72 47 3 17
72 59 4 13
72 63 12 9
72 67 1 9
72 69 12 20
72 90 15 20
72 127 4 3
72 134 5 16
72 135 12 0
72 166 9 4
72 174 13 7
72 176 12 3
72 181 2 14
72 189 6 0
72 195 3 20
73 40 16 6
73 42 18 10
73 50 14 6
73 56 15 20
73 73 17 3
73 74 15 16
73 75 7 7
73 77 6 9
73 134 20 0
73 148 6 12
73 152 7 4
73 161 1 14
73 162 1 11
73 163 12 1
73 167 11 14
73 175 20 11
73 179 12 12
73 185 17 4
73 196 4 12
74 17 16 5
74 20 16 4
74 50 13 9
74 55 13 11
74 73 19 15
74 80 15 3
74 82 9 9
74 85 5 3
74 87 18 19
74 89 19 19
74 112 4 20
74 116 20 1
74 119 12 7
74 122 0 2
74 125 18 0
74 146 20 4
74 167 11 17
74 179 15 5
74 185 8 14
74 188 7 20
74 197 14 18
75 7 13 10
75 11 6 9
75 26 15 19
75 28 9 4
75 29 2 9
75 37 18 18
75 44 2 14
75 52 19 3
75 89 7 10
75 106 7 18
75 114 12 3
75 118 6 18
75 123 6 9
75 124 17 16
75 128 10 3
75 147 3 17
75 149 19 19
75 175 8 0
75 180 19 5
75 192 8 9
75 199 2 11
76 6 3 13
76 17 7 11
76 52 9 17
76 65 3 0
76 67 19 4
76 75 0 5
76 76 4 7
76 98 4 18
76 104 20 5
76 113 20 2
76 115 19 20
76 127 20 0
76 132 16 19
76 138 7 0
76 143 19 19
76 145 16 7
76 151 9 15
76 163 4 4
76 167 3 17
76 174 2 11
76 177 13 17
76 183 4 0
76 186 11 7
76 189 10 4
76 191 8 17
77 2 4 17
77 27 1 11
77 31 0 13
77 43 13 20
77 65 0 20
77 68 14 3
77 71 16 2
77 75 11 2
77 78 2 4
77 82 10 8
77 112 19 16
77 118 6 11
77 132 1 20
77 143 11 2
77 146 18 0
77 169 7 18
77 192 13 16
77 195 1 1
77 199 17 19
78 19 17 14
78 36 20 2
78 40 12 12
78 48 8 12
78 64 20 7
78 76 0 18
78 83 8 10
78 85 18 17
78 116 19 12
78 121 19 18
78 126 6 16
78 133 0 15
78 138 14 4
78 144 6 9
78 147 11 10
78 149 16 10
78 162 12 18
78 170 20 2
78 173 8 2
78 176 13 16
79 5 15 17
79 22 6 14
79 36 19 16
79 37 6 7
79 39 16 20
79 72 13 3
79 84 7 11
79 104 10 10
79 110 11 0
79 118 0 12
79 122 17 3
79 154 9 5
79 176 15 18
79 180 17 7
79 187 10 20
79 188 7 9
79 192 11 7
80 30 5 5
80 65 19 6
80 67 1 12
80 75 14 19
80 80 0 4
80 85 0 12
80 93 11 20
80 118 10 5
80 138 12 18
80 139 14 16
80 150 20 4
80 154 14 18
80 158 15 7
80 160 12 14
80 197 9 2
81 3 16 8
81 24 17 18
81 27 13 9
81 28 4 0
81 29 11 5
81 39 6 18
81 52 10 16
81 60 14 17
81 64 16 11
81 79 1 1
81 89 14 15
81 94 9 5
81 96 14 1
81 101 15 0
81 108 12 9
81 118 15 5
81 121 12 4
81 134 19 4
81 138 6 5
81 141 13 16
81 165 0 19
81 172 2 15
81 181 14 6
81 192 14 19
81 195 9 14
82 21 15 17
82 30 20 17
82 49 9 8
82 70 7 7
82 74 10 4
82 85 16 18
82 97 20 6
82 105 9 14
82 109 0 5
82 110 11 10
82 113 15 14
82 116 5 20
82 118 4 15
82 133 3 3
82 148 16 1
82 183 10 4
82 189 1 13
82 196 3 6
83 1 0 1
83 5 14 6
83 11 10 10
83 27 15 17
83 28 0 8
83 56 8 2
83 58 0 4
83 72 5 17
83 82 19 5
83 86 0 11
83 89 4 3
83 90 7 14
83 94 18 9
83 96 19 0
83 107 3 19
83 122 19 4
83 130 3 3
83 142 3 7
83 146 5 19
83 148 6 10
83 164 8 2
83 174 8 14
83 178 1 19
83 185 14 10
83 191 20 15
83 195 13 10
84 9 8 9
84 11 19 4
84 16 17 10
84 25 7 11
84 27 1 20
84 28 13 4
84 51 19 17
84 67 17 10
84 74 3 16
84 98 3 8
84 105 9 8
84 106 14 20
84 109 2 18
84 114 0 12
84 129 10 2
84 147 0 10
84 154 11 8
84 161 3 13
84 165 9 1
84 174 4 11
84 177 7 14
84 197 11 5
84 199 17 7
85 3 7 16
85 8 4 16
85 12 10 14
85 27 5 2
85 38 4 15
85 42 11 8
85 48 20 14
85 60 2 6
85 63 7 11
85 74 1 1
85 84 4 5
85 87 10 5
85 105 12 12
85 118 0 5
85 142 20 4
85 157 16 16
85 159 8 19
85 194 8 0
86 14 10 10
86 33 18 9
86 46 19 8
86 50 7 6
86 54 20 0
86 70 14 11
86 72 8 7
86 75 19 7
86 92 20 11
86 94 8 13
86 95 2 3
86 97 0 8
86 119 9 18
86 128 8 8
86 129 20 13
86 141 15 9
86 152 9 14
86 173 19 11
86 174 15 8
86 189 7 13
86 190 1 7
87 2 10 9
87 21 5 18
87 24 11 0
87 57 14 3
87 60 7 10
87 82 13 0
87 89 17 5
87 95 2 18
87 99 1 0
87 106 7 18
87 152 12 14
87 163 9 6
87 177 11 9
87 187 6 19
88 4 10 16
88 6 4 20
88 21 17 6
88 69 9 1
88 71 12 9
88 84 20 3
88 89 9 16
88 96 18 17
88 101 10 5
88 107 4 18
88 139 13 0
88 162 0 15
88 187 3 15
88 189 19 0
88 199 18 15
89 2 3 11
89 10 15 2
89 23 9 18
89 25 13 2
89 26 9 16
89 30 12 7
89 73 2 13
89 76 19 8
89 89 3 8
89 105 18 2
89 116 14 0
89 124 19 7
89 134 5 6
89 151 18 1
89 174 11 5
89 192 15 8
89 198 8 20
90 2 6 18
90 12 11 6
90 19 18 11
90 29 4 13
90 30 4 11
90 38 3 12
90 52 5 6
90 53 1 19
90 55 18 13
90 57 12 12
90 61 1 12
90 64 10 20
90 66 17 18
90 71 20 15
90 75 13 16
90 97 19 15
90 106 14 17
90 125 0 1
90 130 2 17
90 135 17 5
90 136 4 6
90 156 15 10
90 167 13 0
90 180 15 12
90 186 9 5
91 2 7 5
91 4 12 10
91 10 13 3
91 14 10 3
91 50 11 17
91 51 7 0
91 53 10 2
91 57 20 0
91 67 12 3
91 84 2 17
91 90 14 8
91 92 14 8
91 93 9 8
91 113 11 8
91 119 5 2
91 126 7 8
91 153 15 3
91 159 0 12
91 186 16 1
91 193 12 7
91 195 0 4
92 14 9 5
92 19 12 7
92 27 1 13
92 35 12 14
92 43 10 0
92 46 19 19
92 49 14 7
92 63 4 8
92 73 10 0
92 78 1 16
92 103 5 12
92 133 4 20
92 150 2 1
92 151 6 1
92 155 18 0
92 156 16 2
93 43 6 11
93 88 13 17
93 105 6 11
93 108 15 2
93 114 12 4
93 116 2 14
93 121 15 13
93 123 6 18
93 130 1 10
93 132 5 13
93 134 11 7
93 143 18 18
93 157 4 20
93 161 5 3
93 182 17 17
93 183 8 9
93 186 3 9
93 188 20 4
93 197 9 8
94 4 15 3
94 22 16 19
94 26 8 8
94 28 5 20
94 38 6 19
94 45 10 14
94 48 19 20
94 59 3 19
94 68 19 1
94 82 20 6
94 90 14 17
94 97 2 16
94 99 9 15
94 103 5 2
94 116 17 0
94 120 16 11
94 129 10 15
94 131 2 11
94 176 9 1
94 194 9 4
95 23 17 16
95 24 18 10
95 38 0 2
95 41 9 19
95 51 3 12
95 54 1 10
95 55 13 0
95 58 3 8
95 61 9 11
95 67 10 15
95 76 16 11
95 77 15 18
95 78 4 15
95 80 2 18
95 102 1 7
95 119 16 7
95 125 0 20
95 140 6 14
95 142 9 12
95 154 5 1
95 164 18 2
95 176 1 20
95 183 5 6
95 186 16 0
96 12 4 4
96 15 14 3
96 35 20 9
96 36 4 20
96 44 20 13
96 48 12 4
96 56 7 15
96 69 11 2
96 83 14 4
96 92 3 4
96 97 10 19
96 104 7 10
96 106 18 11
96 113 18 17
96 132 10 9
96 144 14 17
96 151 12 18
96 153 15 13
96 156 16 6
96 169 1 6
96 188 1 7
97 5 19 11
97 11 6 7
97 15 1 6
97 25 14 0
97 37 9 7
97 52 14 0
97 54 7 0
97 65 8 9
97 78 13 9
97 80 9 10
97 92 3 18
97 116 19 0
97 117 13 18
97 118 19 12
97 123 5 15
97 138 1 6
97 153 11 9
97 168 13 1
97 181 20 0
97 196 15 19
98 23 8 6
98 37 17 3
98 41 12 3
98 50 7 18
98 62 20 4
98 64 10 11
98 69 0 12
98 70 5 2
98 80 9 9
98 95 8 15
98 108 8 16
98 109 11 19
98 114 19 10
98 122 8 15
98 132 18 8
98 142 3 19
98 190 18 15
99 19 6 12
99 21 14 7
99 29 0 14
99 32 20 20
99 54 7 13
99 66 19 13
99 68 13 7
99 92 1 13
99 94 9 11
99 129 19 3
99 160 4 19
99 161 2 3
99 175 16 20
100 11 16 20
100 19 5 5
100 22 10 5
100 27 7 8
100 31 19 12
100 41 12 3
100 51 2 11
100 55 0 2
100 57 7 11
100 62 20 19
100 84 13 13
100 119 12 4
100 129 12 18
100 139 17 14
100 141 7 0
100 154 9 7
100 158 8 20
100 170 12 14
100 174 10 16
100 192 6 7
100 193 16 10
100 194 3 4
100 198 20 18
101 2 18 9
101 9 6 10
101 14 8 8
101 21 8 3
101 28 1 19
101 29 19 4
101 33 10 12
101 73 14 13
101 94 6 13
101 114 6 12
101 116 8 18
101 125 14 18
101 127 15 0
101 134 12 16
101 135 12 19
101 151 14 7
101 152 7 4
101 160 16 2
102 5 0 17
102 15 20 17
102 20 13 11
102 37 14 16
102 43 18 19
102 47 14 18
102 50 2 5
102 53 11 19
102 66 15 11
102 72 15 9
102 86 3 18
102 96 17 20
102 100 5 18
102 109 6 15
102 112 5 20
102 114 11 1
102 120 12 7
102 122 3 0
102 140 18 9
102 162 14 1
102 174 9 20
102 180 6 6
102 196 2 14
102 197 17 2
103 18 4 2
103 19 5 15
103 22 20 19
103 36 3 14
103 50 2 5
103 52 16 5
103 54 16 19
103 59 3 9
103 61 20 1
103 79 4 9
103 83 17 20
103 113 13 4
103 138 19 6
103 182 5 18
103 187 8 7
103 190 11 17
103 192 18 6
104 12 0 2
104 13 8 5
104 26 8 4
104 32 3 12
104 46 19 4
104 64 18 13
104 85 17 6
104 89 10 13
104 99 11 11
104 100 8 4
104 109 11 16
104 119 15 2
104 120 8 13
104 121 13 9
104 135 7 4
104 144 20 1
104 146 17 8
104 162 16 0
104 168 7 18
104 197 1 20
105 6 7 5
105 26 11 11
105 29 8 5
105 30 0 13
105 31 11 3
105 40 11 5
105 46 4 1
105 51 16 20
105 58 6 5
105 61 16 17
105 93 14 9
105 109 12 10
105 112 9 10
105 117 18 5
105 125 2 4
105 128 4 16
105 131 6 6
105 156 6 9
105 163 7 19
105 165 14 12
105 179 0 10
105 199 9 12
106 0 15 8
106 10 1 18
106 13 19 5
106 15 7 10
106 25 18 7
106 40 16 8
106 49 20 13
106 66 15 15
106 70 6 17
106 71 9 18
106 80 9 15
106 84 4 8
106 106 13 10
106 111 2 1
106 119 14 12
106 154 8 14
106 162 14 14
106 164 6 17
106 169 15 0
106 182 2 7
106 189 13 5
107 5 18 4
107 10 12 9
107 16 8 7
107 35 2 18
107 43 0 6
107 61 2 6
107 78 1 6
107 85 6 18
107 87 14 11
107 91 6 19
107 93 10 13
107 111 0 4
107 143 18 19
107 145 2 4
107 159 7 4
107 161 19 15
107 163 16 9
107 164 16 8
107 187 2 4
108 6 13 12
108 14 7 13
108 18 16 5
108 30 16 15
108 51 9 7
108 60 10 5
108 67 4 10
108 75 6 15
108 92 18 17
108 108 6 2
108 128 19 0
108 137 15 18
108 142 12 10
108 143 18 17
108 144 0 16
108 145 3 1
108 158 6 0
108 159 19 12
108 170 20 11
108 177 4 9
108 178 1 19
108 180 8 16
108 196 10 6
108 197 20 16
109 6 18 20
109 16 0 13
109 50 2 13
109 60 8 12
109 74 1 6
109 118 12 9
109 138 4 6
109 141 14 3
109 143 5 14
109 147 12 17
109 173 0 3
109 190 7 11
110 5 11 9
110 11 11 1
110 19 19 16
110 23 20 1
110 34 9 14
110 37 6 9
110 42 17 1
110 43 20 14
110 45 9 15
110 50 16 6
110 66 19 2
110 67 17 14
110 78 7 17
110 82 12 7
110 90 14 8
110 96 9 7
110 120 11 7
110 157 9 20
110 160 17 18
110 161 5 8
111 5 18 3
111 13 8 10
111 26 1 3
111 32 11 13
111 34 10 17
111 37 17 3
111 45 12 8
111 58 2 16
111 105 18 18
111 112 3 0
111 121 11 5
111 126 5 0
111 135 15 4
111 138 11 10
111 142 11 15
111 148 4 7
111 162 12 12
111 180 2 11
111 181 11 10
111 187 10 2
112 1 8 19
112 5 9 4
112 8 16 2
112 16 4 2
112 24 11 20
112 25 20 4
112 30 12 13
112 35 3 14
112 38 0 20
112 39 5 20
112 45 15 10
112 51 11 14
112 62 19 12
112 75 14 16
112 82 1 7
112 85 17 11
112 87 7 15
112 94 18 1
112 95 12 20
112 99 7 17
112 110 1 15
112 124 0 2
112 125 15 8
112 126 20 1
112 141 17 14
112 165 0 8
112 178 1 2
112 181 13 17
113 1 16 0
113 2 0 18
113 7 16 0
113 26 14 12
113 29 17 11
113 42 0 4
113 43 18 18
113 46 7 20
113 47 13 15
113 49 17 18
113 51 12 3
113 52 17 3
113 53 10 16
113 57 17 3
113 59 5 5
113 69 19 5
113 90 5 19
113 93 9 9
113 96 0 16
113 98 10 16
113 100 3 16
113 151 14 7
113 156 4 13
113 169 2 7
113 171 10 15
113 177 5 17
113 178 2 9
113 187 18 8
113 193 19 0
114 25 14 7
114 27 9 5
114 30 16 17
114 33 19 9
114 34 5 19
114 37 7 2
114 49 15 6
114 56 12 5
114 63 11 9
114 87 18 5
114 105 11 8
114 122 20 14
114 138 17 1
114 153 14 14
114 167 17 14
114 175 4 15
114 179 10 18
114 180 15 17
114 190 0 18
114 191 4 6
115 13 7 15
115 21 1 20
115 37 10 0
115 41 8 5
115 55 14 15
115 56 17 5
115 62 1 0
115 85 13 3
115 100 15 12
115 101 11 19
115 105 0 11
115 125 1 12
115 144 1 14
115 150 2 5
115 179 12 4
115 180 18 6
115 199 5 14
116 8 0 4
116 10 13 20
116 25 10 10
116 29 10 14
116 37 17 19
116 38 12 16
116 46 15 11
116 59 14 5
116 71 9 5
116 94 10 7
116 97 11 16
116 102 0 5
116 113 4 13
116 121 5 20
116 140 14 18
116 146 7 3
116 154 17 10
116 156 5 13
116 163 16 4
116 187 11 20
116 193 12 16
116 195 18 12
116 198 16 16
117 0 6 4
117 33 15 2
117 43 14 7
117 44 3 14
117 48 6 7
117 76 9 6
117 92 18 2
117 148 3 11
117 152 14 17
117 160 0 4
117 168 19 12
117 182 0 10
117 189 9 15
117 191 4 9
117 198 18 6
118 1 10 11
118 3 11 1
118 5 15 18
118 16 14 0
118 17 8 5
118 24 7 12
118 25 19 14
118 32 17 4
118 81 17 14
118 100 3 9
118 103 9 16
118 107 19 14
118 122 10 3
118 140 16 16
118 145 8 10
118 152 9 2
118 155 16 0
118 157 15 0
118 172 1 0
118 175 11 4
119 3 0 16
119 8 10 15
119 9 1 9
119 10 20 1
119 11 13 2
119 64 19 0
119 72 13 11
119 101 10 9
119 104 18 0
119 106 8 9
119 124 16 17
119 129 3 3
119 132 10 20
119 139 17 18
119 154 4 1
119 163 5 7
119 185 3 10
119 195 7 0
119 197 12 2
120 1 3 11
120 3 5 0
120 13 0 1
120 18 3 14
120 32 17 0
120 33 10 8
120 52 14 6
120 67 16 20
120 86 7 5
120 94 14 16
120 110 4 20
120 112 2 17
120 133 6 15
120 137 16 16
120 157 8 11
120 173 16 10
120 180 18 13
120 183 20 18
120 192 8 20
121 5 6 0
121 14 13 3
121 28 15 0
121 58 13 8
121 73 10 18
121 78 10 4
121 79 8 16
121 111 1 4
121 115 1 4
121 120 1 16
121 131 18 6
121 136 4 0
121 141 10 5
121 145 19 10
121 173 13 13
121 180 4 5
121 182 17 11
121 188 13 12
121 196 20 17
122 4 5 4
122 5 10 11
122 14 9 10
122 18 11 17
122 28 11 16
122 50 2 2
122 51 16 17
122 74 7 11
122 78 18 17
122 83 17 19
122 85 15 17
122 86 6 15
122 96 17 7
122 103 19 15
122 105 18 16
122 109 20 18
122 132 11 19
122 140 1 1
122 145 2 12
122 147 12 8
122 151 0 11
122 166 1 13
122 168 12 4
122 180 17 5
123 12 14 15
123 17 4 17
123 25 16 12
123 28 5 13
123 42 3 0
123 47 17 13
123 49 3 9
123 65 13 5
123 76 1 15
123 95 9 20
123 119 10 20
123 123 13 11
123 125 4 9
123 147 11 2
123 149 11 13
123 152 0 2
123 161 0 19
123 174 4 2
123 176 7 8
123 193 9 3
124 0 14 13
124 6 10 19
124 7 9 18
124 15 20 15
124 26 20 19
124 28 20 7
124 52 16 15
124 64 2 0
124 72 2 2
124 76 18 17
124 82 19 5
124 83 14 12
124 95 12 10
124 128 14 3
124 137 12 2
124 148 5 19
124 150 15 18
124 155 18 1
124 164 2 15
124 168 5 17
124 172 8 1
124 178 9 9
125 5 12 17
125 6 1 17
125 15 7 2
125 29 19 7
125 40 0 15
125 49 18 18
125 50 17 14
125 66 20 3
125 67 8 19
125 74 7 2
125 76 19 5
125 86 13 14
125 108 2 8
125 162 11 8
125 165 8 8
126 9 20 12
126 26 20 18
126 38 2 11
126 44 0 11
126 46 16 0
126 57 14 0
126 60 11 3
126 66 16 9
126 67 4 17
126 68 17 5
126 72 10 2
126 85 17 15
126 107 8 0
126 114 9 2
126 116 6 10
126 129 0 18
126 141 13 4
126 148 7 15
126 152 8 10
126 154 14 11
126 181 4 9
126 184 4 4
126 193 10 12
126 197 9 19
127 8 11 19
127 15 14 3
127 21 14 8
127 30 4 2
127 34 13 19
127 42 5 9
127 51 4 16
127 60 3 19
127 75 3 6
127 83 0 8
127 125 5 6
127 127 16 0
127 130 0 9
127 133 8 15
127 135 11 11
127 136 3 15
127 138 18 18
127 141 4 13
127 146 20 15
127 149 20 19
127 150 16 16
127 151 6 14
127 155 11 14
127 177 19 17
127 186 12 6
127 198 13 11
128 0 17 1
128 7 6 9
128 11 9 12
128 23 13 1
128 40 14 5
128 66 11 18
128 71 5 7
128 85 3 2
128 100 18 13
128 110 20 20
128 115 19 2
128 116 13 1
128 118 1 17
128 119 5 2
128 127 4 20
128 133 5 18
128 141 7 13
128 173 17 13
128 184 20 18
128 188 12 20
128 199 18 2
129 12 5 3
129 21 9 0
129 48 3 1
129 63 4 5
129 69 1 5
129 102 0 14
129 108 8 1
129 116 7 12
129 118 6 10
129 125 9 19
129 131 16 7
129 143 5 2
129 153 7 14
129 159 16 3
129 162 5 14
129 165 7 4
129 174 10 3
129 175 20 20
129 180 12 20
129 184 11 0
129 197 12 10
129 198 15 6
130 16 2 1
130 20 7 5
130 30 3 0
130 31 16 18
130 40 2 14
130 45 4 14
130 46 15 18
130 50 9 3
130 58 13 20
130 59 19 18
130 61 0 3
130 66 18 6
130 94 4 9
130 100 8 17
130 105 9 19
130 126 1 20
130 129 13 14
130 130 1 19
130 132 9 0
130 146 1 16
130 149 9 13
130 167 7 3
130 193 14 13
130 194 19 16
131 15 0 8
131 26 1 6
131 38 2 3
131 40 1 0
131 45 9 16
131 50 9 10
131 52 18 15
131 62 6 0
131 72 0 20
131 75 8 18
131 91 16 4
131 92 11 3
131 93 8 3
131 114 8 16
131 121 5 17
131 135 15 11
131 147 7 11
131 157 19 17
131 160 16 10
131 184 14 6
131 199 0 16
132 11 11 9
132 13 0 20
132 25 9 8
132 26 6 11
132 51 4 9
132 70 2 2
132 73 9 7
132 82 16 4
132 91 5 8
132 102 15 17
132 108 12 7
132 119 7 4
132 128 5 9
132 135 15 13
132 140 4 8
132 153 14 20
132 156 20 3
132 157 1 3
132 169 18 9
133 12 4 0
133 16 17 6
133 43 15 1
133 44 2 11
133 68 5 8
133 76 20 4
133 80 20 8
133 97 14 17
133 108 18 16
133 124 20 14
133 132 18 7
133 137 16 10
133 139 14 17
133 150 16 18
133 180 20 7
133 182 14 2
133 187 19 17
133 198 20 20
134 15 10 15
134 34 0 16
134 35 11 16
134 56 20 8
134 63 3 5
134 66 1 17
134 72 10 16
134 76 3 2
134 87 3 5
134 106 14 19
134 124 9 6
134 149 8 7
134 154 6 19
134 160 13 2
134 186 16 17
135 1 5 3
135 10 3 12
135 14 5 20
135 20 14 0
135 33 0 4
135 39 20 19
135 60 7 13
135 63 20 2
135 73 7 2
135 76 11 8
135 77 6 19
135 84 18 9
135 89 1 0
135 90 4 19
135 110 2 0
135 112 5 19
135 115 8 0
135 129 19 13
135 132 3 9
135 136 19 20
135 145 15 12
135 146 2 6
135 150 14 2
135 153 14 6
135 177 8 20
135 190 14 9
135 196 3 20
136 1 14 17
136 2 12 2
136 6 20 13
136 28 5 12
136 30 8 11
136 36 15 8
136 43 0 3
136 44 14 10
136 61 16 2
136 68 1 11
136 76 7 19
136 80 15 17
136 89 9 12
136 93 3 3
136 94 1 19
136 106 17 15
136 111 8 12
136 120 18 14
136 137 12 8
136 142 13 8
136 147 12 3
136 159 18 8
136 176 13 8
136 195 10 4
136 197 6 13
136 199 7 17
137 2 10 18
137 3 16 9
137 4 9 16
137 8 17 11
137 11 18 7
137 18 5 20
137 29 7 12
137 34 0 17
137 68 3 2
137 77 19 4
137 79 20 4
137 95 7 20
137 100 9 7
137 103 8 15
137 117 8 17
137 126 15 20
137 152 10 7
137 154 2 6
137 165 3 10
137 181 7 5
137 185 17 12
138 0 10 6
138 6 0 1
138 19 9 14
138 23 1 11
138 26 10 15
138 30 5 0
138 53 14 13
138 58 1 9
138 68 17 10
138 73 17 13
138 88 18 1
138 107 8 2
138 121 4 7
138 125 5 15
138 128 13 2
138 130 6 13
138 134 13 13
138 178 9 6
138 180 9 1
138 184 15 17
138 185 19 17
139 7 8 8
139 16 6 15
139 22 4 4
139 26 16 3
139 28 5 14
139 42 5 12
139 44 18 7
139 58 1 3
139 66 3 7
139 67 9 9
139 82 16 19
139 97 15 18
139 106 7 3
139 125 19 5
139 134 14 8
139 136 6 16
139 138 19 3
139 142 2 3
139 187 6 19
139 188 15 17
139 190 18 19
139 191 17 17
139 199 9 0
140 13 4 15
140 41 0 0
140 45 11 14
140 49 1 13
140 59 4 16
140 64 2 12
140 65 11 13
140 82 9 16
140 100 18 5
140 104 10 17
140 110 5 15
140 135 20 20
140 145 8 1
140 149 18 19
140 152 10 12
140 174 7 16
140 186 1 6
140 188 1 2
140 199 19 7
141 14 11 10
141 23 11 11
141 41 15 7
141 55 17 0
141 57 15 14
141 66 13 7
141 80 18 15
141 81 19 13
141 107 20 1
141 143 10 8
141 148 19 16
141 185 15 10
141 188 13 9
141 192 16 2
142 2 17 17
142 7 4 16
142 30 12 16
142 32 6 14
142 36 5 8
142 45 15 7
142 50 10 7
142 54 9 14
142 65 19 8
142 72 10 5
142 78 3 19
142 119 9 11
142 124 5 18
142 129 12 14
142 132 5 4
142 151 9 9
142 183 6 4
142 189 0 8
142 190 20 6
142 193 20 12
142 194 15 20
142 199 11 16
143 14 10 4
143 16 10 13
143 51 12 7
143 92 18 3
143 101 11 16
143 110 11 10
143 141 14 18
143 148 7 16
143 164 1 0
143 169 11 11
143 177 1 20
144 3 6 8
144 10 13 15
144 11 4 1
144 27 12 20
144 32 16 12
144 40 14 1
144 62 20 10
144 69 2 17
144 80 2 12
144 86 6 6
144 101 6 5
144 106 1 14
144 107 16 2
144 109 19 15
144 146 12 5
144 158 1 11
144 172 18 9
144 192 2 17
145 10 1 18
145 11 8 4
145 19 10 13
145 49 5 9
145 57 17 3
145 62 19 19
145 76 13 17
145 99 0 15
145 100 10 5
145 103 9 4
145 108 16 0
145 121 8 15
145 124 8 6
145 144 8 10
145 150 17 18
145 151 14 19
145 156 11 8
145 158 7 0
145 162 11 17
145 164 17 6
145 181 0 10
145 188 7 10
146 23 16 7
146 64 6 5
146 74 6 11
146 76 12 20
146 92 8 2
146 101 5 0
146 116 18 11
146 122 19 0
146 126 13 9
146 142 12 19
146 144 15 7
146 148 10 18
146 159 17 9
146 161 3 0
146 174 4 19
146 176 19 19
146 180 3 11
146 181 12 6
146 194 7 5
146 199 5 19
147 0 20 20
147 2 16 18
147 16 2 2
147 27 20 20
147 43 5 15
147 47 5 14
147 52 3 20
147 59 7 2
147 71 20 7
147 90 10 4
147 91 17 2
147 109 0 15
147 114 7 15
147 149 18 2
147 169 2 20
147 170 4 20
147 172 20 9
147 179 8 1
147 191 7 4
147 195 6 19
148 30 17 15
148 31 8 17
148 67 15 20
148 75 11 3
148 87 16 4
148 92 4 13
148 115 19 3
148 121 6 17
148 125 4 14
148 137 9 10
148 146 16 3
148 185 19 16
148 189 11 5
149 6 7 16
149 9 6 5
149 17 8 1
149 18 2 17
149 25 12 17
149 53 12 7
149 66 0 12
149 71 20 12
149 86 17 9
149 103 1 19
149 106 15 14
149 123 20 19
149 124 2 3
149 135 1 7
149 146 8 19
149 149 20 16
149 167 18 9
149 177 2 8
149 190 10 3
149 198 5 6
150 29 0 2
150 37 11 5
150 64 0 5
150 66 16 16
150 74 18 16
150 85 11 4
150 91 20 17
150 102 4 2
150 110 18 12
150 115 4 14
150 123 20 4
150 130 6 4
150 143 10 19
150 145 14 3
150 153 9 9
150 171 13 16
150 182 20 5
150 186 6 4
150 188 9 15
151 0 15 6
151 3 6 10
151 6 17 1
151 15 14 6
151 44 9 5
151 53 17 3
151 60 12 15
151 63 6 1
151 72 20 1
151 74 4 19
151 108 9 20
151 117 20 9
151 123 0 18
151 136 10 16
151 168 8 3
151 174 2 5
151 178 7 11
151 183 18 0
151 197 9 19
152 9 15 10
152 16 7 6
152 17 0 15
152 24 0 8
152 27 17 15
152 30 19 19
152 41 16 1
152 46 19 17
152 50 11 1
152 72 10 16
152 73 9 13
152 96 1 18
152 116 15 20
152 118 2 15
152 128 18 3
152 131 6 15
152 134 4 11
152 137 18 18
152 142 18 5
152 146 17 4
152 159 19 14
152 168 18 18
152 174 3 19
152 189 10 13
152 198 15 8
153 8 16 3
153 15 6 5
153 16 4 18
153 22 6 9
153 46 9 6
153 66 11 1
153 70 10 3
153 72 1 14
153 77 14 15
153 94 10 1
153 97 15 16
153 115 14 9
153 128 9 2
153 168 3 4
153 195 5 15
154 17 16 11
154 23 6 0
154 25 8 13
154 28 5 14
154 36 15 0
154 41 0 4
154 42 8 20
154 46 5 19
154 49 11 20
154 53 12 12
154 65 1 8
154 67 12 8
154 84 8 13
154 87 20 12
154 92 17 2
154 95 4 13
154 100 8 9
154 104 5 10
154 106 9 10
154 107 4 2
154 108 18 9
154 114 3 11
154 116 6 13
154 119 19 9
154 120 10 5
154 125 15 18
154 127 3 20
154 138 17 2
154 140 11 0
154 141 20 14
154 159 19 3
154 161 9 11
154 165 15 13
154 166 8 4
154 167 14 9
154 172 12 11
154 195 13 1
155 1 19 12
155 4 5 4
155 5 13 4
155 6 15 2
155 13 17 8
155 16 4 15
155 19 7 15
155 21 4 4
155 28 14 9
155 29 18 12
155 34 8 7
155 36 12 2
155 43 3 9
155 67 13 16
155 68 20 19
155 77 2 3
155 103 6 18
155 104 3 20
155 135 0 1
155 145 14 18
155 174 14 2
156 21 18 15
156 43 3 9
156 46 10 7
156 49 13 7
156 64 5 16
156 67 8 12
156 72 18 15
156 73 18 7
156 78 14 0
156 91 6 18
156 98 2 20
156 109 14 3
156 119 20 20
156 122 17 18
156 132 6 5
156 135 9 14
156 145 5 13
156 148 18 5
156 179 8 6
156 181 2 20
156 183 16 13
156 184 10 9
156 195 8 15
157 9 14 7
157 25 7 10
157 27 16 15
157 30 7 15
157 33 16 7
157 36 12 8
157 43 6 15
157 72 4 6
157 101 7 9
157 111 8 18
157 115 2 13
157 119 1 8
157 142 15 16
157 146 9 4
157 186 5 13
158 8 20 6
158 22 16 4
158 40 18 13
158 41 12 14
158 89 14 15
158 103 10 2
158 104 2 9
158 106 0 14
158 121 9 1
158 137 3 5
158 171 6 9
159 18 6 16
159 34 20 20
159 36 19 1
159 49 8 19
159 96 4 8
159 99 8 13
159 115 9 11
159 122 17 9
159 128 14 15
159 131 10 5
159 132 0 19
159 141 14 4
159 142 1 8
159 144 20 9
159 151 15 4
159 173 8 19
159 176 6 9
159 180 17 1
159 192 3 9
159 194 7 8
159 195 16 5
160 5 14 16
160 17 2 15
160 18 16 8
160 21 5 17
160 26 12 15
160 28 10 8
160 38 19 19
160 46 15 16
160 60 13 16
160 90 16 9
160 107 7 18
160 117 20 11
160 119 6 19
160 132 1 13
160 142 3 20
160 144 13 15
160 160 2 12
160 167 15 18
160 185 4 0
160 188 4 2
161 13 2 3
161 19 6 12
161 28 9 3
161 44 7 11
161 63 10 7
161 71 4 7
161 88 12 5
161 114 17 14
161 126 12 2
161 132 18 18
161 137 15 17
161 141 0 18
161 145 12 20
161 157 9 19
161 175 15 2
161 196 16 9
162 9 16 5
162 16 6 6
162 18 17 15
162 22 4 4
162 25 2 12
162 43 17 9
162 44 13 8
162 56 19 6
162 64 8 18
162 78 17 19
162 85 12 2
162 89 9 9
162 124 4 17
162 142 12 15
162 143 14 5
162 150 5 5
162 164 0 19
162 171 5 12
163 0 18 17
163 4 6 18
163 9 18 19
163 11 2 18
163 28 8 19
163 29 5 5
163 41 12 0
163 42 1 16
163 48 6 0
163 59 3 7
163 70 17 5
163 76 3 1
163 87 5 1
163 89 13 4
163 91 7 10
163 94 9 18
163 112 2 9
163 124 8 14
163 139 20 14
163 148 20 13
163 158 19 1
163 161 13 15
163 163 1 6
163 175 7 7
163 195 7 3
164 16 19 12
164 26 17 3
164 31 14 9
164 37 1 5
164 38 18 3
164 54 6 7
164 60 16 13
164 73 4 7
164 75 20 8
164 78 15 2
164 81 18 7
164 84 1 2
164 87 1 5
164 91 7 13
164 105 18 17
164 109 19 5
164 113 2 3
164 115 13 18
164 118 8 17
164 121 11 13
164 128 3 0
164 149 4 7
164 168 13 10
164 174 6 16
164 185 6 20
165 7 2 11
165 9 12 15
165 10 1 7
165 11 10 9
165 12 1 7
165 20 0 2
165 23 0 20
165 32 20 13
165 33 18 8
165 40 19 20
165 42 7 6
165 44 9 7
165 46 12 11
165 50 9 6
165 59 3 8
165 63 4 19
165 75 20 10
165 76 4 20
165 80 7 9
165 81 6 15
165 83 5 4
165 84 13 2
165 88 10 11
165 132 15 10
165 134 14 12
165 144 13 13
165 148 2 8
165 170 19 2
165 171 3 12
165 181 2 9
165 191 9 18
165 196 3 13
165 199 12 12
166 3 18 14
166 11 2 14
166 16 19 14
166 21 9 9
166 30 12 3
166 35 8 1
166 38 3 17
166 43 4 3
166 91 7 3
166 101 18 15
166 109 10 20
166 111 18 9
166 118 12 13
166 140 18 15
166 142 8 11
166 171 8 5
166 173 10 0
167 14 16 4
167 20 3 18
167 54 1 9
167 60 10 17
167 66 12 8
167 67 20 14
167 78 17 10
167 85 5 10
167 92 4 8
167 96 16 19
167 107 11 20
167 109 10 2
167 127 16 10
167 130 12 9
167 147 13 3
167 157 6 12
167 172 9 19
167 184 9 9
167 188 9 15
167 193 7 4
168 0 12 10
168 12 6 16
168 30 14 3
168 31 5 16
168 33 2 20
168 38 1 5
168 52 14 11
168 62 6 19
168 65 14 4
168 66 3 12
168 82 13 9
168 87 20 5
168 117 10 6
168 119 17 18
168 124 17 1
168 125 6 15
168 136 8 15
168 148 11 20
168 153 2 13
168 164 11 19
168 165 2 6
168 167 11 0
168 177 0 13
168 178 18 15
168 182 19 14
168 183 2 20
168 191 9 15
169 2 4 0
169 24 0 11
169 50 0 6
169 53 9 5
169 54 5 18
169 62 6 0
169 75 10 19
169 90 1 0
169 94 5 6
169 97 20 3
169 106 9 1
169 110 19 10
169 116 16 4
169 120 2 13
169 139 16 9
169 145 3 20
169 151 4 7
169 161 19 18
169 162 9 2
169 166 17 9
169 167 2 9
169 171 16 15
169 188 0 15
170 4 8 5
170 16 2 1
170 29 10 12
170 32 12 17
170 34 10 19
170 42 20 18
170 50 3 10
170 63 5 5
170 65 9 3
170 66 19 19
170 79 20 5
170 95 7 13
170 116 1 5
170 136 0 4
170 137 10 8
170 143 16 14
170 171 20 15
170 185 13 20
170 186 2 16
170 197 8 1
170 198 11 7
171 29 5 3
171 36 16 6
171 40 18 4
171 64 10 11
171 75 18 0
171 91 16 10
171 105 14 15
171 106 15 9
171 107 20 18
171 110 11 18
171 113 11 0
171 114 3 13
171 139 17 3
171 149 10 17
171 156 8 6
171 167 12 19
171 169 8 2
171 174 14 15
171 175 12 16
171 186 11 4
171 192 16 19
171 193 10 12
171 195 2 18
172 2 1 3
172 11 19 16
172 18 3 13
172 24 8 12
172 29 2 18
172 41 13 7
172 62 2 2
172 75 4 6
172 80 20 7
172 97 12 5
172 103 17 8
172 104 9 14
172 108 11 17
172 128 12 2
172 141 4 9
172 148 10 13
172 152 9 9
172 167 9 5
172 190 8 2
172 191 10 20
172 198 20 13
173 17 4 19
173 21 20 1
173 26 12 10
173 37 6 13
173 45 18 13
173 47 3 18
173 50 0 6
173 54 14 6
173 60 11 7
173 71 10 7
173 81 3 0
173 83 7 3
173 122 2 6
173 127 8 13
173 145 12 16
173 147 14 1
173 154 8 11
173 165 19 6
173 169 8 14
173 174 16 6
173 182 17 15
173 188 12 8
173 197 13 0
174 0 13 13
174 4 17 2
174 19 15 1
174 52 4 14
174 56 5 20
174 59 5 11
174 67 2 10
174 115 20 20
174 118 7 3
174 121 19 2
174 135 13 0
174 141 7 1
174 191 4 4
174 196 18 0
175 0 6 11
175 4 9 8
175 20 15 15
175 23 19 9
175 34 13 12
175 35 7 11
175 68 14 12
175 72 20 16
175 87 11 15
175 89 14 20
175 99 14 12
175 112 12 8
175 116 17 5
175 135 10 13
175 138 16 8
175 192 15 7
176 12 2 20
176 45 8 5
176 75 11 13
176 77 11 9
176 83 10 2
176 94 2 5
176 100 19 11
176 107 3 14
176 124 11 14
176 143 5 15
176 145 2 8
176 148 15 19
176 164 11 16
176 179 19 0
176 196 3 15
177 29 14 12
177 33 12 1
177 56 0 11
177 61 10 10
177 73 13 1
177 76 17 0
177 111 9 0
177 120 18 7
177 126 17 7
177 138 12 2
177 150 18 5
177 155 19 19
177 160 1 11
177 161 15 0
177 169 4 3
177 187 0 8
178 2 9 5
178 10 1 12
178 13 13 8
178 26 8 16
178 35 15 13
178 36 19 10
178 70 14 16
178 73 20 5
178 78 4 11
178 92 14 2
178 99 20 16
178 103 9 14
178 110 5 7
178 118 0 7
178 121 4 15
178 128 10 4
178 131 20 1
178 164 17 16
178 188 17 17
179 7 8 6
179 9 14 15
179 21 16 4
179 27 17 5
179 50 1 15
179 52 20 7
179 55 9 7
179 60 1 15
179 81 6 4
179 91 6 7
179 92 8 1
179 95 15 20
179 103 16 5
179 119 10 18
179 123 17 5
179 128 15 3
179 133 19 7
179 170 14 18
179 179 17 5
179 191 8 13
179 192 7 3
179 193 10 12
179 194 3 13
180 5 10 15
180 7 14 16
180 14 6 13
180 18 10 15
180 34 14 10
180 42 14 2
180 43 3 0
180 48 14 1
180 69 8 12
180 77 16 14
180 98 5 10
180 107 15 19
180 112 7 5
180 117 5 12
180 126 11 19
180 145 20 7
180 156 20 13
180 163 11 11
180 184 18 12
180 187 12 18
180 188 0 15
180 191 16 19
181 23 11 15
181 38 6 17
181 40 6 13
181 46 16 2
181 51 14 7
181 65 16 9
181 66 10 20
181 68 18 13
181 80 2 6
181 102 5 6
181 111 9 16
181 113 20 17
181 117 20 18
181 119 17 19
181 158 12 17
181 171 20 2
181 198 7 20
182 12 12 10
182 24 15 18
182 25 7 20
182 26 2 1
182 32 11 15
182 52 9 14
182 71 17 10
182 83 5 6
182 93 7 19
182 96 1 13
182 102 2 4
182 124 19 20
182 125 18 11
182 143 11 3
182 164 10 18
182 176 19 20
182 193 1 18
183 6 4 18
183 11 10 14
183 21 11 0
183 26 11 10
183 34 17 5
183 46 6 16
183 72 20 20
183 74 3 11
183 132 15 3
183 145 15 19
183 176 14 11
183 183 10 4
183 185 11 15
183 187 20 14
183 194 5 15
184 21 8 0
184 34 0 16
184 42 20 3
184 48 12 20
184 51 4 11
184 52 15 7
184 67 8 18
184 80 0 3
184 91 15 2
184 117 3 15
184 137 0 3
184 148 12 17
184 152 12 15
184 153 4 13
184 159 12 14
184 174 19 0
184 178 12 12
184 180 2 14
184 194 18 5
185 10 19 5
185 12 8 17
185 22 16 11
185 27 15 12
185 29 3 5
185 37 1 15
185 41 4 0
185 63 12 17
185 66 11 17
185 77 10 1
185 104 0 15
185 129 9 0
185 131 18 16
185 136 5 16
185 141 0 6
185 153 10 12
185 171 7 15
185 176 3 13
185 179 15 4
185 183 15 1
185 185 12 13
185 199 16 5
186 27 16 2
186 28 18 9
186 31 3 9
186 34 12 3
186 63 12 20
186 116 19 8
186 136 7 19
186 172 1 20
186 184 4 7
186 199 1 7
187 17 4 6
187 36 19 7
187 43 16 4
187 45 10 19
187 47 11 16
187 49 19 2
187 57 0 9
187 60 5 10
187 66 12 16
187 70 2 8
187 76 3 2
187 77 15 9
187 83 4 5
187 100 20 15
187 102 3 3
187 110 0 10
187 111 9 0
187 121 17 16
187 122 16 18
187 128 3 11
187 160 2 4
187 181 6 12
187 182 15 10
187 190 16 14
188 6 1 6
188 58 19 9
188 79 18 13
188 113 11 2
188 117 16 15
188 120 6 19
188 137 0 19
188 138 17 17
188 165 0 11
188 176 14 6
188 192 1 16
188 194 10 13
189 0 0 2
189 9 12 11
189 12 1 19
189 37 13 5
189 38 19 14
189 43 17 17
189 84 5 5
189 98 4 17
189 102 11 2
189 112 15 17
189 132 14 2
189 137 8 15
189 141 11 6
189 153 20 19
189 166 3 5
189 199 0 17
190 2 5 7
190 5 0 10
190 7 18 19
190 34 11 0
190 44 17 5
190 50 5 1
190 58 13 3
190 80 13 7
190 94 12 15
190 102 5 5
190 105 2 14
190 143 2 6
190 145 9 6
190 168 6 15
190 182 9 6
190 199 0 7
191 2 17 14
191 13 13 15
191 34 4 5
191 47 11 0
191 61 12 11
191 66 14 11
191 70 9 10
191 78 19 17
191 80 5 1
191 83 14 16
191 88 19 10
191 96 20 10
191 97 20 13
191 103 13 18
191 120 10 8
191 133 8 3
191 134 3 9
191 137 6 11
191 139 5 9
191 149 1 20
191 152 2 19
191 160 14 2
191 171 1 3
191 193 20 7
192 4 4 0
192 5 13 15
192 8 0 14
192 12 6 14
192 16 14 9
192 36 7 13
192 48 13 15
192 76 19 16
192 80 7 7
192 101 5 3
192 118 17 0
192 124 20 13
192 126 20 7
192 135 7 9
192 143 5 7
192 156 0 4
192 164 20 11
192 179 20 20
192 185 8 6
192 188 17 7
192 189 9 14
193 8 1 13
193 32 9 10
193 58 20 11
193 60 12 2
193 68 20 17
193 76 17 19
193 80 18 18
193 84 13 18
193 92 18 7
193 106 20 6
193 117 13 8
193 123 13 15
193 125 17 15
193 139 16 10
193 148 8 16
193 152 3 9
193 169 19 14
193 185 19 9
193 191 18 9
193 196 18 1
194 19 18 20
194 22 0 6
194 31 20 14
194 33 16 18
194 37 3 20
194 39 6 14
194 42 18 4
194 95 4 20
194 101 11 4
194 111 10 3
194 116 5 19
194 127 16 8
194 137 10 3
194 142 3 14
194 152 3 4
194 188 10 14
195 13 19 1
195 30 6 3
195 35 7 1
195 38 6 5
195 44 2 17
195 54 15 15
195 61 13 18
195 62 14 12
195 63 7 10
195 64 8 13
195 89 11 6
195 91 14 20
195 92 8 8
195 101 11 15
195 122 12 2
195 129 19 1
195 137 4 5
195 146 16 11
195 149 16 7
195 156 15 18
195 190 9 4
195 192 15 4
195 194 9 14
196 1 7 7
196 11 9 3
196 16 11 8
196 22 8 4
196 24 8 10
196 32 5 6
196 57 4 10
196 58 4 5
196 65 17 14
196 67 20 9
196 88 12 15
196 93 11 7
196 113 1 11
196 116 2 14
196 128 9 0
196 137 14 12
196 147 13 17
196 157 11 6
196 184 2 12
196 191 8 16
197 9 7 1
197 24 12 3
197 28 18 18
197 29 12 7
197 30 2 8
197 36 15 19
197 46 18 19
197 54 8 10
197 57 2 12
197 72 18 6
197 87 0 10
197 101 2 17
197 113 17 14
197 123 3 11
197 129 15 7
197 145 15 12
197 162 10 19
197 163 7 18
197 165 2 16
197 189 3 3
197 194 17 13
198 22 14 4
198 56 16 15
198 58 9 15
198 65 9 6
198 67 7 17
198 92 11 9
198 96 16 10
198 97 11 1
198 100 3 5
198 107 7 7
198 122 11 2
198 129 15 10
198 130 19 12
198 131 10 1
198 136 15 6
198 140 14 19
198 141 2 8
198 144 6 6
198 184 6 10
199 7 14 17
199 32 3 10
199 37 8 6
199 115 19 17
199 128 3 1
199 147 1 4
199 158 20 18
199 174 16 4
199 175 4 11
199 189 14 5
199 192 5 16
199 194 1 14
199 195 20 12
199 198 2 9
