50
2
0 4 6 18
0 7 0 1
0 8 5 19
0 9 12 5
0 10 6 10
0 20 13 12
0 22 8 2
0 25 16 12
0 29 18 7
0 32 1 3
0 43 13 20
1 6 4 4
1 17 18 14
2 14 12 14
2 15 14 11
2 22 20 17
2 45 0 13
3 1 6 9
3 25 10 18
3 31 19 18
3 32 17 2
3 34 4 14
3 42 4 15
4 11 7 19
4 22 11 18
4 35 15 17
4 41 5 19
5 29 18 19
5 30 0 19
5 37 3 11
5 39 6 7
5 46 19 17
6 1 19 20
6 3 12 16
6 14 9 11
6 17 12 5
6 22 19 11
6 35 14 9
6 41 1 8
6 43 12 14
7 23 16 16
7 25 16 8
7 37 4 6
7 48 3 8
8 6 3 19
8 9 17 8
8 19 15 20
8 24 6 10
8 33 19 12
8 45 3 7
9 1 0 0
9 33 12 10
9 38 13 11
9 46 0 20
10 19 11 20
11 10 7 3
11 12 18 13
11 17 13 7
11 18 3 15
11 20 11 8
11 43 5 6
11 45 0 5
12 0 20 7
12 13 15 16
12 39 8 20
12 41 0 7
13 12 4 3
13 30 5 12
14 0 13 3
14 1 20 1
14 47 18 14
15 4 2 6
15 46 19 2
15 49 6 12
16 2 4 17
16 6 12 10
16 49 12 4
17 8 2 7
17 14 14 20
17 19 11 2
17 24 14 20
17 49 4 0
18 6 2 7
18 16 3 14
18 31 12 4
18 33 2 20
18 37 12 6
18 49 14 18
19 0 18 15
19 3 9 19
19 11 10 3
19 14 13 16
19 19 0 7
19 37 8 1
19 40 17 8
20 10 8 4
20 14 13 20
20 22 9 12
20 25 18 16
20 40 1 16
21 16 1 20
21 17 19 8
21 18 16 15
21 22 5 2
21 23 4 16
21 26 2 6
21 30 0 19
22 9 5 14
22 10 11 14
22 11 13 0
22 24 12 7
22 38 7 15
23 14 2 3
23 18 17 2
23 27 18 7
23 28 17 10
23 33 5 10
23 39 1 5
24 0 1 6
24 2 18 0
24 8 0 15
24 11 20 11
24 20 18 14
24 23 8 12
24 25 19 14
24 31 5 17
24 44 12 13
24 47 15 2
25 12 3 15
25 13 13 3
25 20 16 16
25 26 5 18
25 32 15 8
26 28 16 18
26 32 19 12
26 39 20 18
27 9 11 3
27 10 18 3
27 19 15 8
27 34 2 4
27 39 13 2
27 43 18 16
27 45 19 18
28 9 12 6
28 17 18 20
28 19 20 9
28 20 10 7
28 36 12 13
28 37 20 10
28 46 2 20
29 6 14 5
29 13 2 4
29 18 6 16
29 23 3 8
29 42 14 10
30 0 8 1
30 4 7 3
30 8 3 3
30 21 5 6
30 23 18 10
30 28 18 14
30 32 17 5
30 38 20 18
31 0 8 19
31 5 2 10
31 7 10 19
31 10 9 20
31 22 19 0
31 37 10 11
31 41 16 7
31 42 10 5
32 0 10 8
32 3 0 2
32 6 0 19
32 32 9 4
32 44 16 3
33 14 15 8
33 23 2 7
33 26 2 15
33 29 1 18
33 34 1 4
33 46 10 15
33 48 3 17
34 7 10 7
34 10 17 7
34 12 5 13
34 20 4 5
34 28 8 2
35 6 10 14
35 21 14 20
35 22 7 3
35 25 4 13
35 35 9 17
36 23 8 7
36 25 16 3
36 36 14 20
36 40 7 20
37 0 12 2
37 2 19 0
37 5 7 20
37 20 10 3
37 21 6 5
37 28 15 18
37 30 17 9
37 36 12 10
37 44 7 1
38 11 14 10
38 15 18 15
38 27 4 10
38 37 3 0
38 45 1 9
39 4 7 20
39 16 0 11
39 19 4 13
39 24 19 9
39 29 11 8
39 31 5 18
39 34 12 17
39 36 14 15
39 37 10 2
39 39 8 8
39 43 15 0
40 0 6 11
40 5 10 5
40 12 14 1
40 13 15 3
40 15 14 17
40 19 19 9
40 25 6 16
40 35 6 0
40 37 10 20
40 40 6 15
41 3 12 10
41 5 6 3
41 12 11 12
41 13 9 16
41 21 13 6
41 27 10 1
41 40 7 12
42 8 10 16
42 10 6 4
42 20 20 10
42 35 11 10
42 41 4 7
43 14 13 7
43 18 10 5
43 22 1 8
43 33 13 12
43 37 10 16
44 2 9 5
44 13 8 6
44 27 6 5
44 30 13 4
44 35 3 2
44 37 8 0
44 48 2 11
44 49 2 1
45 7 19 17
45 11 4 16
46 1 3 18
46 7 9 5
46 8 1 10
46 17 19 20
46 18 10 1
46 26 12 8
46 35 0 19
47 0 18 18
47 7 2 10
47 26 13 5
48 0 16 2
48 10 10 14
48 33 0 10
48 34 13 13
48 41 2 18
49 4 8 11
49 5 2 7
49 15 9 9
49 45 18 0
49 48 16 1
