100 250 500 750 1000 1250 1500 1750 2000
0.00252364 0.021753 0.099077 0.338403 0.485619 0.906258 1.38096 2.17164 2.47439
39.9427 118.391 252.508 404.922 528.379 666.68 817.886 946.881 1088.89
378 851 1307 1751 2134 2649 2730 3140 3531
0.00630136 0.0607772 0.260793 0.764789 1.68905 3.00235 4.03039 6.15821 10.5674
44.4806 115.53 234.762 346.576 473.61 591.21 706.874 825.031 952.027
126.8 317.5 647 987.5 1262.5 1596.1 1943.1 2283.6 2522.3
0.00959631 0.101825 0.377807 1.20388 2.35079 4.32586 5.57838 10.119 14.0505
45.3155 117.508 233.521 353.129 477.242 594.714 716.546 828.218 954.698
110.6 275.7 556.3 829.1 1099.9 1376.5 1647.6 1940.4 2196.5
