50
2
0 3 14 1
0 4 4 19
0 6 12 12
0 14 4 11
0 15 3 11
0 20 10 0
0 22 5 17
0 25 5 5
0 30 0 14
0 31 2 17
0 33 14 0
0 36 3 10
0 43 9 1
0 48 12 18
1 16 18 0
1 22 1 14
1 23 8 20
1 32 14 18
1 40 15 18
1 41 15 3
1 44 11 19
1 45 11 4
2 3 1 14
2 8 6 0
2 10 15 11
2 11 5 16
2 12 8 7
2 13 6 11
2 14 19 1
2 20 3 14
2 21 17 10
2 23 17 12
2 29 13 18
2 35 3 9
2 36 0 16
2 40 19 9
2 43 19 18
2 46 10 4
2 49 14 13
3 0 8 5
3 6 7 2
3 10 15 14
3 16 19 6
3 17 19 8
3 18 1 12
3 19 12 8
3 28 7 9
3 35 8 18
3 39 8 11
3 40 5 5
3 47 0 5
4 1 12 5
4 12 19 18
4 14 15 3
4 20 18 20
4 29 5 15
4 42 18 8
5 4 8 7
5 5 5 11
5 9 2 20
5 11 3 1
5 17 10 2
5 20 7 9
5 23 18 4
5 26 18 15
5 30 16 10
5 31 2 9
5 35 19 7
5 39 20 10
5 42 20 4
5 45 10 13
5 47 14 7
6 0 18 20
6 1 5 11
6 3 18 13
6 5 1 13
6 21 14 5
6 22 0 17
6 27 6 4
6 29 3 19
6 32 13 9
6 40 3 0
6 45 19 9
7 13 12 16
7 18 13 1
7 19 15 1
7 22 11 15
7 24 0 15
7 25 12 0
7 26 20 2
7 27 5 2
7 28 6 8
7 47 15 8
7 49 11 13
8 13 15 15
8 14 16 3
8 22 7 18
8 26 0 10
8 30 2 12
8 34 2 14
8 37 9 2
8 43 20 2
9 5 15 14
9 16 16 6
9 20 14 12
9 21 3 14
9 36 11 20
9 39 9 0
9 40 17 19
10 1 13 12
10 4 17 1
10 27 9 2
10 34 0 14
10 41 18 11
10 42 6 1
10 43 7 19
10 45 0 10
10 46 7 7
11 0 20 19
11 6 12 11
11 10 20 3
11 24 2 7
11 32 2 10
11 39 9 3
11 41 5 17
12 6 15 8
12 7 10 17
12 11 15 14
12 12 2 12
12 15 13 5
12 26 0 1
12 30 12 15
12 33 18 15
12 35 18 18
12 39 17 3
12 44 12 6
12 47 19 5
13 9 1 14
13 15 1 0
13 17 16 20
13 19 2 18
13 21 12 12
13 34 8 16
13 43 17 13
14 9 2 10
14 10 19 8
14 35 10 16
14 37 1 3
14 40 10 14
14 44 18 11
14 47 10 20
15 14 18 5
15 32 11 7
15 41 0 14
15 49 13 8
16 1 20 19
16 6 1 13
16 25 16 20
16 30 19 7
16 39 15 11
16 41 14 18
16 42 9 17
16 44 12 4
17 7 4 8
17 10 4 3
17 12 0 3
17 15 12 17
17 19 15 6
17 23 3 10
17 29 8 0
17 36 14 6
17 41 9 16
17 48 11 15
18 1 13 7
18 7 12 18
18 11 4 7
18 14 7 13
18 16 4 3
18 18 7 3
18 26 0 2
18 28 0 19
18 33 12 5
18 36 13 6
18 38 19 6
18 45 1 19
18 49 16 4
19 0 3 7
19 14 11 12
19 15 6 6
19 16 17 6
19 18 6 19
19 21 12 1
19 26 17 3
19 30 2 13
19 32 14 10
19 34 5 2
19 41 16 2
19 48 1 18
20 3 3 20
20 7 8 1
20 11 19 5
20 18 3 8
20 27 8 8
20 34 16 6
20 37 18 18
20 40 7 6
20 45 10 15
21 16 1 18
21 17 14 1
21 19 1 2
21 21 6 4
21 30 17 14
21 33 11 7
22 5 8 9
22 6 5 16
22 8 10 8
22 10 5 1
22 11 3 16
22 20 7 7
22 27 17 7
22 28 15 4
22 33 7 2
22 37 17 6
22 38 11 13
22 42 5 12
22 49 0 2
23 11 14 8
23 19 19 8
23 22 7 14
23 23 10 3
23 24 14 0
23 26 12 11
23 30 3 11
23 34 12 19
23 36 13 7
23 39 15 1
23 47 10 11
24 1 0 19
24 10 3 18
24 11 12 13
24 25 7 6
24 29 13 19
24 35 3 8
24 36 5 7
24 47 8 1
25 2 15 18
25 4 11 8
25 9 2 11
25 22 16 9
25 26 3 15
25 30 2 5
25 36 7 8
25 37 1 18
25 40 2 2
25 41 4 17
25 47 7 19
25 49 3 10
26 0 5 18
26 14 2 2
26 20 8 9
26 28 14 3
26 33 11 3
26 40 6 16
26 41 17 2
27 0 0 5
27 4 8 6
27 10 13 0
27 12 18 17
27 13 6 10
27 20 18 6
27 22 20 1
27 25 8 9
27 34 2 12
27 36 9 5
27 40 18 8
27 44 17 0
27 45 4 7
28 0 6 14
28 6 13 14
28 11 8 2
28 12 14 16
28 14 2 20
28 34 2 0
28 38 7 10
28 43 15 11
28 48 2 4
28 49 12 10
29 4 2 20
29 20 5 3
29 30 15 11
29 31 16 14
29 34 2 14
29 36 11 3
30 0 17 5
30 7 20 12
30 11 17 11
30 12 13 0
30 19 7 9
30 21 2 17
30 29 18 8
30 32 19 8
30 37 18 12
31 2 2 2
31 5 5 12
31 13 3 10
31 16 17 14
31 24 5 10
31 26 16 20
31 31 19 1
31 33 4 8
31 44 1 16
31 48 7 18
32 0 19 7
32 4 1 1
32 6 14 19
32 7 4 11
32 10 17 19
32 15 10 6
32 23 11 17
32 24 0 8
32 35 9 3
32 37 14 14
33 1 0 0
33 5 18 6
33 8 19 15
33 12 3 8
33 14 7 18
33 15 12 8
33 31 5 17
33 32 1 18
33 34 5 2
33 39 7 3
33 44 2 8
34 0 8 3
34 8 14 17
34 10 13 20
34 11 19 18
34 14 1 12
34 20 19 12
34 24 0 19
34 28 12 8
34 30 4 4
34 32 17 19
34 36 20 2
34 43 10 10
35 3 2 16
35 4 11 15
35 5 3 8
35 10 14 19
35 13 2 2
35 18 6 16
35 20 1 18
35 21 4 14
35 26 2 11
35 33 11 11
35 38 0 11
35 40 4 3
35 41 11 10
35 48 7 12
36 4 18 16
36 7 5 13
36 13 14 12
36 15 14 14
36 20 18 2
36 25 5 2
36 33 19 0
36 41 0 16
36 42 10 6
36 49 8 12
37 3 2 14
37 5 6 19
37 14 14 3
37 16 1 5
37 23 10 5
37 26 20 1
37 28 15 17
37 32 5 16
37 49 2 12
38 3 2 9
38 9 9 3
38 10 7 7
38 16 12 13
38 23 7 13
38 31 1 20
38 32 8 2
38 36 8 18
38 37 2 2
38 42 15 11
38 44 10 20
38 46 5 9
39 0 19 2
39 11 18 10
39 14 2 0
39 16 10 4
39 17 7 15
39 20 11 18
39 21 10 12
39 22 2 10
39 27 17 0
39 28 5 10
39 34 10 19
39 36 15 3
39 39 20 11
39 40 1 7
40 1 1 19
40 5 0 0
40 12 10 9
40 14 15 7
40 15 18 9
40 16 3 9
40 21 20 10
40 23 11 3
40 25 13 6
40 27 11 8
41 6 2 9
41 7 6 13
41 16 19 9
41 22 20 17
41 23 2 18
41 31 7 11
41 34 14 1
41 35 17 16
41 37 9 17
41 39 20 8
41 43 18 18
41 46 19 11
41 48 9 13
41 49 17 17
42 2 10 12
42 10 14 14
42 13 5 12
42 17 3 14
42 24 0 2
42 30 16 17
42 31 18 19
42 45 10 14
42 49 20 17
43 9 4 3
43 16 8 16
43 23 18 13
43 24 5 6
43 28 0 13
43 29 6 11
43 32 9 20
43 46 0 1
44 7 9 9
44 13 6 17
44 14 16 8
44 16 4 8
44 19 4 19
44 20 11 10
44 32 5 17
44 33 3 12
44 36 1 4
44 42 2 20
44 43 18 4
44 46 18 0
44 47 16 3
44 48 8 10
45 0 3 5
45 4 4 18
45 11 17 7
45 13 15 7
45 15 2 20
45 18 1 7
45 22 5 14
45 26 18 12
45 33 12 0
45 39 10 16
45 43 19 17
45 46 13 20
46 4 10 3
46 7 6 20
46 13 6 0
46 35 1 4
46 37 14 16
46 45 4 0
46 46 19 7
46 47 5 12
47 3 3 0
47 12 4 18
47 17 4 15
47 18 9 5
47 21 4 7
47 22 7 10
47 26 2 5
47 33 12 19
47 40 16 18
47 43 0 10
47 46 20 13
47 49 8 20
48 4 7 5
48 5 12 3
48 10 14 20
48 12 12 12
48 13 2 6
48 16 11 16
48 17 15 0
48 33 17 10
48 36 11 6
48 46 3 9
48 47 18 11
49 0 1 6
49 8 4 3
49 31 8 7
49 33 0 6
49 35 1 2
49 38 11 18
49 41 3 18
49 42 15 3
49 43 9 2
49 46 3 13
