50
2
0 3 10 20
0 4 12 5
0 19 20 3
0 27 18 0
0 41 14 17
0 42 0 10
0 44 17 2
0 47 14 15
0 49 16 5
1 0 16 11
1 5 11 17
1 11 8 11
1 15 2 3
1 16 10 4
1 17 15 14
1 35 10 11
1 40 5 12
1 41 13 13
2 6 19 2
2 7 11 10
2 8 20 3
2 10 4 6
2 14 2 4
2 16 6 15
2 20 10 6
2 21 13 1
2 22 7 17
2 38 3 12
2 45 11 6
2 46 5 17
3 1 4 12
3 3 7 4
3 7 4 3
3 12 4 3
3 15 16 1
3 21 11 0
3 23 10 3
3 26 16 6
3 27 13 16
3 28 12 2
3 39 18 18
3 42 11 15
3 43 2 5
3 47 5 6
4 8 13 15
4 17 12 4
4 19 18 9
4 26 11 11
4 29 19 15
4 30 10 16
4 31 7 8
4 34 1 7
4 36 16 0
4 37 8 3
4 46 12 13
4 49 10 15
5 0 1 14
5 5 18 1
5 6 6 18
5 12 17 16
5 14 3 17
5 18 14 1
5 20 5 8
5 42 7 3
5 44 17 4
5 46 3 9
5 49 1 17
6 12 7 14
6 20 1 15
6 23 11 20
6 28 1 18
6 43 11 13
6 45 7 3
6 47 1 6
7 4 15 8
7 9 13 13
7 22 0 6
7 28 17 3
7 38 6 16
7 39 14 15
7 46 16 3
8 4 17 16
8 19 13 18
8 20 16 18
8 24 0 15
8 27 13 12
8 28 17 9
8 30 13 0
8 33 1 2
8 35 16 2
8 38 9 16
8 44 19 10
9 2 4 16
9 4 11 11
9 5 14 16
9 8 5 8
9 10 20 2
9 15 17 12
9 16 0 14
9 19 8 7
9 25 3 18
9 26 13 12
9 47 13 5
10 6 7 10
10 12 3 12
10 15 14 0
10 30 9 1
10 31 15 2
10 33 9 10
10 43 8 12
10 44 6 2
11 2 8 6
11 3 1 20
11 7 9 16
11 15 11 4
11 19 2 4
11 24 7 13
11 26 14 14
11 32 4 19
11 39 11 0
12 0 8 0
12 1 11 8
12 12 1 20
12 14 13 14
12 16 13 20
12 18 9 8
12 21 6 19
12 28 9 10
12 34 4 1
12 38 17 20
12 41 4 4
12 42 20 1
12 47 17 12
13 7 10 12
13 13 5 4
13 17 12 15
13 18 16 16
13 26 6 15
13 27 15 4
13 37 4 10
13 40 10 3
13 41 5 10
13 42 0 14
13 47 4 20
13 49 15 8
14 0 2 19
14 10 4 16
14 24 20 12
14 32 9 16
14 35 19 12
14 37 12 11
14 48 11 10
15 3 3 17
15 4 2 5
15 5 13 20
15 8 20 3
15 16 18 3
15 23 15 18
15 39 11 10
15 41 14 8
15 42 16 6
15 44 15 11
15 46 5 19
15 47 7 15
16 5 11 14
16 7 4 0
16 13 7 17
16 16 20 20
16 28 9 19
16 34 7 0
16 39 9 10
16 40 18 1
16 41 8 5
17 0 9 7
17 3 3 2
17 6 9 10
17 7 6 11
17 13 12 18
17 16 20 19
17 18 17 0
17 23 12 20
17 32 16 5
17 40 17 19
17 48 3 1
18 0 0 13
18 2 10 4
18 11 17 15
18 30 12 13
18 32 15 8
18 34 19 0
18 46 3 13
19 2 10 9
19 4 4 5
19 6 3 7
19 7 11 18
19 12 1 8
19 14 3 7
19 24 12 9
19 25 14 0
19 35 7 0
19 37 7 1
19 40 18 12
19 45 16 9
19 47 6 18
20 9 7 11
20 19 10 7
20 25 1 19
20 28 6 3
20 35 14 3
20 36 16 18
20 44 17 1
21 6 17 20
21 7 6 15
21 8 16 8
21 18 20 12
21 24 15 19
21 25 16 7
21 26 7 11
21 28 6 18
21 29 3 0
21 30 20 3
21 37 20 20
22 7 10 0
22 11 14 12
22 14 1 4
22 21 1 1
22 24 6 2
22 31 3 10
22 43 8 13
23 5 1 2
23 8 0 5
23 9 15 20
23 13 13 2
23 14 8 19
23 17 20 0
23 23 11 8
23 32 15 20
23 36 10 16
23 37 0 13
23 39 4 5
24 26 2 11
24 28 0 19
24 32 20 13
24 35 14 13
24 37 9 8
24 45 5 11
24 48 16 4
25 2 0 13
25 3 18 1
25 5 11 0
25 11 10 10
25 12 7 15
25 16 12 13
25 17 20 3
25 21 15 18
25 28 7 6
25 34 12 16
25 41 10 5
25 42 3 19
26 8 13 0
26 25 5 5
26 26 1 15
26 28 4 4
26 34 10 6
26 37 15 14
26 39 9 2
27 11 2 1
27 15 17 17
27 17 17 4
27 21 2 18
27 26 14 10
27 28 4 14
27 36 7 20
27 37 13 8
27 41 6 6
27 44 6 6
27 48 16 9
28 0 20 4
28 16 10 7
28 25 20 17
28 27 18 4
28 30 13 12
28 34 8 10
28 40 15 4
28 47 12 16
29 4 4 7
29 10 15 1
29 12 2 15
29 16 2 1
29 28 3 10
29 30 0 19
29 31 20 10
29 33 9 8
29 35 12 19
29 47 17 2
29 48 4 8
30 3 12 18
30 7 17 7
30 20 15 19
30 24 3 13
30 33 0 11
30 44 15 9
30 46 18 20
30 47 5 20
30 48 18 19
31 9 19 8
31 14 18 17
31 16 11 14
31 19 3 20
31 23 3 4
31 38 16 10
31 44 14 2
31 46 3 14
31 48 6 16
32 3 11 11
32 8 8 4
32 14 13 20
32 17 16 7
32 20 4 20
32 34 1 8
32 36 2 3
32 38 16 17
33 3 4 7
33 14 5 2
33 15 12 1
33 22 19 5
33 38 5 20
33 40 0 10
33 43 7 12
33 44 16 3
33 47 1 8
34 3 4 20
34 6 17 18
34 7 16 0
34 8 13 1
34 22 5 10
34 31 16 12
34 38 11 4
34 40 14 18
34 45 16 15
34 47 6 19
35 0 19 4
35 5 4 15
35 9 14 20
35 13 10 2
35 15 14 6
35 19 2 13
35 25 15 5
35 31 6 1
35 43 6 11
35 48 11 20
35 49 9 9
36 0 3 15
36 5 15 15
36 7 14 17
36 10 6 14
36 12 15 19
36 17 8 15
36 33 8 5
36 38 3 8
36 43 13 18
37 7 9 17
37 8 18 13
37 16 4 4
37 20 5 6
37 21 4 14
37 45 17 13
37 48 10 12
38 1 11 4
38 2 9 9
38 3 3 6
38 5 19 2
38 10 9 15
38 18 18 11
38 19 12 9
38 20 10 3
38 22 7 20
38 36 13 19
38 38 15 12
38 43 13 17
38 44 20 8
38 47 7 18
39 3 0 7
39 5 19 19
39 9 2 2
39 16 3 2
39 18 12 16
39 21 0 12
39 31 19 4
39 39 17 0
39 46 1 14
39 47 14 3
40 0 6 3
40 6 19 18
40 7 7 3
40 8 20 5
40 9 1 2
40 33 4 13
40 34 11 13
40 41 20 19
40 44 14 11
40 48 9 4
41 4 17 13
41 11 1 2
41 12 13 7
41 13 19 14
41 16 18 13
41 20 7 2
41 21 1 15
41 28 14 0
41 35 6 6
41 36 6 16
41 43 0 6
41 44 0 20
41 48 15 4
42 10 4 16
42 21 10 20
42 26 14 10
42 35 13 17
42 38 14 7
42 39 8 9
42 41 6 12
42 44 5 0
42 47 0 7
43 15 0 20
43 19 4 9
43 21 19 6
43 25 0 12
43 31 20 7
43 35 2 18
43 36 2 7
43 41 19 18
43 43 12 1
44 2 6 14
44 13 18 10
44 15 19 19
44 16 11 16
44 22 20 8
44 24 0 9
44 27 20 11
44 29 7 18
44 33 13 20
44 34 9 1
45 1 15 14
45 2 16 18
45 3 3 0
45 5 7 1
45 7 7 2
45 12 20 2
45 14 8 18
45 16 13 15
45 17 7 6
45 20 7 0
45 33 1 17
45 43 10 15
46 1 11 8
46 10 16 9
46 12 18 3
46 14 16 9
46 26 9 9
46 34 6 4
46 38 5 9
46 40 17 14
47 0 2 5
47 8 1 8
47 11 15 17
47 16 13 15
47 18 12 1
47 26 19 5
47 46 10 18
48 9 18 1
48 11 10 17
48 19 17 2
48 20 3 9
48 24 15 14
48 29 1 16
48 30 8 1
48 36 12 16
48 40 10 5
48 49 9 5
49 2 2 2
49 3 15 4
49 14 20 16
49 23 2 10
49 29 5 17
49 32 4 11
49 39 16 18
49 44 19 3
49 45 7 6
49 48 13 0
