50
2
0 6 10 0
0 7 8 14
0 8 13 15
0 10 15 17
0 12 17 9
0 18 0 13
0 19 6 5
0 25 16 4
0 35 20 7
0 40 1 14
0 45 9 11
0 49 13 12
1 3 5 12
1 7 12 17
1 10 19 18
1 31 5 0
1 33 17 10
1 37 4 5
1 39 17 20
2 2 17 2
2 5 3 13
2 11 17 20
2 25 8 7
2 26 9 14
2 29 19 19
2 39 14 12
2 45 12 4
3 16 18 2
3 26 4 20
3 27 5 4
3 34 13 7
3 42 18 15
3 45 0 19
4 9 13 5
4 14 20 16
4 21 4 5
4 22 16 13
4 26 10 4
4 29 16 6
4 33 5 13
4 34 4 14
4 42 1 7
4 45 2 18
4 49 13 16
5 2 15 18
5 7 3 5
5 8 3 0
5 11 4 4
5 18 15 13
5 22 9 6
5 39 17 6
5 43 16 11
6 0 17 14
6 5 0 15
6 11 18 14
6 28 14 19
6 36 1 9
6 38 17 1
6 44 19 1
6 49 5 2
7 1 1 4
7 2 1 12
7 3 15 18
7 8 0 15
7 12 20 2
7 15 12 5
7 21 18 5
7 23 9 15
7 24 0 7
7 29 7 19
7 30 4 4
7 32 1 7
7 36 15 7
7 39 3 0
7 40 11 10
7 42 6 17
7 45 4 13
7 46 18 4
7 48 5 20
8 2 7 17
8 19 17 8
8 20 20 19
8 23 1 14
8 39 7 4
8 40 19 10
8 43 4 19
9 0 6 3
9 9 20 14
9 10 7 6
9 14 4 15
9 20 13 12
9 28 0 18
9 31 19 7
9 32 16 15
9 34 14 5
9 35 7 2
9 37 7 12
9 39 14 18
9 40 0 18
10 1 9 7
10 5 8 20
10 6 3 8
10 7 10 3
10 15 10 1
10 18 20 12
10 20 2 14
10 21 15 11
10 25 6 1
10 28 15 17
10 37 3 10
10 45 20 0
11 3 20 17
11 19 18 12
11 20 14 17
11 27 8 18
11 31 7 9
11 32 7 14
11 33 16 18
11 35 17 10
11 36 3 11
11 40 1 2
11 48 7 5
12 1 20 14
12 5 18 6
12 8 16 4
12 9 7 15
12 15 16 20
12 19 17 7
12 22 16 6
12 24 16 18
12 28 14 10
12 32 5 3
12 35 1 7
12 39 7 15
12 40 8 17
12 44 2 9
12 46 11 3
13 9 9 16
13 24 9 14
13 34 4 18
13 46 9 3
13 49 17 8
14 0 0 12
14 20 10 6
14 23 17 19
14 34 13 1
14 38 2 16
14 39 10 8
14 42 9 18
14 47 17 3
15 1 1 0
15 9 0 7
15 14 15 10
15 21 16 9
15 22 14 7
15 41 7 20
15 44 10 5
15 45 4 4
15 47 8 1
16 12 6 16
16 16 12 18
16 46 11 10
16 47 2 1
16 49 0 4
17 4 6 20
17 5 6 9
17 9 17 10
17 11 15 13
17 23 20 4
17 24 4 1
17 30 5 8
17 39 9 11
17 41 19 20
17 43 10 8
17 49 15 5
18 10 19 11
18 16 19 20
18 25 20 0
18 30 15 16
18 34 9 8
18 36 11 16
18 41 6 10
18 43 10 5
18 45 20 15
18 47 14 3
19 1 0 15
19 3 13 8
19 9 11 15
19 10 2 10
19 31 11 19
19 41 17 18
19 49 0 19
20 2 11 10
20 7 0 13
20 15 16 11
20 19 7 8
20 27 14 0
20 28 5 17
20 31 18 19
20 33 11 6
20 35 10 0
20 47 20 5
20 48 0 15
21 2 14 3
21 5 0 15
21 26 2 3
21 28 4 15
21 29 17 18
21 32 2 10
21 44 16 10
21 48 10 11
22 0 6 15
22 2 1 8
22 3 2 12
22 6 9 9
22 8 2 15
22 11 15 11
22 21 13 20
22 24 9 6
22 33 5 0
22 34 9 11
23 0 20 1
23 6 16 6
23 11 18 20
23 12 2 8
23 17 17 12
23 25 10 2
23 33 19 6
23 34 16 11
23 35 18 17
24 3 12 15
24 6 12 3
24 8 20 12
24 13 8 1
24 14 20 1
24 17 12 13
24 27 12 19
24 32 10 2
24 33 9 4
24 36 17 6
24 42 14 12
25 10 3 2
25 17 15 17
25 31 15 12
25 48 8 7
26 0 20 8
26 4 19 0
26 6 3 2
26 7 5 0
26 10 20 18
26 19 0 11
26 20 6 19
26 23 15 6
26 34 15 2
26 35 11 12
26 37 6 5
26 39 0 4
26 43 18 7
27 21 15 0
27 22 18 14
27 35 14 3
27 37 6 1
27 41 19 9
27 44 14 16
28 4 20 16
28 9 2 6
28 16 4 2
28 20 8 4
28 28 6 5
28 38 16 15
28 42 15 10
29 5 19 4
29 13 4 13
29 14 3 1
29 19 20 1
29 26 3 5
29 33 3 11
29 39 19 6
29 40 5 6
29 47 12 20
30 2 8 18
30 8 4 7
30 13 11 7
30 15 18 14
30 17 4 4
30 22 9 20
30 23 14 0
30 24 17 12
30 26 18 5
30 27 3 5
30 30 12 16
30 37 1 20
30 38 16 20
30 39 11 16
30 43 11 8
31 5 17 9
31 9 12 13
31 12 15 0
31 20 0 2
31 44 12 7
32 0 8 9
32 7 4 14
32 9 10 7
32 12 18 15
32 17 6 13
32 29 2 19
33 3 4 3
33 9 10 11
33 10 7 16
33 15 7 16
33 18 16 18
33 20 5 15
33 28 10 11
33 29 3 12
33 31 19 9
33 33 13 20
33 45 14 2
34 1 17 13
34 11 9 12
34 14 19 19
34 15 19 5
34 16 20 14
34 17 18 1
34 35 5 2
34 36 13 10
34 37 9 14
34 39 13 2
34 42 5 16
35 2 18 16
35 7 2 11
35 10 19 1
35 11 6 20
35 19 4 4
35 21 18 6
35 24 0 18
35 26 13 11
35 28 7 5
35 29 17 12
35 33 19 0
35 35 18 9
35 43 8 11
35 48 7 12
35 49 19 18
36 3 9 11
36 12 16 15
36 14 13 0
36 15 4 9
36 19 11 19
36 21 13 1
36 27 0 11
36 28 14 12
36 44 9 8
36 46 14 10
36 49 11 20
37 7 5 14
37 14 19 13
37 15 5 10
37 16 4 1
37 17 8 8
37 18 10 2
37 19 9 12
37 24 3 16
37 25 0 17
37 26 1 0
37 30 2 3
37 32 5 9
37 34 6 18
37 35 6 8
37 39 11 8
37 47 1 16
37 48 17 1
38 2 13 4
38 6 0 3
38 19 6 8
38 21 9 19
38 30 5 20
38 33 0 3
38 35 20 4
38 39 6 3
38 46 11 19
38 49 18 0
39 16 13 7
39 28 8 1
39 34 13 0
39 37 4 8
39 38 17 3
39 41 15 1
39 47 14 3
40 3 6 18
40 6 10 2
40 14 15 15
40 15 13 14
40 23 4 12
40 32 7 18
40 35 6 0
40 39 18 11
40 47 15 5
40 48 11 9
40 49 11 15
41 16 15 10
41 18 19 20
41 19 20 3
41 22 2 5
41 25 16 10
41 32 17 10
41 33 1 6
41 49 15 11
42 7 1 3
42 12 6 17
42 13 0 9
42 22 20 13
42 26 8 18
42 27 20 5
42 33 15 3
42 36 19 2
42 37 15 4
43 4 6 19
43 9 14 2
43 11 3 0
43 19 16 14
43 26 11 18
43 29 13 2
43 33 14 18
43 36 3 14
43 37 14 19
43 42 1 14
43 43 1 7
43 47 18 6
43 49 16 11
44 4 20 13
44 5 11 13
44 6 4 8
44 7 19 18
44 9 15 19
44 12 7 14
44 26 16 11
44 28 1 7
44 32 2 11
45 0 8 2
45 1 4 16
45 8 16 20
45 12 5 5
45 36 1 4
45 38 12 1
45 39 6 8
45 44 1 17
46 4 16 18
46 20 8 15
46 30 9 10
46 34 3 2
46 35 17 12
46 45 16 5
46 46 1 8
46 48 3 1
47 17 1 1
47 19 9 1
47 25 13 12
47 27 8 10
47 39 12 20
47 40 0 11
48 0 2 0
48 2 11 16
48 6 4 0
48 7 19 7
48 9 7 11
48 17 13 3
48 18 16 0
48 20 6 16
48 24 20 13
48 26 6 0
48 35 19 16
48 39 14 8
48 40 5 5
48 47 9 5
48 49 9 3
49 20 9 3
49 21 1 17
49 29 20 19
49 39 18 14
49 48 6 19
