50
2
0 1 3 7
0 2 5 4
0 3 1 17
0 5 12 18
0 16 12 5
0 17 13 18
0 34 18 8
0 42 3 9
1 5 13 1
1 9 6 9
1 10 9 8
1 12 3 8
1 17 7 14
1 18 0 9
1 21 4 19
1 22 0 3
1 25 7 4
1 27 16 18
1 39 19 8
2 14 4 19
2 20 13 11
2 21 6 6
2 25 15 15
2 29 0 4
2 30 13 13
2 31 13 18
2 34 3 17
2 35 20 3
2 36 1 15
2 49 4 10
3 0 6 10
3 3 5 1
3 11 0 20
3 12 4 15
3 13 13 10
3 14 15 2
3 16 12 17
3 39 1 3
3 47 2 3
4 1 15 12
4 5 11 18
4 8 16 12
4 9 16 19
4 10 17 4
4 13 20 8
4 17 14 2
4 25 6 11
4 32 0 12
4 37 12 17
4 39 19 15
4 44 10 7
4 48 2 2
5 3 19 6
5 8 11 12
5 19 13 3
5 20 7 19
5 26 3 12
5 31 7 11
5 36 17 11
5 40 1 14
5 48 5 5
6 7 1 7
6 11 6 14
6 14 1 13
6 16 15 3
6 19 0 13
6 21 0 0
6 25 16 18
6 26 20 13
6 32 9 16
6 39 0 1
6 42 5 12
6 46 19 1
6 47 7 6
6 48 6 13
7 10 12 7
7 15 20 18
7 19 11 1
7 26 0 13
7 27 17 3
7 31 19 8
7 37 0 19
7 38 7 6
7 40 4 3
7 42 8 9
7 43 16 9
7 47 14 18
8 0 16 1
8 4 3 17
8 12 0 17
8 13 7 4
8 15 15 10
8 18 13 19
8 20 14 14
8 22 9 5
8 26 14 10
8 29 7 5
8 37 8 19
8 41 10 7
8 44 2 14
9 3 2 1
9 4 13 7
9 11 7 6
9 13 11 16
9 18 9 12
9 26 20 4
9 29 10 20
9 31 4 6
9 35 19 17
9 38 14 2
9 43 7 14
10 5 6 6
10 9 1 0
10 13 10 14
10 14 20 18
10 25 3 8
10 27 13 15
10 28 9 1
10 31 10 20
10 35 12 10
10 36 2 3
10 41 17 4
10 45 12 0
10 48 2 3
11 1 4 16
11 3 6 3
11 4 0 20
11 6 2 16
11 12 10 7
11 22 9 3
11 23 15 2
11 25 10 12
11 26 20 6
11 28 8 0
11 29 19 6
11 37 18 20
11 42 14 6
12 5 4 6
12 6 15 10
12 15 4 3
12 37 5 2
12 45 11 6
13 17 3 18
13 23 5 0
13 27 16 13
13 41 9 7
13 42 19 16
13 43 10 14
14 0 12 4
14 5 10 5
14 11 5 9
14 19 9 18
14 38 13 0
14 43 3 5
15 1 20 7
15 2 20 19
15 4 10 13
15 20 3 14
15 23 4 2
15 25 7 0
15 29 15 2
15 34 19 6
15 37 10 16
15 44 14 4
16 5 7 11
16 7 6 2
16 10 20 15
16 14 6 6
16 23 14 8
16 24 14 17
16 31 17 9
16 36 17 14
16 37 16 4
16 49 14 16
17 7 15 0
17 8 4 20
17 9 7 19
17 12 3 8
17 14 16 15
17 17 4 11
17 18 13 16
17 21 11 8
17 23 20 5
17 33 17 2
17 39 10 8
17 43 5 2
18 4 9 12
18 10 12 1
18 13 0 14
18 14 14 19
18 22 8 17
18 34 20 0
18 44 7 9
19 0 18 13
19 1 12 20
19 2 19 18
19 7 6 18
19 21 12 20
19 22 19 6
19 25 4 4
19 26 0 14
19 31 16 14
19 32 4 4
20 7 17 20
20 33 10 17
20 34 7 3
21 8 0 10
21 11 2 12
21 14 8 20
21 20 13 8
21 21 3 3
21 30 10 7
21 37 14 7
21 42 12 16
21 43 10 16
22 0 4 17
22 1 2 17
22 15 17 18
22 18 15 12
22 25 19 13
22 26 18 15
22 29 2 16
22 35 1 17
22 36 1 8
22 39 7 2
22 41 5 0
22 45 6 19
23 7 12 11
23 22 8 1
23 24 14 11
23 25 12 15
23 31 12 14
23 37 2 9
23 40 16 12
23 45 4 5
24 1 18 0
24 8 13 3
24 9 20 17
24 21 17 6
24 23 13 4
24 27 18 16
24 34 16 20
24 40 18 14
25 3 12 15
25 4 13 15
25 12 18 10
25 18 12 20
25 23 20 6
25 34 15 2
25 42 0 4
25 43 6 4
25 49 8 17
26 3 7 18
26 8 1 19
26 11 12 3
26 12 17 10
26 17 11 18
26 19 1 20
26 22 12 16
26 37 9 2
27 1 20 8
27 7 9 15
27 9 18 19
27 13 9 5
27 15 20 15
27 21 14 6
27 29 17 1
27 30 19 5
27 40 1 7
28 1 12 4
28 5 13 4
28 9 4 1
28 16 18 5
28 19 6 20
28 29 18 16
28 30 2 20
28 33 14 15
28 37 13 12
28 38 17 8
28 40 5 4
29 7 19 0
29 13 12 20
29 21 0 19
29 22 20 11
29 31 9 10
29 35 3 2
29 41 15 0
29 46 19 7
30 7 4 10
30 11 2 20
30 13 7 2
30 16 20 11
30 21 7 9
30 22 16 20
30 26 7 1
30 30 0 2
30 33 4 16
30 41 15 15
30 45 7 17
30 47 1 2
31 3 19 9
31 5 7 12
31 8 2 13
31 10 10 12
31 14 18 15
31 28 18 1
31 33 9 0
31 36 17 10
31 39 1 12
31 42 13 15
31 47 10 8
32 2 6 8
32 10 9 19
32 13 7 1
32 16 2 12
32 24 15 6
32 26 13 5
32 30 3 17
32 37 3 3
32 40 12 2
32 49 6 0
33 0 9 18
33 4 0 15
33 7 17 2
33 9 6 12
33 19 12 13
33 21 9 11
33 34 2 3
33 36 16 4
33 48 1 1
34 0 7 9
34 2 8 10
34 5 18 10
34 6 7 16
34 17 9 20
34 19 17 17
34 20 8 14
34 28 11 11
34 29 19 0
34 38 6 13
34 39 12 5
34 40 0 4
34 42 3 12
34 44 18 17
35 5 1 8
35 10 4 16
35 25 13 18
35 30 13 7
35 36 9 17
35 41 13 14
35 43 14 8
36 4 19 1
36 9 0 14
36 15 14 13
36 16 1 12
36 18 15 9
36 23 6 20
36 32 3 14
36 33 13 16
36 39 10 1
36 42 4 13
37 3 10 6
37 5 12 15
37 7 0 7
37 12 3 2
37 23 19 7
37 40 5 15
37 47 3 9
38 10 17 10
38 13 1 5
38 19 4 12
38 20 2 4
38 24 11 13
38 25 9 11
38 29 9 5
38 36 4 13
38 41 1 16
38 46 17 20
39 1 6 20
39 8 2 1
39 13 18 3
39 22 14 15
39 26 17 14
39 37 11 6
39 43 11 3
40 2 17 13
40 4 8 4
40 15 12 7
40 27 9 4
40 28 12 4
40 30 1 9
40 32 20 5
40 39 0 0
40 42 0 10
40 43 0 10
40 47 18 15
40 48 10 5
40 49 10 4
41 0 15 13
41 11 3 10
41 20 5 15
41 26 20 10
41 29 6 0
41 35 10 17
41 37 13 19
41 38 3 5
41 40 6 11
41 41 1 6
41 42 4 2
41 46 11 16
41 48 16 9
41 49 20 5
42 0 10 18
42 8 16 4
42 9 4 11
42 14 18 7
42 17 11 19
42 20 6 13
42 22 11 19
42 27 6 10
42 29 16 7
42 34 9 11
42 39 17 9
43 1 3 16
43 10 9 18
43 13 19 11
43 20 7 0
43 21 9 15
43 25 20 14
43 26 10 9
43 29 18 11
43 39 14 8
43 40 14 11
43 43 11 15
44 1 17 0
44 4 15 19
44 6 18 18
44 13 12 0
44 15 2 1
44 17 0 7
44 21 15 13
44 28 20 19
44 30 6 20
44 39 10 15
44 40 2 3
44 44 9 5
44 47 3 1
44 48 10 20
45 4 3 17
45 7 1 5
45 18 1 18
45 23 17 14
45 33 12 15
45 34 1 4
45 35 3 3
45 38 11 18
45 41 11 1
45 43 19 18
45 45 17 0
45 46 0 14
46 4 3 8
46 17 10 1
46 19 1 19
46 20 19 10
46 31 3 15
46 35 15 13
46 36 4 10
46 37 4 2
46 40 13 14
46 47 1 14
47 1 16 18
47 5 2 6
47 6 20 10
47 7 18 7
47 9 19 20
47 19 2 19
47 20 14 8
47 22 14 17
47 23 9 9
47 29 5 4
47 41 9 17
47 43 12 16
48 11 1 15
48 13 1 6
48 14 4 13
48 23 17 11
48 28 9 3
48 31 9 5
48 32 14 17
48 33 1 18
48 36 9 9
48 40 4 6
48 43 10 5
48 48 16 15
49 0 12 4
49 8 10 12
49 12 8 1
49 15 13 8
49 19 18 3
49 34 0 19
49 45 1 2
49 47 6 1
49 49 3 13
