50
2
0 9 16 9
0 12 17 4
0 21 4 8
0 25 4 14
0 31 2 10
0 34 19 20
0 47 20 8
1 0 10 20
1 4 8 3
1 5 9 18
1 6 10 1
1 9 7 8
1 16 12 13
1 21 3 10
1 24 5 1
1 26 8 17
1 27 5 20
1 29 0 6
1 44 9 13
1 46 19 11
2 0 10 5
2 5 18 7
2 8 18 17
2 13 19 19
2 19 2 15
2 28 6 14
2 31 4 19
2 42 16 11
2 49 14 7
3 0 6 20
3 9 19 18
3 14 11 10
3 15 18 15
3 20 11 18
3 21 16 9
3 23 3 16
3 30 10 4
3 31 20 6
3 32 0 17
3 33 10 6
3 34 8 1
3 36 16 4
3 48 7 16
4 4 2 4
4 6 4 10
4 13 1 13
4 15 14 13
4 20 3 3
4 34 2 2
4 38 10 4
5 4 15 19
5 9 20 14
5 14 20 7
5 20 20 7
5 25 12 0
5 26 6 19
5 27 12 12
5 31 14 10
5 36 6 18
6 1 15 15
6 10 0 16
6 11 19 4
6 19 17 11
6 27 1 6
6 29 9 6
6 42 8 14
6 48 16 7
7 7 11 4
7 15 19 8
7 22 10 13
7 24 4 0
7 29 3 7
7 41 2 4
8 8 10 18
8 23 12 19
8 34 15 9
8 40 0 15
8 42 20 0
8 46 13 19
8 49 14 5
9 1 7 6
9 3 3 19
9 7 12 5
9 13 15 15
9 15 5 17
9 18 10 14
9 19 7 8
9 29 1 0
9 31 9 13
9 32 14 5
9 33 12 14
9 47 0 19
10 5 13 19
10 6 7 5
10 21 9 9
10 25 8 12
10 28 5 7
10 29 6 1
10 33 7 6
10 37 11 3
10 38 5 20
10 40 1 7
10 44 2 20
11 2 9 15
11 3 9 10
11 6 20 12
11 13 10 10
11 16 18 19
11 30 10 13
11 31 14 13
11 33 13 12
11 39 20 17
11 41 4 0
11 47 10 10
11 48 18 15
12 6 5 5
12 10 15 1
12 12 15 16
12 20 4 6
12 21 11 0
12 26 15 10
12 28 20 16
12 32 12 4
12 35 16 4
12 47 4 9
12 49 5 12
13 2 15 8
13 8 9 19
13 12 7 20
13 13 4 0
13 23 15 19
13 24 6 18
13 33 20 0
13 46 2 3
13 49 6 14
14 3 11 2
14 4 19 4
14 5 7 6
14 7 4 0
14 10 11 14
14 15 2 3
14 20 3 5
14 33 1 16
14 35 0 8
14 45 5 17
15 5 19 18
15 6 2 9
15 9 15 5
15 12 18 10
15 17 15 2
15 18 19 14
15 24 10 9
15 28 11 13
15 30 8 13
15 32 15 8
15 34 4 13
15 37 7 0
15 41 14 8
15 42 9 8
15 44 16 4
16 9 14 8
16 20 11 10
16 26 15 19
16 32 14 16
16 37 14 2
16 39 11 13
16 40 8 6
16 47 9 6
17 1 16 6
17 6 2 6
17 8 10 3
17 10 20 13
17 27 0 7
17 30 16 5
17 35 18 13
18 3 13 7
18 15 11 2
18 18 12 15
18 28 1 13
18 30 14 8
18 38 14 0
18 49 0 7
19 9 0 19
19 15 19 17
19 19 4 2
19 24 0 16
19 42 19 12
19 49 18 2
20 0 2 9
20 2 16 2
20 9 11 17
20 13 0 3
20 17 17 20
20 25 4 19
20 27 16 0
20 34 4 0
20 37 7 12
20 43 17 18
20 47 7 8
21 1 10 7
21 13 8 19
21 14 7 15
21 33 14 3
21 34 10 19
21 35 16 9
21 36 5 11
21 43 5 10
22 11 19 12
22 12 16 6
22 13 10 4
22 18 19 0
22 27 7 11
22 33 0 14
22 34 20 6
22 40 18 2
22 49 11 20
23 1 4 2
23 3 4 2
23 6 4 15
23 14 12 16
23 15 19 18
23 22 18 8
23 23 11 0
23 26 5 15
23 32 14 1
23 33 4 15
23 36 7 15
23 39 10 7
23 42 13 16
23 45 20 7
24 2 5 8
24 4 6 12
24 6 13 3
24 15 5 16
24 17 0 6
24 20 7 11
24 22 4 19
24 23 16 20
24 25 4 1
24 30 4 10
24 34 19 12
24 36 12 9
24 37 6 0
24 40 8 7
24 45 0 11
24 46 18 3
24 49 18 4
25 6 17 8
25 8 3 0
25 19 20 13
25 22 3 8
25 26 20 17
25 32 1 2
25 40 19 1
25 44 19 3
25 45 3 6
25 46 17 20
26 1 17 17
26 13 7 20
26 16 11 14
26 23 4 5
26 25 8 9
26 33 5 1
26 36 10 1
26 40 2 5
26 41 9 7
26 42 4 1
26 46 18 2
27 0 20 2
27 5 1 9
27 10 12 8
27 12 15 14
27 22 8 13
27 23 8 18
27 25 16 20
27 29 13 4
27 36 10 14
28 18 12 12
28 19 19 17
28 22 4 10
28 26 10 17
28 28 19 14
28 36 8 18
28 43 3 19
28 44 11 18
28 46 18 3
28 47 3 1
29 0 11 19
29 8 14 14
29 11 19 19
29 13 7 6
29 18 15 5
29 23 19 12
29 29 9 16
29 37 5 3
29 40 7 7
29 44 4 11
29 47 15 10
30 8 5 20
30 13 16 14
30 14 14 20
30 18 20 19
30 25 12 1
30 32 15 9
30 37 17 7
30 45 5 16
30 48 1 0
31 10 3 10
31 14 17 5
31 21 10 8
31 29 16 19
31 40 11 20
31 41 10 15
31 42 10 7
31 43 3 20
31 44 17 2
31 48 8 12
32 1 0 18
32 2 8 16
32 12 10 6
32 13 1 4
32 17 15 14
32 19 12 10
32 22 4 10
32 28 11 10
32 38 6 12
32 44 20 1
33 4 7 6
33 12 1 5
33 13 9 7
33 16 20 18
33 18 12 17
33 19 14 4
33 22 9 18
33 28 6 8
33 33 14 2
33 36 0 9
33 43 6 2
34 0 15 10
34 32 1 8
34 39 4 3
34 42 14 7
34 44 15 16
34 45 6 12
34 47 5 3
35 1 19 1
35 4 7 13
35 6 14 9
35 11 14 1
35 16 18 9
35 23 5 19
35 26 3 18
35 40 12 13
35 46 15 20
35 49 17 8
36 15 1 18
36 22 6 16
36 29 8 14
36 30 7 15
36 34 17 18
36 40 5 12
36 49 3 1
37 0 8 19
37 9 6 14
37 15 13 1
37 19 4 16
37 24 19 4
37 25 19 14
37 27 5 9
37 28 16 12
37 31 4 3
37 36 4 16
37 43 12 18
38 0 3 15
38 2 16 10
38 6 5 8
38 10 0 4
38 23 8 19
38 26 20 11
38 31 20 18
38 33 12 19
38 34 4 7
38 40 9 18
38 45 5 4
38 47 11 1
38 48 2 16
39 8 11 13
39 19 3 1
39 26 13 0
39 34 7 3
39 35 19 9
39 47 12 6
40 9 19 3
40 10 17 5
40 15 8 9
40 20 11 8
40 32 15 10
40 36 15 7
40 38 17 17
40 44 3 18
41 0 13 11
41 5 3 7
41 8 8 6
41 9 9 4
41 15 5 0
41 17 13 10
41 19 2 6
41 34 8 4
41 36 11 17
41 42 0 0
41 46 1 3
41 48 4 17
41 49 13 3
42 7 20 6
42 8 11 2
42 10 16 5
42 21 19 12
42 29 11 16
42 32 17 18
42 33 12 8
42 34 0 2
42 43 17 3
42 45 2 6
43 3 16 3
43 15 17 0
43 20 16 1
43 24 11 7
43 29 10 0
43 34 16 10
43 37 16 17
43 39 4 7
43 41 19 12
43 47 19 12
44 2 1 4
44 10 6 11
44 27 0 7
44 30 13 6
44 34 20 18
44 41 15 3
44 43 12 17
44 45 7 14
44 46 13 17
44 48 19 5
45 5 3 19
45 7 12 3
45 8 2 3
45 17 0 16
45 18 14 20
45 28 8 15
45 33 5 4
45 44 12 20
45 46 8 4
45 49 13 13
46 0 2 12
46 10 0 19
46 14 16 6
46 15 3 11
46 27 5 3
46 29 7 10
47 4 12 5
47 5 1 5
47 6 11 8
47 21 17 6
47 24 1 0
47 25 2 17
47 28 13 12
48 0 20 20
48 6 2 18
48 7 1 20
48 12 9 17
48 18 12 4
48 23 15 1
48 27 14 15
48 30 20 0
48 41 12 8
49 4 0 12
49 18 7 7
49 20 9 5
49 22 13 14
49 30 5 11
49 31 3 14
49 40 2 11
49 42 16 20
49 43 6 1
