50
2
0 1 11 16
0 2 14 14
0 4 6 10
0 7 9 18
0 22 4 2
0 26 10 16
0 32 7 8
0 38 20 11
0 42 1 7
1 3 6 9
1 7 7 6
1 19 14 10
1 21 19 17
1 23 12 8
1 25 13 14
1 38 20 15
1 41 15 20
1 42 18 11
2 4 8 4
2 15 20 5
2 17 11 3
2 24 15 6
2 34 20 6
2 39 10 0
2 42 18 2
2 48 17 11
3 6 11 19
3 9 10 10
3 11 16 17
3 16 1 1
3 21 7 17
3 26 4 7
3 39 12 7
3 40 4 1
3 48 13 5
4 1 8 7
4 17 16 16
4 26 2 14
4 39 4 0
4 43 10 11
5 1 11 10
5 2 2 20
5 24 9 6
5 26 2 2
5 34 3 14
5 36 7 6
5 37 4 14
5 40 10 5
5 47 3 12
5 49 4 15
6 3 15 7
6 5 14 0
6 7 2 17
6 12 9 2
6 27 4 8
6 29 0 17
6 31 3 8
6 40 9 5
6 49 11 2
7 3 10 0
7 7 9 11
7 9 10 5
7 12 5 13
7 26 20 3
7 38 5 13
7 46 5 14
8 0 8 7
8 1 12 10
8 5 12 10
8 11 17 16
8 12 14 5
8 21 19 17
8 23 7 2
8 31 9 5
8 37 20 19
8 38 15 12
8 42 14 3
8 43 13 12
8 48 10 13
9 3 5 8
9 5 7 5
9 7 1 2
9 9 9 7
9 11 14 12
9 12 0 1
9 22 8 11
9 34 1 16
9 35 6 12
9 38 7 17
9 45 17 2
9 48 1 4
10 8 0 7
10 10 0 13
10 16 5 15
10 20 7 12
10 23 6 17
10 25 15 11
10 28 10 19
10 34 14 6
10 38 10 17
10 42 12 5
10 49 18 10
11 4 11 7
11 18 7 7
11 25 17 2
11 26 19 7
11 31 14 6
11 35 9 6
11 45 13 0
12 2 5 8
12 3 5 19
12 6 3 10
12 15 7 18
12 20 14 5
12 27 7 0
12 35 9 1
12 38 7 6
12 41 14 17
12 45 10 3
12 47 3 12
12 48 15 17
13 4 20 7
13 8 12 8
13 10 10 15
13 18 7 13
13 19 10 7
13 23 4 14
13 25 12 8
13 34 20 15
13 40 15 12
13 47 8 16
14 14 7 18
14 20 11 13
14 22 19 7
14 23 19 8
14 25 1 20
14 26 8 14
14 30 20 15
14 38 17 16
14 39 1 12
14 49 5 12
15 7 3 16
15 8 13 5
15 10 8 15
15 11 20 19
15 16 3 15
15 33 9 15
15 35 20 1
15 36 16 7
15 40 0 13
15 49 5 4
16 1 17 20
16 5 16 2
16 8 9 8
16 9 6 6
16 11 17 8
16 13 9 18
16 14 4 7
16 15 7 13
16 21 11 0
16 34 2 12
16 37 5 12
16 40 20 0
16 45 11 10
16 46 16 10
17 7 12 10
17 9 5 7
17 13 16 11
17 15 4 9
17 38 15 8
17 40 17 3
17 43 6 0
17 44 5 8
17 46 12 7
17 49 14 12
18 1 16 8
18 2 5 11
18 8 18 14
18 10 16 4
18 13 10 4
18 15 16 0
18 26 11 10
18 30 1 14
18 31 20 20
18 32 8 10
18 41 8 5
18 45 11 0
18 47 10 14
19 2 11 1
19 5 6 19
19 7 11 7
19 8 14 4
19 9 15 20
19 12 9 5
19 13 3 18
19 14 13 10
19 15 5 1
19 17 11 14
19 19 11 15
19 22 14 14
19 23 10 18
19 29 17 20
19 30 3 9
19 34 0 8
19 36 13 12
19 42 4 17
19 48 20 5
20 8 0 6
20 10 1 16
20 12 4 13
20 17 19 10
20 21 7 3
20 23 5 18
20 29 10 15
20 46 14 16
21 12 17 19
21 14 20 5
21 26 6 10
21 27 7 2
21 30 6 12
21 36 18 13
21 38 18 20
21 39 15 2
21 45 0 7
22 6 3 14
22 13 11 18
22 15 3 4
22 17 6 3
22 18 4 10
22 23 10 14
22 31 17 16
22 34 16 13
22 37 0 5
22 38 17 19
22 40 5 15
23 5 11 7
23 6 9 1
23 7 6 2
23 8 13 4
23 9 7 12
23 12 14 9
23 17 18 15
23 26 4 20
23 28 19 12
23 29 17 16
23 31 3 8
23 48 14 1
24 8 7 12
24 16 6 10
24 17 16 18
24 31 14 16
24 34 15 4
24 38 20 6
24 43 1 10
25 8 15 15
25 10 18 15
25 13 5 3
25 14 0 14
25 35 11 12
25 40 17 0
25 46 15 7
25 47 16 18
26 0 16 16
26 3 4 16
26 6 19 3
26 10 6 6
26 11 16 7
26 20 5 0
26 22 10 7
26 23 7 15
26 24 18 5
26 38 0 20
26 39 8 7
26 41 2 0
26 48 4 14
27 2 16 16
27 5 1 4
27 15 8 3
27 21 5 1
27 23 8 15
27 35 5 11
27 37 18 9
27 42 6 20
28 0 19 8
28 26 5 16
28 33 3 5
28 47 4 9
28 48 12 17
29 2 18 13
29 5 8 14
29 10 10 15
29 11 11 15
29 14 9 2
29 18 4 7
29 20 9 20
29 21 11 18
29 23 4 3
29 30 7 8
29 35 20 19
29 39 11 19
29 40 10 19
29 48 9 10
30 1 17 5
30 4 2 2
30 5 6 9
30 6 10 1
30 13 6 6
30 14 16 5
30 16 6 11
30 26 2 15
30 31 8 19
30 32 5 17
30 36 15 1
30 37 16 1
30 39 14 13
30 41 10 14
30 44 18 2
30 46 11 17
30 48 17 11
31 2 3 17
31 3 15 20
31 4 10 7
31 5 14 16
31 12 3 10
31 14 20 12
31 16 2 7
31 25 15 11
31 33 20 10
31 35 20 1
31 38 1 14
31 46 20 15
31 47 12 3
32 11 4 11
32 12 4 2
32 27 2 13
32 28 18 15
32 31 8 18
32 32 11 7
32 35 0 9
33 4 17 5
33 6 4 19
33 8 15 12
33 11 16 3
33 13 1 9
33 22 10 15
33 28 1 13
33 29 7 6
33 35 3 6
33 37 18 0
33 40 7 17
33 41 3 15
33 43 18 6
33 45 19 18
34 9 4 16
34 10 11 11
34 14 3 19
34 30 2 1
34 34 2 18
34 36 10 6
34 42 3 15
34 48 4 6
35 0 5 2
35 4 16 19
35 12 19 4
35 13 17 0
35 25 10 20
35 29 9 5
35 34 10 15
35 35 13 14
35 38 13 6
35 39 19 7
35 40 18 8
35 41 0 11
35 45 2 0
35 46 11 18
35 48 3 20
36 1 8 15
36 7 9 4
36 8 1 1
36 9 5 4
36 13 15 16
36 25 4 19
36 31 16 2
36 32 10 0
36 33 0 8
36 35 4 18
36 45 17 20
37 2 18 11
37 8 0 2
37 10 9 4
37 15 10 15
37 36 7 20
37 39 15 18
38 3 2 14
38 5 20 20
38 19 1 17
38 20 3 15
38 27 2 11
38 31 8 8
38 33 1 0
38 34 10 17
38 38 20 0
38 40 1 3
38 47 19 6
38 49 10 6
39 3 3 2
39 8 13 17
39 9 17 14
39 11 7 11
39 25 18 6
39 47 0 12
40 4 17 12
40 17 4 18
40 29 6 5
40 35 10 2
40 39 1 20
40 40 3 5
40 47 4 20
41 2 12 6
41 6 2 0
41 10 15 18
41 13 3 6
41 15 11 3
41 21 12 0
41 22 2 5
41 25 13 4
41 31 3 7
41 36 19 15
41 37 3 19
41 47 20 4
42 1 0 2
42 10 4 9
42 14 12 11
42 16 17 2
42 17 20 6
42 35 9 4
42 37 15 11
43 14 20 17
43 21 4 3
43 25 19 18
43 27 2 2
43 28 7 15
43 39 9 12
43 48 16 9
44 12 10 8
44 20 10 4
44 21 18 0
44 40 3 17
44 47 12 19
44 48 15 18
45 1 8 14
45 24 10 2
45 27 10 1
45 38 0 4
45 40 5 13
45 41 18 5
45 45 16 20
46 9 3 13
46 11 9 1
46 14 5 13
46 16 6 16
46 19 8 13
46 20 9 12
46 24 16 1
46 30 11 17
46 33 2 6
46 35 20 9
46 39 17 15
46 46 8 14
46 49 0 16
47 3 9 0
47 5 2 14
47 8 15 7
47 14 6 4
47 16 6 14
47 19 0 0
47 22 1 16
47 24 16 18
47 26 1 19
47 30 1 3
47 46 9 17
47 48 17 14
48 1 16 9
48 17 1 18
48 20 19 12
48 21 16 8
48 38 18 5
48 42 17 20
49 6 16 19
49 9 12 18
49 16 13 8
49 22 3 5
49 24 20 4
49 37 16 17
49 38 13 1
