50
2
0 1 18 6
0 5 6 13
0 8 7 10
0 13 9 19
0 15 15 16
0 21 14 8
0 22 14 10
0 26 12 13
0 28 12 13
0 29 19 7
0 32 2 15
0 34 5 13
0 40 17 0
0 45 9 9
0 46 20 6
0 47 5 7
1 2 14 10
1 7 9 7
1 10 4 5
1 16 20 7
1 23 11 8
1 31 5 0
1 41 5 13
2 3 12 7
2 12 20 1
2 13 6 4
2 14 16 7
2 20 16 20
2 26 14 15
2 30 12 2
2 39 17 10
2 49 15 3
3 1 20 18
3 2 1 5
3 3 7 15
3 7 18 6
3 8 4 8
3 15 4 3
3 18 18 7
3 22 1 16
3 24 3 0
3 28 7 9
3 38 4 1
3 47 8 0
4 0 1 14
4 5 17 19
4 8 17 7
4 13 20 5
4 21 5 12
4 25 0 1
4 26 11 13
4 27 14 4
4 31 14 8
4 33 8 8
4 41 18 14
5 0 15 13
5 6 19 5
5 26 3 4
5 27 16 20
5 44 9 1
5 48 9 4
5 49 10 18
6 7 16 11
6 8 0 11
6 12 9 10
6 14 8 17
6 17 5 17
6 20 20 20
6 22 1 10
6 28 7 11
6 29 3 15
6 33 13 0
6 37 6 7
6 41 18 5
6 46 1 2
6 49 5 4
7 1 12 15
7 2 9 8
7 8 20 16
7 12 16 14
7 21 6 4
7 26 13 6
7 32 3 15
7 33 19 1
7 34 0 14
8 3 12 1
8 12 16 19
8 13 2 13
8 15 11 17
8 22 4 14
8 31 8 17
8 35 12 8
8 43 9 5
8 45 5 12
9 2 18 5
9 10 4 20
9 24 10 15
9 40 0 19
9 46 2 9
10 13 9 8
10 16 9 18
10 19 4 6
10 31 18 10
10 35 7 11
10 38 7 8
10 47 5 18
11 1 4 1
11 4 6 12
11 11 11 15
11 14 13 9
11 16 16 7
11 17 1 0
11 21 5 1
11 28 18 20
11 29 7 12
11 47 7 19
12 2 1 6
12 9 18 15
12 12 19 8
12 31 6 2
12 37 7 17
12 39 0 15
12 43 14 16
12 46 18 10
12 47 3 19
13 5 19 10
13 9 3 11
13 12 16 10
13 22 2 12
13 23 3 18
13 24 11 9
13 26 12 18
13 33 6 10
13 36 10 9
13 41 0 6
13 45 7 15
14 0 14 0
14 4 9 8
14 9 8 3
14 12 1 10
14 16 0 14
14 22 7 17
14 35 0 15
14 37 13 7
14 43 11 9
14 45 0 3
15 1 12 7
15 2 15 13
15 6 7 9
15 12 6 20
15 23 6 17
15 27 3 17
15 30 0 19
15 31 14 19
15 33 0 18
15 36 16 9
15 37 6 16
16 0 16 20
16 15 16 15
16 18 18 0
16 19 3 14
16 25 20 10
16 30 1 2
16 31 0 5
16 35 6 8
16 43 13 12
16 46 19 0
16 48 20 13
16 49 8 4
17 3 2 13
17 6 7 3
17 10 19 2
17 11 15 17
17 20 16 2
17 26 9 20
17 28 5 1
17 29 19 17
17 32 17 3
17 35 9 17
17 38 13 19
17 42 3 13
17 46 0 8
17 47 11 5
18 1 8 10
18 2 5 19
18 3 5 3
18 4 1 15
18 7 20 12
18 10 10 6
18 15 12 18
18 19 19 13
18 20 18 17
18 24 7 8
18 42 18 0
18 48 4 8
19 1 15 19
19 3 7 10
19 9 12 3
19 22 4 10
19 34 17 6
19 38 5 11
19 39 5 5
19 46 13 4
20 4 1 6
20 8 1 18
20 13 9 8
20 15 14 14
20 27 18 8
20 28 9 19
20 29 1 3
20 30 11 15
20 33 17 1
20 38 1 19
20 40 14 17
20 42 14 17
21 13 20 8
21 16 13 17
21 21 0 6
21 26 15 7
21 28 17 12
21 40 17 8
21 49 0 3
22 5 6 9
22 8 3 4
22 11 13 20
22 25 13 7
22 29 4 13
22 32 8 11
22 34 2 2
22 38 2 9
22 43 10 10
22 48 18 16
23 1 9 15
23 5 17 12
23 8 13 12
23 17 1 11
23 22 11 19
23 23 17 2
23 26 0 10
23 34 5 13
23 45 4 9
23 47 5 4
24 1 9 0
24 4 4 15
24 5 12 3
24 12 9 9
24 19 5 7
24 22 8 11
24 27 7 7
24 29 2 2
24 32 4 6
24 34 14 6
24 37 0 18
24 42 2 12
25 0 13 14
25 3 8 13
25 10 13 13
25 13 13 1
25 19 17 9
25 30 12 3
25 40 15 2
25 48 16 15
26 1 16 0
26 2 7 8
26 5 11 14
26 14 19 12
26 32 20 8
26 38 10 11
26 40 8 9
26 44 3 16
26 47 0 15
26 49 5 2
27 15 18 15
27 23 19 0
27 28 17 0
27 36 1 10
27 38 2 15
27 40 20 15
28 8 6 10
28 21 7 10
28 24 9 2
28 28 13 12
28 30 0 17
28 34 4 10
28 36 13 5
28 43 3 0
28 45 9 12
29 4 16 17
29 6 9 10
29 7 8 15
29 9 17 18
29 12 1 12
29 15 9 10
29 18 14 15
29 26 13 2
29 38 19 19
29 39 11 5
29 41 4 12
29 42 18 19
29 44 3 10
29 46 17 13
30 12 7 5
30 13 10 19
30 23 1 4
30 24 3 8
30 26 8 8
30 27 0 20
30 31 18 15
30 35 9 4
30 39 19 11
30 43 6 20
31 10 2 11
31 19 6 18
31 22 14 16
31 23 14 1
31 26 16 15
31 39 7 1
31 41 1 13
31 47 16 11
32 2 10 19
32 5 17 14
32 11 8 9
32 14 17 9
32 15 0 9
32 17 12 9
32 18 9 7
32 19 14 7
32 24 15 1
32 30 18 7
32 33 17 10
32 38 14 3
32 43 11 12
32 46 12 13
33 0 3 8
33 4 9 11
33 26 7 2
33 37 18 12
33 44 19 0
33 46 14 16
34 3 17 20
34 4 0 12
34 5 6 9
34 13 3 6
34 20 8 16
34 21 6 17
34 22 2 6
34 23 4 11
34 24 9 16
34 30 14 0
34 49 16 1
35 0 1 7
35 8 6 11
35 17 5 5
35 35 6 0
35 36 20 6
35 39 0 17
35 48 12 16
36 1 14 18
36 5 20 3
36 7 17 13
36 11 17 7
36 15 3 7
36 17 4 0
36 21 6 3
36 30 20 4
36 48 20 19
36 49 12 3
37 9 7 6
37 11 14 6
37 12 11 14
37 18 17 9
37 19 1 3
37 29 9 11
37 34 14 19
37 35 1 0
37 37 16 4
37 48 7 9
38 18 3 6
38 19 16 1
38 29 3 18
38 32 8 2
38 43 10 11
38 44 8 17
39 3 6 19
39 4 13 11
39 8 20 16
39 12 17 16
39 16 5 11
39 23 15 18
39 26 15 20
39 30 0 15
39 32 11 3
39 47 4 4
40 8 15 19
40 18 8 15
40 20 15 5
40 24 16 8
40 26 16 4
40 27 19 20
40 28 4 13
40 30 4 14
40 33 3 0
40 35 18 18
40 44 10 13
40 49 9 3
41 11 1 11
41 12 11 7
41 20 1 13
41 27 4 18
41 28 3 3
41 29 10 5
41 35 10 9
41 36 11 8
41 37 8 8
41 38 0 4
41 42 15 14
41 46 18 4
42 2 9 15
42 3 16 9
42 4 16 2
42 6 16 8
42 10 6 2
42 12 12 1
42 16 15 2
42 17 14 4
42 24 13 19
42 35 1 10
42 37 18 5
42 40 0 18
42 41 17 4
42 44 15 6
42 47 9 0
42 48 13 18
42 49 6 5
43 4 16 0
43 7 18 9
43 9 10 11
43 13 18 7
43 15 8 9
43 21 12 0
43 22 19 9
43 24 10 8
43 25 13 5
43 27 3 15
43 28 10 10
43 33 19 17
43 37 19 3
43 46 10 8
44 11 0 4
44 16 13 13
44 24 20 6
44 29 18 8
44 34 17 16
44 35 10 11
44 37 8 12
44 39 16 2
45 5 19 20
45 6 17 11
45 13 10 2
45 18 19 17
45 35 12 1
45 46 20 17
46 0 15 11
46 1 1 14
46 3 18 9
46 8 14 15
46 9 2 9
46 22 4 6
46 37 9 15
46 38 0 5
46 39 6 19
46 44 15 3
46 45 20 3
46 47 0 18
47 26 18 12
47 29 14 5
47 31 10 17
47 42 12 19
47 49 10 12
48 2 0 15
48 3 1 19
48 6 7 6
48 7 19 4
48 11 4 11
48 15 16 4
48 19 10 1
48 22 14 12
48 25 11 14
48 33 4 16
48 38 17 13
48 40 1 5
48 46 7 8
49 6 1 13
49 7 15 12
49 18 14 11
49 29 15 8
49 43 11 6
