50
2
0 1 15 18
0 8 14 3
0 12 16 7
0 19 2 0
0 29 7 17
0 31 20 5
0 33 1 1
0 40 3 8
0 44 14 20
0 46 7 1
0 47 13 10
1 0 7 0
1 11 20 17
1 18 19 13
1 32 16 3
1 34 16 3
1 37 17 15
1 45 8 18
2 4 9 10
2 6 1 12
2 7 19 11
2 13 6 17
2 17 15 17
2 39 7 15
2 42 10 12
2 43 18 20
2 45 3 13
3 3 5 14
3 4 1 2
3 15 8 4
3 23 14 14
3 24 13 19
3 34 11 12
3 35 6 11
3 37 13 17
3 41 12 14
3 43 8 17
3 44 8 12
4 0 16 1
4 6 1 7
4 14 19 20
4 15 4 12
4 23 8 2
4 29 5 2
4 31 3 19
4 36 19 19
4 37 18 8
4 39 14 18
4 45 11 19
5 3 1 17
5 4 19 12
5 8 20 7
5 12 4 17
5 18 20 5
5 19 5 0
5 23 11 7
5 28 11 0
5 31 16 0
5 33 11 15
5 37 4 4
5 38 14 14
5 42 15 13
5 45 16 11
5 47 16 9
5 49 15 7
6 3 20 17
6 8 15 14
6 9 18 14
6 17 0 14
6 23 0 5
6 31 2 2
6 32 12 4
6 48 1 0
7 0 16 20
7 3 20 10
7 5 12 20
7 13 11 12
7 20 19 7
7 21 8 13
7 23 14 9
7 31 15 15
7 32 20 6
7 35 8 18
7 38 4 10
7 39 2 10
7 41 20 4
7 42 6 1
7 43 12 4
7 45 5 1
7 47 20 0
8 0 11 20
8 3 20 11
8 24 17 4
8 30 16 1
8 34 5 8
8 37 19 6
8 43 3 18
8 44 20 5
8 48 8 2
9 2 2 15
9 3 11 14
9 6 13 4
9 8 6 10
9 11 11 17
9 20 14 8
9 34 20 20
9 37 9 2
9 42 7 12
9 45 1 17
10 7 13 15
10 12 20 14
10 13 6 13
10 24 13 0
10 28 6 3
10 29 4 19
10 30 0 8
10 44 18 6
11 1 5 20
11 5 0 16
11 20 17 16
11 23 17 5
11 25 9 7
11 27 11 1
11 29 13 2
11 31 8 1
11 36 15 8
11 42 19 7
12 0 11 4
12 8 1 9
12 16 6 3
12 35 13 14
12 36 20 17
12 43 17 1
12 44 9 19
12 47 18 8
12 49 4 17
13 0 2 15
13 3 20 7
13 16 8 14
13 17 18 4
13 19 4 3
13 20 17 5
13 31 6 4
13 38 5 20
13 49 13 14
14 1 14 20
14 4 4 6
14 33 5 18
14 37 6 8
14 45 5 13
14 47 4 10
15 1 19 13
15 6 17 18
15 9 17 19
15 16 6 20
15 23 8 6
15 25 10 9
15 28 3 7
15 29 5 2
15 30 20 1
15 31 9 14
15 48 6 18
15 49 14 4
16 6 10 1
16 8 8 4
16 14 0 11
16 18 13 3
16 20 17 8
16 28 16 2
16 44 11 8
16 45 10 13
17 8 1 20
17 11 5 4
17 14 5 15
17 18 7 20
17 20 8 20
17 30 2 10
17 31 6 19
17 34 15 8
17 35 5 17
17 37 8 5
18 5 10 2
18 6 16 11
18 7 11 10
18 8 4 20
18 9 7 5
18 18 2 15
18 19 9 14
18 21 3 16
18 26 6 16
18 31 2 6
18 33 13 1
18 34 9 2
18 43 2 18
18 47 4 4
19 3 13 17
19 9 20 16
19 11 6 3
19 14 11 1
19 15 14 19
19 16 4 20
19 21 3 3
19 22 6 1
19 30 14 12
19 37 3 6
19 39 13 1
19 42 5 3
19 47 20 17
20 0 15 4
20 23 1 10
20 24 9 14
20 30 18 11
20 36 5 19
20 42 12 14
20 43 18 13
20 48 15 5
21 5 11 11
21 10 1 6
21 22 6 5
21 27 1 9
21 34 8 7
21 38 3 18
22 16 16 5
22 17 17 13
22 30 10 0
22 32 16 12
22 36 4 9
22 41 2 17
22 43 5 2
22 45 16 6
22 49 12 2
23 0 1 4
23 8 15 13
23 20 15 4
23 27 14 8
23 36 18 6
23 38 2 11
23 45 18 8
23 48 0 11
24 2 1 4
24 5 11 17
24 6 3 6
24 8 2 11
24 12 9 3
24 14 4 4
24 15 6 9
24 16 0 6
24 22 1 2
24 29 10 19
24 39 12 0
24 41 5 5
24 44 16 5
24 47 6 12
24 48 18 14
25 5 15 1
25 6 2 4
25 14 9 1
25 16 0 2
25 17 2 13
25 24 14 11
25 34 6 2
25 38 6 10
25 42 20 15
25 43 0 3
25 46 7 0
25 47 9 7
26 1 17 8
26 3 15 3
26 7 18 19
26 27 7 9
26 36 17 9
26 40 19 19
26 42 2 0
26 44 10 4
26 47 2 19
27 0 11 11
27 3 1 8
27 5 19 3
27 9 4 4
27 10 19 14
27 13 10 1
27 21 13 12
27 27 11 19
28 4 20 19
28 9 9 8
28 10 11 14
28 19 15 17
28 28 6 15
28 38 13 20
28 39 9 16
28 42 3 10
28 49 15 2
29 0 16 7
29 7 20 14
29 8 4 7
29 10 8 13
29 16 4 5
29 19 5 11
29 20 6 9
29 22 10 7
29 25 8 1
29 30 5 2
29 39 0 11
29 46 14 4
30 5 3 0
30 16 17 5
30 22 1 12
30 47 13 17
30 48 15 18
31 2 0 9
31 7 12 3
31 22 19 16
31 25 2 6
31 29 18 3
31 30 14 3
31 32 3 6
31 34 1 11
31 35 14 7
31 36 7 8
31 42 18 0
32 5 18 3
32 13 19 10
32 22 12 13
32 27 1 17
32 32 6 20
32 33 11 12
32 37 12 9
32 43 12 5
32 44 18 19
32 47 16 20
32 48 18 19
33 2 8 7
33 7 18 0
33 19 11 11
33 23 18 7
33 42 7 13
33 43 5 12
33 49 15 5
34 4 11 12
34 11 2 19
34 14 7 14
34 27 12 6
34 29 0 7
34 32 12 1
34 40 13 3
34 48 0 2
35 11 0 15
35 12 14 12
35 19 6 20
35 29 12 12
35 35 9 20
35 36 6 10
35 39 2 1
35 40 15 12
35 44 15 13
36 1 2 8
36 13 14 3
36 22 3 5
36 29 9 15
36 31 11 13
36 35 18 7
36 39 2 4
37 0 13 9
37 1 17 17
37 5 7 17
37 8 2 10
37 19 16 2
37 20 4 4
37 24 15 11
37 27 14 7
37 35 20 5
37 37 4 8
37 38 3 9
37 41 10 18
38 7 17 8
38 10 2 12
38 11 14 10
38 28 12 14
38 32 7 1
38 38 3 16
38 41 1 17
38 43 14 7
38 45 10 7
38 47 14 4
39 0 13 13
39 2 19 16
39 15 11 5
39 23 10 8
39 24 13 4
39 25 1 1
39 36 5 16
39 37 15 16
39 42 11 4
39 47 6 13
39 48 2 17
39 49 13 4
40 0 10 12
40 3 18 2
40 6 11 8
40 8 13 12
40 19 19 11
40 23 20 10
40 25 11 14
40 27 9 8
40 28 7 10
40 36 4 10
40 37 4 5
40 42 15 17
40 43 14 3
40 46 6 4
41 1 17 2
41 4 4 18
41 7 1 14
41 15 16 8
41 19 15 17
41 22 15 1
41 26 11 2
41 33 4 18
41 36 8 14
41 37 16 15
41 40 19 4
42 0 12 3
42 3 18 7
42 14 0 16
42 15 7 13
42 18 13 7
42 19 17 16
42 20 18 6
42 31 18 11
42 34 13 5
42 38 0 11
42 39 15 0
42 40 10 15
42 47 7 8
42 48 17 10
43 8 4 12
43 15 10 5
43 17 0 9
43 20 11 5
43 21 16 8
43 33 9 5
43 39 16 2
43 44 10 7
44 14 17 17
44 19 3 11
44 27 19 4
44 38 5 0
44 41 5 12
44 44 12 17
44 48 11 3
45 5 17 17
45 18 6 8
45 22 15 6
45 27 19 1
45 39 8 18
45 42 20 6
45 45 2 8
45 49 14 1
46 3 2 0
46 13 11 12
46 15 20 14
46 29 3 9
46 32 19 12
46 33 9 17
46 37 0 15
46 45 13 12
46 48 14 11
47 6 14 3
47 18 17 6
47 20 2 12
47 24 18 8
47 31 16 10
47 35 3 18
47 40 20 11
47 48 3 16
48 5 7 18
48 6 15 1
48 21 1 8
48 28 16 14
48 33 15 2
48 37 12 14
48 39 12 16
48 41 16 8
48 42 20 17
48 49 0 9
49 3 20 6
49 19 20 17
49 22 0 5
49 31 4 6
49 36 0 18
49 37 14 8
49 39 4 9
49 46 7 0
