50
2
0 11 7 17
0 13 9 11
0 16 12 16
0 25 15 18
0 36 7 8
0 44 1 14
1 2 19 19
1 12 2 5
1 14 0 18
1 23 18 7
1 24 3 17
1 35 18 20
1 37 7 4
1 45 4 19
1 48 6 14
2 1 13 6
2 5 7 13
2 7 7 4
2 11 9 13
2 21 4 1
2 22 2 4
2 29 9 1
2 34 2 1
2 35 17 11
2 38 1 11
2 40 5 5
2 41 19 18
2 45 7 12
2 47 11 18
2 49 17 20
3 2 8 17
3 4 14 9
3 12 6 13
3 14 1 15
3 20 10 8
3 28 8 13
3 31 4 12
3 35 7 11
3 39 17 16
3 45 15 2
3 49 17 9
4 16 7 16
4 18 19 16
4 19 17 20
4 23 7 19
4 30 20 0
4 32 10 18
4 33 12 3
4 34 5 3
4 36 2 15
4 38 17 20
4 41 20 0
4 47 8 18
4 48 3 16
5 17 2 10
5 24 5 19
5 27 5 14
5 31 13 5
5 34 15 18
5 35 17 6
5 38 20 14
5 39 9 9
5 42 5 16
5 46 13 15
5 48 10 18
6 5 0 13
6 8 17 19
6 9 14 19
6 12 9 18
6 18 9 2
6 26 9 0
6 29 6 13
6 33 2 10
6 37 18 16
6 40 16 5
6 41 6 11
6 44 17 10
7 1 8 12
7 3 9 16
7 6 7 20
7 9 14 13
7 18 7 7
7 22 4 8
7 41 11 3
7 43 12 9
7 45 1 4
8 2 17 6
8 20 18 11
8 33 15 20
8 39 10 13
8 47 18 6
9 4 18 10
9 7 19 20
9 14 15 3
9 16 11 19
9 19 16 0
9 32 0 18
9 35 16 16
9 36 5 16
9 40 10 3
9 41 19 12
9 46 12 4
10 3 1 16
10 11 8 9
10 14 2 18
10 15 14 10
10 18 8 14
10 19 17 17
10 21 6 0
10 34 11 14
10 36 17 4
10 43 2 17
10 48 19 14
11 10 2 2
11 12 11 12
11 18 3 1
11 26 18 17
11 33 20 5
11 36 8 15
11 43 14 17
11 48 4 19
12 1 14 12
12 14 6 9
12 39 18 0
12 43 19 20
12 46 5 4
13 1 7 19
13 3 18 10
13 6 2 9
13 7 20 11
13 8 18 14
13 16 6 19
13 17 14 14
13 20 4 9
13 26 11 15
13 37 0 16
13 43 2 13
13 46 15 18
14 0 0 0
14 3 14 15
14 6 3 8
14 17 8 4
14 20 20 7
14 24 11 8
14 26 15 16
14 30 12 17
14 33 14 14
14 38 9 14
14 40 18 4
14 41 4 10
14 44 19 19
14 47 16 5
14 48 8 12
14 49 11 20
15 3 5 20
15 11 13 18
15 12 13 15
15 18 1 12
15 20 2 9
15 21 14 9
15 30 9 9
15 31 2 13
15 36 17 16
15 46 17 1
16 0 0 17
16 18 20 8
16 19 17 0
16 34 18 10
16 36 6 15
16 45 0 2
16 48 18 10
17 4 13 9
17 24 9 15
17 28 1 14
17 29 17 3
17 31 3 11
17 32 1 9
17 39 9 14
17 43 10 15
17 44 4 6
17 47 1 0
17 48 3 5
18 2 19 18
18 3 11 18
18 8 9 6
18 11 6 5
18 12 12 3
18 13 18 19
18 14 1 7
18 20 18 6
18 23 5 4
18 30 0 18
18 35 7 16
18 42 12 12
18 47 19 3
19 0 7 16
19 3 0 19
19 4 11 4
19 9 6 6
19 11 0 6
19 13 10 9
19 14 16 1
19 20 2 3
19 21 1 1
19 25 11 2
19 26 3 4
19 29 10 2
19 37 20 17
19 45 1 16
20 5 13 11
20 24 14 3
20 26 10 15
20 39 9 3
20 46 13 9
21 4 5 12
21 5 12 7
21 6 11 14
21 9 9 4
21 16 1 8
21 28 12 18
21 32 15 18
21 33 14 0
21 37 4 15
21 41 18 6
21 45 8 5
21 47 9 4
22 1 9 18
22 5 19 13
22 6 3 3
22 24 12 14
22 25 10 0
22 33 4 0
22 45 8 15
22 49 3 6
23 2 20 13
23 3 20 15
23 6 14 10
23 16 19 6
23 17 18 8
23 34 10 14
23 47 3 14
24 2 9 5
24 6 14 5
24 7 12 20
24 11 19 9
24 19 16 4
24 30 3 15
25 11 12 5
25 15 2 14
25 17 10 6
25 23 5 4
25 27 6 13
25 30 13 12
25 34 16 6
25 38 11 10
25 41 3 15
25 42 7 18
25 43 4 6
25 44 6 3
26 1 16 15
26 5 18 15
26 15 19 6
26 20 1 19
26 24 17 1
26 30 2 5
26 38 18 5
26 40 8 19
26 48 14 10
27 5 6 8
27 25 15 9
27 32 4 6
27 36 13 15
27 39 1 9
27 44 10 14
28 4 14 7
28 12 7 3
28 19 3 5
28 31 2 16
28 34 8 6
28 48 14 2
29 5 14 11
29 12 5 5
29 14 19 13
29 35 11 3
29 40 13 1
29 41 18 12
29 44 11 8
29 47 10 12
30 1 18 5
30 8 14 15
30 30 17 5
30 32 18 18
30 36 13 16
30 42 19 17
30 46 13 19
30 48 2 7
31 3 16 16
31 5 5 7
31 7 11 9
31 28 17 16
31 31 17 5
31 36 4 1
31 41 16 1
31 43 19 1
32 3 16 5
32 5 20 18
32 19 13 6
32 20 17 19
32 25 6 17
32 26 1 3
32 34 11 5
32 42 6 2
32 44 17 18
32 45 18 19
32 47 2 1
32 48 0 20
33 0 12 0
33 2 2 19
33 11 0 19
33 12 19 18
33 19 19 19
33 23 2 19
33 26 4 1
33 30 12 12
33 35 8 14
33 38 2 7
33 40 15 0
33 48 1 9
34 0 0 9
34 2 12 20
34 6 3 11
34 9 20 14
34 40 6 12
34 44 1 18
35 1 10 14
35 3 15 8
35 10 7 16
35 26 10 3
35 32 20 0
35 40 6 4
35 45 10 14
35 47 16 5
36 0 16 12
36 8 18 5
36 9 17 17
36 12 11 16
36 32 19 0
36 33 14 10
36 43 4 1
36 45 18 13
36 48 18 20
36 49 2 14
37 0 4 3
37 12 1 3
37 13 11 15
37 16 6 17
37 17 4 3
37 18 15 8
37 34 4 2
37 39 8 6
37 41 19 16
37 46 16 5
37 47 6 14
37 49 13 6
38 4 18 18
38 5 13 18
38 7 11 17
38 15 12 16
38 16 1 5
38 19 11 17
38 29 20 3
38 34 20 9
38 36 18 18
38 48 0 13
39 3 4 16
39 5 5 10
39 11 13 2
39 13 3 13
39 14 8 5
39 15 12 9
39 17 20 5
39 22 16 4
39 26 9 17
39 28 4 7
39 31 11 15
39 32 16 14
39 35 11 10
40 1 15 3
40 10 15 9
40 14 20 17
40 16 18 15
40 29 19 14
40 31 15 3
40 32 12 0
40 34 3 3
40 35 1 12
40 40 20 5
40 43 20 4
41 12 0 11
41 15 1 1
41 23 11 12
41 25 7 8
41 26 12 15
41 34 1 10
41 37 19 11
41 43 6 16
41 44 19 1
42 1 6 9
42 3 10 10
42 7 7 11
42 9 1 4
42 10 16 14
42 12 11 15
42 14 11 15
42 21 11 14
42 29 19 7
42 44 18 6
42 45 16 10
42 48 10 5
43 0 11 5
43 2 0 11
43 4 20 6
43 5 0 13
43 17 2 20
43 18 2 9
43 20 19 16
43 28 13 10
43 30 6 9
43 34 16 17
43 35 4 15
43 39 6 14
43 40 17 1
43 47 5 20
43 49 1 19
44 7 7 2
44 23 18 17
44 26 5 11
44 28 20 19
44 29 18 5
44 33 17 0
44 34 7 8
44 35 4 17
44 36 1 1
44 37 4 15
45 3 0 13
45 5 1 2
45 6 15 10
45 7 3 2
45 10 15 19
45 12 14 16
45 15 18 10
45 16 7 0
45 23 2 9
45 31 4 14
45 32 17 5
45 34 9 0
45 36 19 18
45 38 13 3
45 39 15 9
45 41 15 11
45 48 14 6
46 0 5 19
46 3 7 4
46 7 14 13
46 15 3 12
46 17 2 10
46 26 12 9
46 35 5 16
46 37 18 19
46 41 4 11
46 45 0 17
46 46 12 12
46 48 1 11
46 49 6 14
47 8 1 3
47 13 2 5
47 21 0 20
47 24 1 15
47 27 19 11
47 34 15 6
47 36 18 19
47 38 14 7
47 47 4 16
48 5 16 15
48 6 1 12
48 7 17 14
48 9 15 15
48 13 9 9
48 15 7 11
48 18 8 0
48 22 18 20
48 23 5 9
48 24 10 13
48 26 15 18
48 48 4 20
48 49 18 10
49 2 12 17
49 11 6 20
49 13 13 17
49 18 0 11
49 31 15 2
49 32 13 7
49 47 17 8
