50
2
0 1 10 12
0 2 19 15
0 5 8 15
0 6 10 2
0 8 4 20
0 10 6 0
0 21 4 20
0 23 4 5
0 25 20 9
0 37 3 2
0 40 13 16
1 3 19 13
1 6 10 19
1 16 20 5
1 23 17 18
1 24 12 4
1 29 6 4
1 31 8 20
1 35 17 20
1 36 5 8
1 37 13 15
1 43 7 13
1 44 8 15
1 45 15 0
2 2 0 2
2 3 16 11
2 8 2 19
2 15 4 2
2 19 15 1
2 24 13 10
2 27 10 3
2 28 12 11
2 31 13 3
2 33 4 18
2 39 15 15
2 40 17 20
2 43 4 18
3 0 4 2
3 8 0 5
3 9 19 20
3 13 0 15
3 17 15 9
3 18 12 20
3 22 11 15
3 24 14 10
3 27 9 4
3 40 6 5
3 45 16 20
4 12 0 17
4 13 18 3
4 22 6 2
4 28 6 4
4 29 10 14
4 31 7 4
4 36 9 11
4 38 18 20
4 39 7 3
4 44 15 1
4 48 13 17
5 0 4 0
5 5 16 2
5 10 13 11
5 11 13 0
5 22 19 14
5 29 18 19
5 32 18 2
5 37 6 6
5 43 3 2
5 48 2 4
6 2 13 1
6 5 12 7
6 7 3 18
6 8 2 4
6 12 12 16
6 14 19 18
6 20 1 6
6 25 13 8
6 29 11 14
6 31 0 14
6 36 12 13
6 39 5 14
7 1 20 18
7 2 3 17
7 3 17 3
7 5 8 3
7 6 6 9
7 12 17 18
7 17 10 10
7 28 11 10
7 39 15 0
7 43 17 6
7 49 14 14
8 1 12 2
8 3 17 5
8 9 11 6
8 11 10 15
8 47 2 20
8 49 2 10
9 0 1 13
9 3 14 8
9 9 3 8
9 10 20 13
9 12 4 4
9 15 15 6
9 18 13 16
9 21 3 16
9 22 2 20
9 24 16 9
9 28 6 10
9 40 18 4
9 45 5 14
9 49 6 16
10 14 14 1
10 29 20 9
10 33 14 2
10 37 14 3
10 48 15 9
11 0 14 14
11 11 5 6
11 13 20 8
11 15 18 17
11 27 16 19
11 28 12 0
11 35 0 10
11 43 9 18
12 0 11 18
12 2 5 0
12 3 19 16
12 8 20 1
12 11 3 20
12 14 20 2
12 21 7 20
12 27 18 8
12 29 11 11
12 34 1 12
12 35 5 0
12 47 14 0
13 3 20 20
13 4 18 1
13 5 10 7
13 6 14 20
13 12 18 8
13 16 12 0
13 17 10 15
13 20 0 5
13 30 2 6
13 33 16 14
13 36 11 10
13 37 17 1
13 41 2 7
13 44 4 8
14 0 2 6
14 2 18 5
14 3 13 19
14 12 7 20
14 13 11 1
14 15 11 12
14 18 15 1
14 22 17 4
14 23 13 5
14 25 17 2
14 27 12 12
14 29 18 19
14 31 19 11
14 37 20 11
14 43 12 2
14 47 1 0
15 3 5 20
15 5 18 0
15 13 0 6
15 16 19 7
15 19 16 14
15 21 3 9
15 39 6 15
15 44 7 6
15 49 11 16
16 1 11 12
16 4 15 9
16 5 19 5
16 9 14 19
16 13 7 11
16 24 4 2
16 27 17 13
16 29 18 14
16 34 5 1
17 0 1 12
17 7 12 6
17 11 5 16
17 15 10 16
17 21 17 12
17 24 13 2
17 27 3 3
17 32 10 19
17 34 6 1
17 38 13 20
17 39 5 6
17 40 10 16
17 42 3 13
17 43 16 19
17 47 13 5
17 49 12 11
18 7 6 0
18 12 7 2
18 13 19 11
18 14 18 16
18 15 20 2
18 25 6 10
18 31 4 9
18 32 7 1
18 34 2 0
18 46 16 9
19 1 16 14
19 4 3 0
19 7 5 20
19 8 17 12
19 17 20 17
19 23 4 1
19 31 15 11
19 34 20 13
19 40 0 13
19 43 13 7
19 48 15 1
20 0 1 20
20 7 15 9
20 10 6 7
20 17 4 12
20 20 18 7
20 21 7 6
20 29 12 7
20 49 10 1
21 3 10 5
21 5 2 7
21 8 3 8
21 19 2 11
21 21 13 14
21 24 4 13
21 26 2 4
21 28 19 0
21 33 0 13
21 40 2 20
21 43 14 11
21 45 3 14
21 46 10 3
22 10 3 15
22 12 10 15
22 13 15 4
22 24 6 12
22 35 10 13
22 47 2 2
23 0 0 11
23 3 2 5
23 5 13 18
23 12 18 3
23 13 15 2
23 16 5 12
23 26 7 14
23 29 4 2
23 32 0 6
23 34 16 4
23 35 2 5
23 36 8 11
23 44 6 19
23 47 15 15
24 2 1 12
24 9 8 9
24 11 20 13
24 32 20 18
24 43 8 3
24 44 12 9
25 0 8 4
25 3 20 9
25 6 18 18
25 15 19 0
25 17 2 6
25 19 8 3
25 23 17 1
25 26 19 3
25 27 7 1
25 33 11 20
25 35 18 19
25 40 3 6
25 47 3 20
26 25 7 8
26 27 18 8
26 41 18 5
26 49 11 4
27 2 11 20
27 11 0 19
27 12 1 2
27 13 7 6
27 15 8 4
27 20 8 17
27 41 16 16
28 1 3 0
28 5 8 0
28 10 15 20
28 11 4 8
28 12 10 1
28 16 2 16
28 19 0 8
28 22 5 11
28 29 15 1
28 32 5 3
28 36 19 17
28 39 3 19
28 43 2 0
29 5 5 18
29 8 0 1
29 9 3 3
29 13 20 16
29 26 6 13
29 28 12 20
29 33 7 11
29 43 14 18
29 46 16 3
30 0 20 1
30 7 4 12
30 12 11 14
30 14 7 6
30 18 10 8
30 23 16 8
30 33 18 7
30 38 0 12
30 39 16 19
30 43 17 0
30 44 8 3
30 46 1 5
30 47 12 13
30 48 12 9
31 7 2 1
31 8 13 11
31 13 14 13
31 16 13 12
31 19 18 16
31 22 18 4
31 23 0 11
31 33 20 9
31 35 20 4
31 36 13 12
31 39 18 10
31 43 14 5
31 44 10 15
32 1 20 10
32 5 15 12
32 11 1 0
32 18 1 17
32 21 4 11
32 24 20 13
32 27 9 0
32 31 7 12
32 35 14 17
32 41 6 14
32 45 13 18
33 0 14 19
33 14 6 5
33 17 1 20
33 25 19 14
33 27 8 17
33 34 0 16
33 36 4 17
33 38 1 5
33 44 3 1
34 0 15 15
34 4 6 10
34 7 12 5
34 8 4 8
34 11 3 20
34 12 9 20
34 13 14 4
34 14 6 8
34 19 12 3
34 21 20 10
34 25 12 13
34 32 10 20
34 36 8 17
34 37 18 11
34 41 7 9
34 42 17 4
34 46 4 16
35 0 0 1
35 5 18 9
35 6 12 10
35 10 1 16
35 13 1 17
35 18 7 19
35 19 11 19
35 27 5 19
35 31 12 8
35 37 1 19
35 42 1 9
35 45 4 7
35 48 5 16
36 0 14 17
36 15 1 8
36 23 18 19
36 31 3 15
37 2 16 18
37 4 6 1
37 10 8 0
37 11 0 10
37 18 14 13
37 19 18 2
37 26 10 2
37 27 8 12
37 36 16 9
37 44 2 7
37 45 12 16
37 47 8 1
38 5 0 7
38 6 1 10
38 7 4 0
38 8 18 9
38 15 5 0
38 18 6 2
38 19 12 8
38 23 0 18
38 31 1 4
38 35 1 20
38 40 17 4
38 41 16 0
38 43 11 9
38 49 0 20
39 4 6 16
39 8 19 11
39 11 5 18
39 17 1 14
39 19 6 9
39 20 19 3
39 21 1 17
39 23 9 11
39 31 6 4
39 34 7 13
39 36 1 14
39 41 7 2
39 45 11 4
39 46 3 14
39 47 5 7
39 49 8 18
40 24 1 17
40 33 8 14
40 35 7 20
41 2 13 9
41 7 9 20
41 16 12 12
41 26 16 16
41 38 6 1
41 39 9 20
41 45 14 5
42 0 14 18
42 8 15 2
42 9 19 6
42 12 1 11
42 13 3 3
42 14 1 6
42 15 5 10
42 20 4 7
42 22 20 9
42 24 3 13
42 25 16 12
42 38 8 9
42 41 16 5
42 44 19 4
43 0 9 1
43 2 8 0
43 3 3 17
43 6 15 12
43 13 1 19
43 14 4 15
43 25 1 8
43 27 18 11
43 29 17 0
43 34 18 18
43 36 0 6
43 37 14 3
43 42 12 18
44 8 20 6
44 11 4 9
44 17 0 13
44 22 0 15
44 29 4 9
44 38 3 11
44 43 13 14
45 4 0 18
45 6 5 4
45 7 1 11
45 8 1 16
45 22 13 12
45 23 12 17
45 27 19 2
45 28 19 4
45 30 9 0
45 41 10 1
45 42 7 4
45 47 14 9
45 48 1 14
46 3 6 8
46 12 16 3
46 15 3 3
46 38 18 19
46 42 17 5
46 44 19 6
47 0 3 12
47 11 16 18
47 17 16 5
47 18 8 7
47 24 0 10
47 30 16 7
47 32 11 0
47 35 2 7
47 37 19 18
47 38 13 12
47 43 9 18
48 1 16 15
48 3 12 13
48 15 10 7
48 16 12 20
48 18 3 3
48 23 13 14
48 28 5 18
48 37 1 13
48 43 13 15
48 44 0 12
48 45 7 10
48 47 2 20
49 3 1 9
49 6 3 1
49 10 9 15
49 12 0 17
49 14 8 3
49 17 13 5
49 18 10 15
49 33 4 15
49 35 6 16
49 42 20 6
49 44 11 19
49 47 18 5
