50
2
0 1 16 8
0 6 0 4
0 12 7 13
0 14 13 17
0 15 18 7
0 24 4 3
0 40 7 20
0 46 18 2
1 3 10 9
1 10 2 19
1 16 1 1
1 17 7 11
1 20 11 7
1 21 0 8
1 30 10 16
1 39 7 13
1 45 13 4
2 0 4 18
2 2 15 9
2 5 6 2
2 11 14 5
2 12 16 2
2 16 14 20
2 21 14 10
2 33 16 0
2 35 11 9
2 38 3 2
2 49 9 7
3 10 9 20
3 15 16 0
3 17 2 18
3 21 14 15
3 22 18 11
3 23 15 13
3 28 0 4
3 29 7 11
3 32 4 8
3 36 4 11
3 38 11 11
3 41 13 4
4 4 17 17
4 8 0 3
4 11 8 7
4 13 9 19
4 17 9 18
4 18 14 15
4 31 18 1
4 33 8 2
4 38 1 8
4 44 20 2
4 48 14 0
5 3 7 7
5 4 3 8
5 6 19 0
5 11 5 12
5 15 4 11
5 23 0 3
5 46 12 0
6 3 6 18
6 14 9 10
6 15 4 19
6 25 10 0
6 27 19 15
6 31 20 10
6 33 0 20
6 44 12 15
6 45 13 3
7 1 1 3
7 4 14 8
7 6 7 4
7 7 10 19
7 8 14 18
7 16 3 10
7 20 3 18
7 26 7 18
7 29 0 16
7 36 3 11
8 19 10 7
8 21 20 0
8 22 1 8
8 32 19 14
8 33 3 19
8 34 4 10
8 35 11 9
8 40 1 18
8 42 17 14
8 44 11 7
8 46 17 7
9 13 18 15
9 17 17 13
9 39 16 18
9 40 16 4
9 45 10 6
9 47 17 10
9 48 4 19
10 12 16 9
10 19 18 1
10 28 11 3
10 29 10 20
10 40 17 3
10 41 12 17
10 43 19 8
10 46 13 5
10 47 5 9
11 4 10 17
11 8 18 10
11 24 13 15
11 27 19 11
11 35 9 14
11 38 7 8
11 45 2 16
12 1 1 17
12 4 20 6
12 13 10 12
12 23 3 0
12 25 11 9
12 27 4 9
12 30 19 1
12 33 19 3
12 34 6 14
12 35 4 9
12 39 8 11
12 40 7 10
12 42 1 19
12 49 8 0
13 1 19 17
13 2 11 9
13 7 6 6
13 15 8 5
13 16 9 14
13 17 1 1
13 22 13 8
13 25 18 6
13 26 20 2
13 28 18 12
13 35 14 10
13 39 11 15
13 41 0 4
13 42 18 5
13 43 20 13
13 46 13 17
13 48 10 15
14 1 11 5
14 3 19 1
14 5 4 11
14 8 1 0
14 18 14 8
14 20 8 5
14 22 17 8
14 23 10 0
14 25 5 3
14 43 17 7
15 13 17 19
15 14 6 12
15 23 20 18
15 31 6 13
16 1 3 0
16 23 9 11
16 28 20 9
16 35 14 19
16 37 12 0
17 4 18 13
17 5 0 14
17 14 16 4
17 17 13 0
17 18 2 8
17 24 14 7
17 29 3 5
17 31 6 14
17 36 15 0
17 37 3 14
17 39 15 1
17 42 7 6
17 45 16 9
17 48 6 7
18 1 12 14
18 3 6 4
18 7 8 7
18 9 9 18
18 11 3 4
18 17 9 15
18 28 0 9
18 31 16 20
18 32 17 9
18 35 6 14
18 39 12 18
18 44 11 19
18 48 16 6
19 4 13 11
19 5 3 7
19 6 3 0
19 8 18 12
19 32 17 18
19 49 1 12
20 2 20 14
20 3 16 0
20 4 19 2
20 5 1 10
20 9 19 5
20 11 7 0
20 12 5 12
20 15 16 1
20 17 10 1
20 18 15 19
20 20 0 12
20 23 12 4
20 25 17 0
20 27 2 12
20 38 0 19
21 33 0 7
22 7 10 1
22 10 5 15
22 16 18 8
22 29 8 0
22 30 6 0
22 36 5 4
22 43 18 5
22 48 19 8
23 31 1 7
23 37 10 0
23 47 19 12
24 9 18 11
24 12 12 7
24 17 0 7
24 22 2 2
24 23 8 5
24 31 0 16
24 41 9 2
24 45 0 9
25 3 1 17
25 5 13 13
25 16 8 2
25 17 6 4
25 20 12 5
25 21 3 12
25 31 14 8
25 35 10 10
25 36 6 12
25 37 0 9
25 41 3 0
25 47 14 20
26 10 19 2
26 14 10 16
26 17 3 14
26 18 15 12
26 19 14 15
26 21 8 14
26 22 14 7
26 24 11 5
26 26 14 8
26 31 2 2
27 1 3 17
27 2 8 5
27 18 19 6
27 47 19 16
28 1 5 3
28 18 20 17
28 32 7 14
28 35 6 4
28 38 9 0
28 42 19 7
28 46 3 9
29 4 13 3
29 6 16 4
29 14 12 9
29 17 5 1
29 18 19 0
29 36 8 19
29 40 11 19
29 45 6 12
30 1 9 18
30 4 14 13
30 5 0 10
30 10 5 10
30 14 0 12
30 15 13 10
30 17 13 18
30 20 18 20
30 23 18 13
30 26 3 12
30 32 10 3
30 35 8 16
30 39 1 3
30 41 20 19
30 43 6 19
31 3 6 11
31 11 18 19
31 20 6 19
31 33 11 15
31 49 5 1
32 4 14 3
32 13 11 5
32 14 10 1
32 15 9 6
32 19 16 17
32 22 15 9
32 28 2 3
32 30 1 1
32 32 15 20
32 34 10 0
33 0 19 9
33 2 1 2
33 4 5 13
33 10 11 17
33 11 6 9
33 18 5 9
33 22 19 18
33 24 2 10
33 27 18 3
33 28 17 15
33 29 18 19
33 30 1 8
33 32 19 9
33 33 0 16
33 34 19 1
33 35 16 4
33 39 16 0
33 42 15 17
33 45 1 1
34 2 6 0
34 5 8 20
34 13 18 19
34 22 20 9
34 23 17 9
34 25 16 4
34 26 4 5
34 37 9 18
34 46 16 5
34 49 15 18
35 8 2 16
35 14 11 1
35 15 3 20
35 18 10 8
35 31 19 14
35 33 2 11
35 34 19 11
35 36 8 18
35 48 14 18
35 49 9 14
36 3 13 18
36 7 6 6
36 8 6 19
36 11 20 1
36 12 4 20
36 17 17 6
36 21 10 11
36 25 5 18
36 28 20 2
36 29 12 3
36 32 7 10
36 35 4 11
36 37 8 14
36 42 18 3
36 46 17 1
37 4 2 14
37 5 6 8
37 8 9 5
37 9 2 4
37 17 12 17
37 18 16 15
37 24 15 8
37 25 7 17
37 28 0 11
37 33 8 18
37 35 12 20
37 39 10 1
38 2 4 3
38 4 15 13
38 16 16 17
38 18 11 4
38 19 12 6
38 22 20 15
38 28 1 8
38 32 9 13
38 41 9 12
38 45 19 20
38 46 10 8
39 1 9 17
39 4 4 10
39 5 16 16
39 16 0 6
39 18 20 3
39 31 13 0
39 35 5 17
39 38 3 4
39 40 17 9
39 44 4 9
39 47 8 6
40 3 2 5
40 5 0 1
40 9 0 17
40 12 13 12
40 16 8 15
40 17 10 10
40 19 19 6
40 26 14 5
40 36 17 14
40 37 10 15
40 38 19 4
40 49 20 19
41 3 16 15
41 11 19 4
41 14 14 14
41 19 2 8
41 20 17 0
41 36 18 18
41 40 11 14
41 47 11 9
41 48 16 20
42 5 10 13
42 17 0 16
42 28 8 16
42 29 5 12
42 43 7 5
42 44 18 13
42 46 0 1
42 47 20 17
43 6 17 8
43 13 8 11
43 19 2 16
43 22 19 8
43 25 11 19
43 27 2 1
43 32 12 10
43 35 0 14
43 37 11 10
43 41 19 17
43 43 19 8
44 1 5 20
44 2 16 1
44 6 16 3
44 8 7 13
44 10 13 13
44 18 16 18
44 23 2 4
44 24 2 6
44 28 6 12
44 29 16 0
44 39 18 9
44 44 7 19
44 45 9 0
45 8 12 7
45 12 19 13
45 15 7 4
45 19 3 0
45 20 18 12
45 22 4 14
45 32 3 5
45 37 4 16
45 40 16 18
45 45 11 13
45 46 11 4
46 0 17 5
46 4 18 18
46 5 7 16
46 6 13 10
46 7 0 18
46 10 13 4
46 20 18 20
46 24 0 4
46 26 17 8
46 29 20 7
46 36 9 1
46 37 12 0
47 0 15 14
47 9 13 4
47 15 8 0
47 16 4 19
47 19 12 2
47 20 6 1
47 40 4 1
47 43 5 2
47 46 0 11
48 1 9 20
48 4 3 7
48 7 19 9
48 8 1 3
48 13 3 8
48 15 18 4
48 17 6 6
48 20 14 18
48 22 16 7
48 25 18 8
48 29 6 15
48 30 16 11
48 39 14 12
48 46 0 6
49 3 14 1
49 5 0 18
49 15 11 13
49 23 10 1
49 27 13 15
49 28 1 5
49 30 11 13
49 35 10 18
49 36 14 4
49 38 10 10
49 47 3 16
