50
2
0 17 9 13
0 18 5 11
0 21 17 0
0 23 10 13
0 24 4 3
0 29 8 17
0 35 13 4
0 37 16 4
0 39 13 2
0 40 13 12
0 42 8 3
0 45 4 14
0 47 20 4
1 7 10 17
1 10 18 9
1 11 11 15
1 16 16 14
1 19 8 3
1 25 7 12
1 29 14 18
1 33 2 5
1 36 19 1
1 43 15 6
1 45 12 0
1 48 17 8
1 49 7 1
2 1 13 20
2 10 9 15
2 13 16 17
2 18 13 16
2 26 13 14
2 28 13 9
2 35 8 10
2 36 12 0
2 39 15 14
2 45 5 18
2 46 0 8
3 7 13 5
3 13 14 18
3 29 18 4
3 37 14 4
3 42 7 12
4 1 9 19
4 16 2 19
4 21 4 20
4 23 18 10
4 24 20 13
4 25 17 19
4 30 9 13
4 40 19 20
4 43 13 20
4 48 13 8
5 3 14 0
5 4 6 10
5 13 14 16
5 14 0 13
5 16 8 15
5 20 9 19
5 22 6 12
5 24 11 11
5 36 8 9
5 38 10 0
5 45 16 13
6 1 5 20
6 9 1 20
6 11 11 1
6 12 1 2
6 15 14 5
6 20 16 14
6 24 14 0
6 27 16 13
6 30 0 18
6 35 11 9
6 41 8 14
7 18 8 5
7 24 17 9
7 26 0 10
7 37 1 11
7 41 9 7
7 45 10 6
7 48 19 9
7 49 20 14
8 0 16 7
8 2 8 18
8 6 16 0
8 12 7 11
8 16 3 19
8 19 18 13
8 24 14 0
8 30 19 8
8 31 2 16
8 33 6 0
8 36 11 10
8 44 9 5
8 46 7 17
8 47 15 8
8 48 7 19
8 49 0 16
9 1 17 7
9 6 0 2
9 7 20 5
9 8 11 1
9 9 7 13
9 16 19 7
9 19 6 5
9 21 0 2
9 26 17 8
9 34 17 19
9 37 10 0
9 42 7 7
10 1 11 7
10 14 20 18
10 16 13 4
10 22 15 0
10 27 4 3
10 32 8 20
10 35 13 11
10 36 15 9
10 37 8 10
10 38 3 8
11 19 18 11
11 23 9 11
11 36 9 17
11 38 11 19
11 41 12 18
11 43 14 12
12 0 14 16
12 5 11 11
12 6 8 6
12 10 10 7
12 14 3 7
12 17 2 14
12 19 6 18
12 21 16 11
12 32 3 19
12 48 16 6
13 0 11 12
13 2 19 18
13 19 6 4
13 23 5 9
13 25 10 2
13 40 0 12
13 42 5 15
13 44 15 6
14 16 2 4
14 20 4 8
14 27 14 7
14 39 10 16
14 46 0 14
14 48 11 13
15 3 4 10
15 7 1 16
15 15 7 13
15 16 11 16
15 17 12 17
15 29 10 8
15 36 6 13
15 37 2 19
15 41 10 10
15 47 1 18
15 48 0 0
16 4 10 15
16 5 8 4
16 9 9 10
16 11 0 19
16 20 13 16
16 22 12 17
16 27 13 15
16 30 13 14
16 31 10 11
16 32 9 20
16 36 6 16
16 46 14 4
17 13 12 3
17 16 5 14
17 19 16 18
17 24 8 14
17 28 3 16
17 32 3 12
17 34 1 19
17 35 15 17
17 37 19 20
17 44 4 7
17 45 18 2
17 47 5 14
18 0 2 8
18 3 6 10
18 4 12 3
18 12 6 9
18 13 9 17
18 17 13 16
18 20 10 0
18 23 1 12
18 28 19 16
18 30 2 1
18 36 0 10
18 40 10 14
18 42 0 18
18 43 0 11
19 3 14 1
19 4 18 9
19 23 3 1
19 36 9 10
19 37 1 0
19 39 20 1
20 9 16 7
20 16 5 2
20 17 16 6
20 23 16 10
20 24 8 15
20 25 19 14
20 26 1 9
20 28 3 16
20 32 19 18
20 33 14 19
20 42 0 5
20 47 11 17
21 4 3 15
21 6 0 4
21 23 19 2
21 25 18 9
21 41 1 19
21 48 1 0
22 5 13 9
22 12 6 16
22 14 20 8
22 20 4 12
22 22 1 1
22 25 8 5
22 26 2 2
22 27 14 18
22 28 6 7
22 35 15 6
22 37 1 1
22 39 2 1
22 41 14 10
23 1 18 4
23 11 8 19
23 12 7 0
23 17 7 5
23 23 9 7
23 35 11 16
23 37 17 12
23 38 2 14
23 40 2 18
23 43 11 17
23 49 19 9
24 4 7 11
24 7 18 10
24 10 4 7
24 12 16 17
24 13 14 0
24 19 12 0
24 21 12 1
24 22 3 18
24 25 9 4
24 29 7 0
24 31 17 7
24 35 1 13
24 45 13 7
24 46 14 19
25 3 1 2
25 8 16 0
25 11 20 5
25 12 8 4
25 19 1 1
25 20 5 11
25 28 1 4
25 30 15 5
25 31 14 5
25 33 16 6
25 42 5 20
25 49 4 13
26 2 20 8
26 6 3 12
26 13 7 2
26 15 9 2
26 16 11 12
26 17 10 7
26 27 2 15
26 28 16 4
26 29 14 0
26 43 20 14
27 0 14 9
27 17 6 10
27 22 14 3
27 27 2 7
27 40 4 17
27 43 18 8
27 46 11 10
28 6 14 5
28 9 8 6
28 12 17 14
28 13 8 20
28 19 14 6
28 20 8 7
28 26 15 8
28 30 0 2
28 32 4 2
28 38 19 18
28 46 16 20
29 4 12 0
29 9 4 1
29 11 19 7
29 16 20 13
29 17 9 17
29 20 0 15
29 23 20 17
29 28 10 9
29 31 0 7
29 37 2 3
29 42 20 19
29 43 0 10
29 46 15 1
30 4 19 2
30 5 8 0
30 12 7 13
30 14 20 11
30 18 6 7
30 19 11 20
30 21 17 2
30 26 2 11
30 28 13 10
30 29 9 6
30 36 12 7
30 49 3 4
31 11 17 4
31 23 13 5
31 36 10 17
31 38 2 10
31 40 19 12
31 48 16 12
32 7 19 14
32 8 11 15
32 9 15 11
32 12 15 10
32 18 15 13
32 25 1 8
32 28 0 3
32 31 15 3
32 36 20 17
32 38 7 4
32 39 10 13
32 40 7 12
32 45 7 11
32 48 15 16
32 49 18 5
33 3 4 20
33 6 6 9
33 12 13 9
33 14 1 2
33 19 17 1
33 21 18 12
33 26 9 0
33 32 2 7
33 36 4 15
34 1 0 12
34 6 4 11
34 16 1 10
34 26 8 10
34 27 0 7
34 31 17 17
34 34 6 20
34 37 4 8
34 43 14 11
35 0 7 20
35 2 12 13
35 6 9 10
35 11 16 14
35 21 14 7
35 27 19 4
35 28 12 7
35 30 19 2
36 2 3 2
36 4 9 7
36 10 20 12
36 11 3 5
36 16 6 10
36 35 5 11
36 38 3 12
36 39 18 9
36 41 4 5
36 44 10 12
36 48 15 0
37 1 19 8
37 10 17 9
37 14 2 3
37 15 4 16
37 19 14 1
37 21 10 9
37 23 11 13
37 24 14 20
37 25 1 5
37 26 8 11
37 28 15 6
37 30 12 6
37 34 11 19
37 37 2 15
37 42 4 11
37 43 5 0
37 45 3 0
37 46 13 11
38 1 15 7
38 11 4 14
38 15 17 5
38 22 12 0
38 23 7 10
38 24 3 11
38 27 2 14
38 28 14 19
38 35 20 3
38 37 2 18
38 38 2 4
38 39 13 8
38 44 6 10
38 46 16 14
38 47 12 14
39 0 8 12
39 8 18 10
39 12 11 20
39 18 13 7
39 27 6 7
39 37 20 5
39 48 4 16
39 49 7 12
40 1 15 12
40 5 5 18
40 7 4 9
40 17 10 18
40 36 8 0
40 37 6 17
40 38 11 1
40 43 6 20
40 47 10 7
41 0 16 18
41 7 12 19
41 16 13 19
41 20 12 12
41 22 4 7
41 23 4 1
41 24 5 0
41 25 7 8
41 28 20 4
41 29 13 19
41 31 12 7
41 35 3 12
41 48 1 10
42 0 10 2
42 1 7 2
42 6 0 14
42 11 7 5
42 17 14 6
42 31 4 2
42 34 0 5
42 42 7 12
42 44 16 12
42 47 16 10
43 3 1 9
43 9 14 2
43 21 2 12
43 22 19 13
43 38 20 15
43 39 9 1
43 40 19 13
43 45 11 17
43 49 0 8
44 0 10 10
44 1 10 0
44 10 20 8
44 11 7 4
44 24 13 0
44 32 14 14
44 35 17 9
44 37 4 8
45 5 20 1
45 6 14 13
45 21 3 16
45 27 16 10
45 29 6 8
45 31 5 0
45 32 4 15
45 37 16 4
45 49 4 10
46 0 3 2
46 6 4 2
46 16 3 5
46 20 7 3
46 29 14 11
46 30 16 2
46 34 7 19
46 39 3 1
47 2 14 5
47 4 4 14
47 13 2 12
47 18 0 3
47 21 2 1
47 29 15 8
47 31 7 16
47 33 13 13
47 40 3 15
47 44 9 15
47 45 14 15
47 46 17 1
48 5 15 12
48 7 8 1
48 12 8 10
48 22 1 19
48 24 10 10
48 30 16 3
48 31 12 11
48 35 14 2
48 40 0 1
48 42 10 19
48 48 13 15
49 1 15 1
49 2 9 18
49 8 13 2
49 9 16 4
49 12 2 4
49 21 15 5
49 23 2 8
49 26 1 19
49 27 15 6
49 30 4 5
49 35 7 3
49 48 7 1
