50
2
0 7 11 3
0 11 14 15
0 18 1 6
0 30 0 17
0 32 15 12
0 33 18 18
0 34 18 4
0 35 19 6
0 38 20 8
0 39 1 16
0 41 5 10
0 42 7 14
0 43 4 8
1 0 3 15
1 10 4 4
1 11 14 1
1 19 5 2
1 24 0 10
1 27 15 4
1 29 15 20
1 45 10 14
1 48 5 12
2 7 1 0
2 8 3 1
2 12 4 4
2 13 6 15
2 26 11 1
2 29 18 4
2 39 12 19
3 1 18 18
3 3 15 13
3 17 17 7
3 18 10 0
3 20 9 15
3 23 9 7
3 27 14 18
4 3 0 1
4 10 11 12
4 12 19 11
4 13 20 3
4 14 19 11
4 15 14 15
4 17 14 10
4 27 18 10
4 28 9 20
4 29 3 20
4 38 1 3
4 39 12 20
4 44 17 1
4 45 12 18
4 49 13 8
5 0 14 9
5 5 12 9
5 6 4 14
5 10 19 17
5 16 6 16
5 17 15 2
5 22 4 13
5 35 8 16
5 45 4 4
5 47 5 11
6 6 18 7
6 7 17 16
6 26 5 18
6 29 13 7
6 32 8 3
6 33 10 5
6 42 5 3
6 48 4 20
7 0 7 15
7 1 6 11
7 12 2 19
7 26 7 2
7 27 6 18
7 37 14 12
7 42 14 18
8 2 0 1
8 6 15 5
8 15 1 7
8 17 14 9
8 18 20 19
8 35 15 2
8 47 3 8
8 48 4 17
9 1 2 17
9 7 16 0
9 11 0 7
9 16 13 11
9 27 19 7
9 42 5 10
9 44 9 2
10 0 13 7
10 2 1 11
10 5 7 1
10 9 5 12
10 13 16 4
10 15 6 11
10 30 6 15
10 32 4 10
10 33 14 16
10 38 7 0
10 41 5 18
10 44 4 10
10 47 0 18
10 48 10 4
11 0 5 5
11 4 4 14
11 6 8 9
11 7 3 6
11 21 14 0
11 23 18 8
11 25 1 5
11 28 16 1
11 36 10 13
11 41 1 18
12 0 9 9
12 11 15 7
12 16 12 13
12 18 11 0
12 23 2 3
12 36 8 7
13 0 12 13
13 4 18 6
13 5 2 2
13 14 2 7
13 17 1 0
13 19 1 19
13 28 19 3
13 39 3 11
13 43 18 0
13 45 20 18
14 8 17 12
14 9 4 17
14 10 3 19
14 17 8 20
14 29 16 11
14 32 19 17
14 33 11 3
14 35 9 8
14 47 18 20
15 0 7 13
15 6 1 15
15 7 7 9
15 10 3 4
15 12 3 15
15 16 10 11
15 25 4 11
15 28 18 0
15 34 18 12
15 35 2 14
15 36 11 2
15 42 19 11
15 45 19 2
15 46 18 7
16 4 10 16
16 7 20 13
16 11 12 13
16 16 1 10
16 22 0 1
16 32 10 13
16 33 17 2
17 0 16 16
17 2 11 13
17 6 9 19
17 13 20 19
17 21 9 3
17 26 12 9
17 29 14 15
17 30 6 2
17 34 20 4
17 37 11 3
17 40 11 20
17 46 8 3
18 11 5 3
18 15 0 3
18 23 5 0
18 29 19 7
18 38 5 6
18 39 16 1
18 45 18 2
19 0 0 4
19 4 16 9
19 8 10 10
19 9 8 7
19 13 2 14
19 14 12 6
19 20 2 15
19 22 17 0
19 28 12 10
19 29 9 15
19 33 9 19
19 43 0 11
20 8 16 15
20 12 14 0
20 13 15 17
20 16 13 14
20 19 8 2
20 32 6 1
20 34 6 14
21 0 7 15
21 1 14 18
21 6 1 5
21 28 18 4
21 29 17 0
21 32 11 12
21 40 10 10
21 44 14 12
21 45 0 17
22 3 20 13
22 4 19 17
22 12 7 10
22 14 12 6
22 18 2 4
22 27 3 19
22 31 20 8
22 32 4 0
22 33 2 13
22 34 10 5
22 46 9 13
22 47 14 15
22 48 2 16
22 49 2 12
23 1 19 17
23 4 16 11
23 13 6 11
23 18 2 0
23 23 9 10
23 24 18 20
23 28 19 11
23 38 6 6
23 39 3 1
23 43 7 16
23 46 17 6
24 1 7 11
24 3 3 8
24 9 11 9
24 10 20 9
24 12 2 11
24 24 4 4
24 25 1 17
24 40 17 17
24 41 16 2
24 45 20 8
25 16 11 8
25 22 10 12
25 28 19 9
25 30 5 16
25 49 13 20
26 3 2 5
26 22 11 8
26 33 5 7
26 34 6 15
26 40 8 3
26 43 2 5
26 46 16 14
26 47 17 20
26 49 1 0
27 4 15 7
27 5 3 8
27 7 14 16
27 8 3 17
27 10 13 14
27 22 14 2
27 26 2 1
27 34 6 8
27 36 16 0
27 46 7 18
27 49 20 5
28 3 1 16
28 9 6 18
28 11 2 3
28 15 20 10
28 16 9 7
28 17 11 2
28 29 17 14
28 33 2 1
28 49 0 1
29 1 9 0
29 25 15 6
29 32 20 4
29 33 10 7
29 39 11 7
29 41 20 16
29 46 9 10
30 10 16 2
30 13 8 19
30 20 10 2
30 37 9 0
30 42 17 14
30 44 11 12
30 49 7 2
31 7 14 1
31 8 6 1
31 9 19 16
31 15 15 19
31 16 1 13
31 25 17 10
31 29 4 20
31 30 2 10
31 32 12 4
31 39 0 18
31 40 16 15
31 48 16 4
32 2 20 0
32 3 14 1
32 9 2 6
32 11 10 0
32 12 18 15
32 15 15 12
32 18 16 18
32 21 7 14
32 23 18 14
32 27 0 19
32 28 13 5
32 38 1 16
32 44 10 8
33 7 11 18
33 12 8 15
33 13 10 2
33 34 11 20
34 1 7 7
34 2 13 18
34 4 0 17
34 7 18 8
34 17 3 0
34 21 19 6
34 36 7 6
34 37 8 1
34 43 4 18
34 46 7 17
34 49 16 16
35 10 7 1
35 13 10 0
35 24 6 20
35 26 14 8
35 29 16 7
35 31 0 11
35 35 3 3
35 38 11 18
36 0 6 5
36 14 10 14
36 15 14 16
36 21 3 11
36 24 8 17
36 26 12 14
36 30 3 7
36 38 7 14
36 44 13 10
37 4 2 6
37 5 0 16
37 8 5 7
37 14 12 0
37 17 17 18
37 30 2 18
37 32 20 13
37 40 17 2
37 47 12 14
38 0 11 2
38 5 11 17
38 13 6 1
38 20 0 2
38 28 0 4
38 31 4 8
38 41 1 12
39 18 4 16
39 25 6 19
39 26 1 13
39 27 12 16
39 31 8 2
39 32 4 19
39 33 7 10
39 36 18 9
39 47 8 7
40 1 2 19
40 3 2 18
40 6 6 0
40 10 19 12
40 23 12 12
40 35 1 2
40 38 14 18
40 40 15 6
40 43 11 13
40 44 1 14
41 0 0 5
41 7 0 1
41 16 18 3
41 17 9 20
41 19 13 19
41 23 15 9
41 27 15 3
41 37 10 12
41 42 16 19
41 44 1 10
42 6 19 19
42 9 15 0
42 13 5 3
42 14 1 18
42 15 8 9
42 23 3 5
42 25 8 3
42 33 8 14
42 39 12 9
43 9 19 9
43 23 18 10
43 26 10 12
43 29 17 4
43 35 15 7
43 37 7 1
43 40 9 18
43 46 6 5
43 47 17 4
43 48 8 14
43 49 0 10
44 2 15 15
44 11 6 13
44 14 1 9
44 15 12 17
44 18 4 20
44 19 20 8
44 21 18 5
44 22 13 5
44 23 1 7
44 26 8 2
44 27 5 4
44 29 7 4
44 37 12 5
44 38 7 1
44 39 12 16
44 41 18 9
44 43 13 4
44 44 17 15
45 3 5 15
45 6 9 6
45 9 8 11
45 10 18 5
45 14 2 20
45 37 6 17
45 40 15 12
45 41 20 20
45 46 16 11
46 18 7 10
46 20 3 10
46 22 7 9
46 23 3 15
46 25 17 16
46 27 20 4
46 36 10 3
46 38 13 20
46 47 8 15
46 48 14 12
47 4 2 3
47 5 9 14
47 6 12 2
47 8 9 4
47 10 15 9
47 15 19 1
47 17 4 12
47 18 9 17
47 23 7 1
47 25 9 17
47 28 15 3
47 32 12 11
47 39 0 10
47 45 13 11
47 47 14 2
47 49 16 15
48 5 15 1
48 7 14 1
48 8 5 12
48 9 17 0
48 12 3 10
48 17 15 13
48 20 14 8
48 25 9 1
48 28 1 9
48 30 19 5
48 31 11 13
48 48 2 8
49 7 4 14
49 8 2 7
49 12 8 0
49 14 15 6
49 25 9 9
49 29 7 3
49 42 19 7
