50
2
0 1 3 4
0 9 8 4
0 10 1 3
0 13 13 5
0 15 1 2
0 16 1 4
0 21 10 6
0 25 2 10
0 32 17 11
0 38 20 14
0 42 3 14
0 44 9 18
0 49 19 19
1 0 0 6
1 7 9 13
1 11 9 2
1 18 8 2
1 22 15 20
1 28 18 9
1 44 9 9
2 0 10 20
2 5 8 19
2 6 17 18
2 9 12 11
2 16 10 16
2 20 15 10
2 32 8 12
2 37 0 6
2 40 4 18
3 4 18 6
3 5 9 17
3 8 12 12
3 10 12 20
3 15 7 5
3 19 7 6
3 24 1 3
3 27 3 0
3 34 14 20
3 39 13 20
4 2 18 4
4 14 15 20
4 19 11 13
4 26 0 3
4 33 4 12
4 37 20 18
4 44 4 14
4 46 9 12
4 47 11 10
4 49 19 16
5 3 13 20
5 9 19 19
5 11 17 3
5 15 18 1
5 19 3 18
5 20 17 7
5 22 4 10
5 28 11 16
5 30 10 14
5 32 17 1
5 41 13 10
6 1 1 15
6 2 11 12
6 6 14 1
6 7 15 14
6 10 16 9
6 12 3 19
6 18 6 9
6 23 3 1
6 29 11 16
6 33 8 9
6 42 17 20
6 47 16 4
6 48 13 2
7 7 16 6
7 8 18 17
7 14 5 13
7 17 12 9
7 21 4 20
7 27 13 3
7 36 13 14
7 39 2 4
7 43 17 3
7 44 18 14
7 45 6 14
8 2 20 16
8 25 16 8
8 27 8 1
8 31 9 2
8 32 10 7
8 33 9 16
8 37 5 5
8 38 9 18
8 43 0 7
8 46 8 19
9 2 11 8
9 5 4 12
9 11 5 2
9 14 9 6
9 16 2 15
9 18 7 16
9 33 1 20
9 45 0 0
9 47 4 3
10 8 8 7
10 9 2 20
10 14 11 10
10 15 7 18
10 16 1 16
10 32 12 20
10 33 5 4
10 36 0 14
10 41 3 8
11 4 6 7
11 8 0 13
11 38 10 16
11 39 5 15
11 41 10 5
11 43 2 4
11 44 0 10
12 2 10 1
12 9 8 11
12 13 3 5
12 16 17 19
12 19 0 0
12 38 17 13
12 47 16 13
12 48 18 0
13 9 15 12
13 13 15 10
13 15 19 1
13 16 13 4
13 19 4 18
13 29 6 5
13 30 4 11
13 48 20 15
13 49 15 1
14 6 20 3
14 13 16 15
14 17 15 2
14 22 16 12
14 26 16 13
14 30 7 5
14 31 4 14
14 33 12 12
14 35 10 11
14 36 14 9
14 46 15 11
15 6 1 5
15 12 11 19
15 13 10 7
15 27 5 13
15 29 1 18
15 33 1 2
15 36 1 0
15 38 12 19
15 46 3 6
16 2 0 8
16 3 17 4
16 4 17 19
16 8 16 5
16 9 16 16
16 13 9 10
16 20 4 20
16 22 17 4
16 23 7 5
16 26 2 9
16 31 11 6
16 36 20 17
16 38 20 20
16 41 18 5
16 42 17 17
16 43 8 0
16 49 9 20
17 2 14 17
17 7 1 5
17 8 2 2
17 11 15 15
17 13 4 13
17 22 0 15
17 28 4 4
17 43 14 1
17 45 10 9
18 14 9 7
18 17 10 1
18 25 10 17
18 33 0 10
18 34 17 5
18 45 6 11
18 49 15 9
19 0 16 13
19 1 15 9
19 3 6 19
19 9 4 19
19 15 4 19
19 18 3 11
19 26 4 9
19 27 19 8
19 30 2 8
19 31 19 16
19 33 6 7
19 35 1 18
19 40 1 6
19 41 20 4
19 43 6 2
19 47 13 6
20 3 14 0
20 6 17 18
20 7 3 3
20 17 14 5
20 18 9 10
20 36 2 2
20 37 2 4
20 39 4 1
20 40 10 6
20 49 12 13
21 2 8 18
21 12 7 8
21 14 14 15
21 23 10 4
21 26 15 17
21 28 8 18
21 29 5 11
21 31 6 10
21 36 2 0
21 39 3 18
21 45 17 20
21 47 12 2
22 2 4 18
22 4 11 9
22 11 0 9
22 15 11 13
22 17 2 4
22 18 16 13
22 23 13 6
22 24 13 8
22 31 7 2
22 40 4 20
22 41 20 6
23 6 14 1
23 9 5 8
23 23 17 8
23 25 3 6
23 29 6 1
23 49 5 15
24 6 7 14
24 8 6 19
24 13 1 19
24 25 20 3
24 33 2 17
24 38 7 16
24 43 1 6
24 49 14 18
25 1 3 1
25 3 18 13
25 4 9 8
25 7 14 15
25 11 9 18
25 14 0 9
25 15 3 20
25 16 15 14
25 20 20 1
25 31 20 6
25 34 18 6
25 37 9 11
25 42 8 17
25 43 15 17
25 47 20 14
26 0 11 17
26 8 3 7
26 17 7 9
26 19 12 16
26 26 15 7
26 29 19 17
26 30 0 16
26 32 0 15
26 34 16 7
26 35 3 16
27 1 13 15
27 7 5 0
27 8 1 11
27 9 13 11
27 11 14 12
27 14 13 7
27 20 5 18
27 21 3 0
27 28 19 12
27 33 17 13
27 35 20 19
27 39 16 7
27 45 13 16
28 8 19 8
28 9 12 3
28 18 6 7
28 19 2 10
28 21 7 6
28 37 14 1
28 39 19 12
28 43 7 9
28 44 18 8
29 4 16 9
29 7 11 14
29 12 1 13
29 18 3 3
29 22 5 20
29 23 11 18
29 25 6 12
29 26 20 19
29 30 11 6
29 34 2 2
30 8 5 8
30 9 14 17
30 19 18 16
30 28 5 17
30 30 5 5
30 31 19 17
30 45 3 17
31 0 4 17
31 2 18 19
31 6 7 11
31 12 15 18
31 24 13 17
31 25 3 11
31 28 19 6
31 29 7 10
31 31 6 6
31 34 0 10
31 37 5 12
31 38 13 5
31 49 16 7
32 5 13 11
32 8 18 13
32 10 3 17
32 18 7 20
32 28 11 9
32 29 16 11
32 38 8 20
32 44 1 18
33 0 4 10
33 3 10 18
33 10 13 19
33 12 5 13
33 17 0 16
33 24 8 10
33 25 11 20
33 26 2 9
33 31 16 10
33 33 16 19
33 36 2 15
33 41 10 19
33 42 3 7
33 45 3 1
34 1 6 12
34 16 17 9
34 28 4 3
34 34 6 19
34 40 7 17
34 43 12 11
34 45 7 7
34 47 5 4
34 49 7 4
35 1 11 1
35 13 19 0
35 17 3 8
35 33 0 10
35 37 14 2
35 39 16 8
35 40 2 8
35 45 0 20
35 49 19 0
36 2 10 16
36 3 9 12
36 5 6 11
36 8 7 0
36 10 1 4
36 14 17 17
36 21 9 13
36 29 2 10
36 30 10 14
36 31 8 15
36 36 16 18
36 40 12 4
36 45 7 11
36 47 3 1
37 5 12 20
37 9 10 8
37 10 11 15
37 17 6 3
37 19 10 3
37 31 20 6
37 35 17 17
37 42 17 3
37 47 4 1
37 48 4 5
38 8 16 7
38 9 7 18
38 13 11 17
38 15 1 17
38 20 9 15
38 21 6 14
38 27 18 9
38 31 17 16
38 32 18 17
38 39 4 9
38 47 6 2
39 1 6 3
39 5 7 0
39 12 20 19
39 16 3 8
39 19 18 2
39 20 10 20
39 26 14 19
39 28 12 20
39 34 11 16
39 36 4 20
39 40 14 17
39 41 3 14
39 46 20 7
40 2 9 1
40 5 13 3
40 6 15 9
40 10 19 9
40 14 6 13
40 16 5 6
40 17 12 15
40 22 0 3
40 27 4 18
40 30 18 5
40 31 15 14
40 32 18 4
40 36 8 11
40 40 18 20
40 42 14 15
40 45 12 20
40 47 5 0
41 1 17 13
41 2 2 10
41 10 13 16
41 17 4 2
41 20 16 7
41 26 8 8
41 28 19 18
41 34 2 8
41 37 5 5
41 44 20 12
41 45 17 14
41 47 3 6
42 4 3 5
42 5 5 9
42 15 9 15
42 19 5 10
42 39 0 12
43 0 11 15
43 9 2 16
43 12 11 12
43 23 3 18
43 30 11 15
43 42 6 5
44 4 4 15
44 8 9 16
44 12 18 20
44 17 13 10
44 24 20 3
44 26 1 18
44 46 9 15
44 48 8 13
45 0 7 11
45 9 0 8
45 10 9 8
45 12 7 16
45 18 10 2
45 19 16 5
45 28 3 20
45 35 7 15
45 38 12 10
46 0 17 10
46 5 20 1
46 9 11 13
46 12 16 13
46 19 8 2
46 21 9 15
46 23 6 13
46 24 13 7
46 27 1 15
46 28 20 8
46 29 5 2
46 35 8 5
46 44 5 4
46 47 17 2
47 0 13 9
47 2 6 5
47 4 2 2
47 5 8 3
47 15 11 8
47 18 2 4
47 21 4 8
47 23 16 11
47 31 19 13
47 38 10 10
47 40 10 8
47 44 8 7
47 45 0 3
48 6 18 14
48 9 16 11
48 15 14 11
48 19 2 2
48 21 14 2
48 36 15 15
48 39 20 14
48 41 5 11
48 47 19 6
48 48 19 10
49 17 6 1
49 19 13 12
49 21 8 7
49 26 13 1
49 35 5 2
49 41 0 10
49 43 5 15
49 47 11 10
49 48 18 11
