50
2
0 1 11 19
0 2 8 8
0 7 18 14
0 8 0 19
0 14 14 1
0 18 19 0
0 21 20 2
0 23 0 13
0 24 13 12
0 27 8 7
0 30 18 6
0 43 5 20
0 49 2 7
1 1 16 1
1 5 3 15
1 16 10 14
1 22 3 7
1 23 12 19
1 26 0 20
1 38 18 6
1 42 6 4
1 46 15 17
2 5 0 16
2 7 2 15
2 10 6 6
2 15 3 20
2 16 14 18
2 17 9 16
2 18 7 16
2 24 9 12
2 33 16 16
2 40 11 14
2 43 14 7
2 44 15 0
3 4 0 18
3 5 6 4
3 13 1 12
3 43 9 6
3 45 10 8
3 46 7 4
4 2 11 5
4 8 3 14
4 14 13 10
4 22 16 13
4 24 19 3
4 32 4 0
4 36 13 4
4 39 4 13
4 45 6 17
5 10 10 20
5 14 20 11
5 16 16 6
5 17 15 9
5 19 16 13
5 20 9 4
5 22 18 6
5 30 13 2
5 38 10 5
5 39 6 7
5 40 7 2
5 41 19 1
5 46 10 10
6 28 14 20
6 29 9 4
6 36 18 11
6 45 18 9
6 48 5 7
7 0 16 20
7 5 12 5
7 8 15 19
7 14 20 14
7 25 2 2
7 35 12 3
7 43 6 17
7 48 9 9
8 7 6 13
8 11 1 13
8 17 6 6
8 27 15 9
8 29 19 7
8 38 15 18
8 42 6 11
9 2 18 5
9 5 12 3
9 9 11 0
9 15 18 3
9 18 10 13
9 19 17 12
9 21 7 17
9 27 0 20
9 35 13 6
9 36 3 19
9 37 6 13
9 44 7 11
9 45 0 9
10 0 2 14
10 1 12 3
10 2 15 14
10 3 10 16
10 11 0 10
10 13 18 1
10 17 2 11
10 18 17 0
10 21 3 11
10 32 4 7
10 33 12 14
10 34 11 14
10 35 5 7
10 37 2 19
10 38 7 6
10 39 11 4
10 41 1 2
10 42 13 16
10 46 5 14
10 47 11 17
11 2 9 17
11 22 13 1
11 23 11 13
11 26 17 9
11 39 9 9
11 42 19 0
11 45 13 13
11 46 10 12
12 0 16 13
12 1 16 12
12 3 7 20
12 5 20 11
12 16 16 6
12 19 8 18
12 28 17 17
12 31 15 15
12 37 14 12
12 46 1 11
13 0 4 5
13 6 14 13
13 10 20 8
13 14 1 0
13 19 5 12
13 26 16 5
13 28 19 12
13 35 13 11
13 41 14 16
13 42 4 18
13 44 10 5
14 2 20 14
14 6 13 2
14 9 13 7
14 10 19 20
14 15 11 10
14 18 20 15
14 22 12 10
14 28 6 3
14 34 16 15
14 40 1 3
14 42 4 20
14 45 3 16
15 6 2 5
15 7 20 10
15 8 13 16
15 11 8 12
15 12 13 14
15 13 2 20
15 16 16 2
15 31 6 19
15 32 2 11
15 38 16 16
15 40 5 9
15 46 17 6
15 47 2 6
16 2 12 16
16 3 2 7
16 18 6 10
16 23 3 17
16 27 17 0
16 32 13 10
16 33 15 12
16 34 5 17
17 3 7 7
17 5 1 13
17 6 18 2
17 8 14 1
17 12 10 8
17 21 1 3
17 35 3 9
17 37 18 7
17 42 17 13
17 44 15 8
18 0 12 15
18 3 6 2
18 4 5 20
18 5 12 5
18 7 10 1
18 9 12 7
18 10 7 0
18 11 12 5
18 12 13 18
18 14 10 0
18 20 3 11
18 23 0 4
18 35 2 13
18 41 5 20
18 42 9 15
18 44 10 3
18 47 16 1
19 3 20 5
19 8 19 4
19 21 14 17
19 37 4 2
19 42 14 9
19 43 3 6
19 48 0 3
19 49 19 9
20 12 9 20
20 25 2 1
20 26 4 19
20 28 16 10
20 31 19 20
20 38 18 15
20 39 19 1
20 48 20 3
20 49 13 14
21 7 11 17
21 10 5 14
21 34 11 0
21 43 0 2
21 46 18 11
22 3 17 10
22 7 2 2
22 8 15 4
22 15 1 5
22 21 9 17
22 23 1 17
22 25 19 16
22 26 11 1
22 31 14 4
22 34 7 0
22 41 13 12
22 45 1 7
23 0 18 12
23 1 4 15
23 2 13 11
23 3 11 1
23 6 15 12
23 16 14 18
23 17 13 18
23 21 5 11
23 26 14 6
23 31 5 2
23 34 12 15
23 36 2 14
24 8 15 15
24 9 14 0
24 17 9 7
24 18 9 19
24 20 5 13
24 28 16 14
24 37 3 18
24 38 3 6
24 42 11 15
25 5 11 7
25 23 19 17
25 26 3 16
25 29 4 6
25 33 13 9
26 9 14 7
26 11 12 20
26 17 12 10
26 19 2 9
26 20 12 17
26 27 0 6
26 33 8 7
26 35 16 8
26 37 19 9
26 38 11 16
27 0 9 17
27 11 14 10
27 14 2 11
27 25 14 8
27 33 0 2
27 49 14 4
28 11 1 10
28 39 18 7
28 48 12 3
29 0 15 12
29 1 10 13
29 3 0 16
29 6 6 4
29 8 9 12
29 13 20 14
29 22 0 3
29 29 2 13
29 37 17 5
29 40 11 16
30 2 10 9
30 6 10 14
30 12 12 18
30 16 13 11
30 25 1 16
30 29 15 7
30 31 6 12
30 35 14 12
30 46 2 11
31 1 11 12
31 10 18 15
31 18 2 8
31 21 13 4
31 30 16 13
31 37 20 14
31 43 16 16
31 44 6 5
31 49 18 18
32 0 11 0
32 11 17 20
32 13 11 16
32 16 5 8
32 17 2 0
32 20 5 17
32 30 9 11
32 31 15 12
32 33 15 16
32 42 3 13
32 44 16 10
32 45 16 12
32 48 4 1
33 9 6 20
33 13 14 3
33 14 16 14
33 18 16 1
33 23 9 6
33 31 9 10
33 35 13 17
33 37 8 20
33 40 15 20
33 48 9 5
34 4 9 7
34 5 9 16
34 9 4 14
34 10 12 0
34 13 17 3
34 15 16 5
34 17 8 1
34 20 16 4
34 27 13 12
34 34 14 7
34 36 8 13
34 37 13 20
34 47 9 10
34 49 2 4
35 0 7 5
35 6 16 5
35 7 11 17
35 10 17 18
35 13 17 1
35 16 14 15
35 27 12 11
35 33 16 2
35 34 4 3
35 35 1 18
35 36 7 5
35 37 10 12
35 40 1 15
35 48 15 8
36 1 18 14
36 9 16 15
36 13 19 8
36 20 15 10
36 25 4 10
36 29 15 18
36 41 7 10
36 43 17 15
36 44 13 10
37 8 3 7
37 12 17 6
37 18 20 3
37 30 5 1
37 33 19 7
37 38 9 5
37 48 3 19
38 8 14 5
38 19 19 7
38 20 9 7
38 27 12 19
38 37 1 0
38 45 15 12
38 49 15 0
39 1 6 1
39 3 3 16
39 18 8 0
39 19 8 4
39 21 16 11
39 36 7 3
39 49 18 9
40 1 5 4
40 8 8 3
40 12 13 1
40 13 5 5
40 19 20 11
40 20 4 8
40 21 2 12
40 22 1 5
40 25 17 6
40 27 12 7
40 31 16 8
40 32 2 2
40 34 7 13
40 40 11 13
40 41 18 17
40 43 11 2
41 3 17 14
41 4 5 6
41 6 20 10
41 13 19 17
41 16 0 0
41 20 3 5
41 26 5 16
41 31 14 19
41 33 6 1
41 46 13 18
42 0 7 11
42 2 1 10
42 7 5 18
42 12 18 13
42 13 12 9
42 16 7 16
42 18 19 5
42 20 16 20
42 21 3 6
42 24 2 0
42 26 5 11
42 29 4 12
42 31 1 8
42 43 4 1
42 49 5 6
43 9 18 1
43 11 16 5
43 13 9 17
43 15 13 4
43 23 19 8
43 24 8 6
43 27 13 18
43 29 4 4
43 31 18 7
43 43 11 6
44 7 18 18
44 9 0 18
44 17 18 9
44 29 6 17
44 33 1 5
44 38 11 3
45 8 15 7
45 17 18 19
45 20 14 5
45 22 7 8
45 26 16 5
45 29 9 0
45 30 19 14
45 33 19 17
45 40 2 6
46 6 14 2
46 8 7 2
46 15 1 0
46 22 0 3
46 27 0 18
46 30 4 1
46 38 4 20
46 49 7 11
47 6 8 0
47 11 4 4
47 19 16 12
47 34 3 1
47 41 19 12
47 46 8 8
48 0 14 17
48 7 2 10
48 14 16 0
48 16 10 9
48 23 10 1
48 36 20 4
49 4 19 4
49 6 18 7
49 12 11 7
49 14 9 10
49 16 1 16
49 27 0 18
49 30 5 2
49 39 14 4
49 41 13 18
49 44 4 11
49 45 0 11
49 49 12 8
