50
2
0 1 11 13
0 5 9 6
0 16 9 14
0 23 4 3
0 34 13 7
0 38 4 20
1 3 10 10
1 4 4 16
1 10 12 8
1 16 3 7
1 20 15 1
1 23 1 17
1 26 5 14
1 27 19 19
1 40 8 7
1 43 17 7
2 2 5 13
2 6 8 0
2 8 10 0
2 16 8 12
2 25 10 10
2 34 5 14
2 42 10 2
2 43 10 7
2 44 6 9
2 49 20 17
3 8 19 15
3 9 6 1
3 16 4 10
3 29 14 4
3 36 2 18
3 37 8 0
3 43 5 7
4 6 9 9
4 8 18 15
4 9 14 11
4 15 20 8
4 28 4 12
4 29 17 15
4 30 17 8
4 46 2 8
4 48 5 16
5 3 18 2
5 4 18 19
5 9 11 10
5 20 18 6
5 23 19 1
5 24 20 10
5 38 19 10
5 39 18 19
6 1 18 14
6 4 13 13
6 14 6 5
6 15 4 0
6 24 17 14
6 32 16 13
6 43 11 2
6 45 19 5
7 1 13 14
7 16 20 9
7 24 19 16
7 28 4 15
7 30 18 13
7 38 18 13
7 39 8 7
8 1 3 17
8 5 18 18
8 7 2 13
8 13 8 20
8 14 2 9
8 15 15 7
8 16 19 7
8 40 7 19
8 43 5 5
8 45 13 12
8 49 10 13
9 5 0 13
9 6 7 6
9 9 10 10
9 10 20 18
9 30 16 12
9 45 1 16
9 46 5 1
10 6 4 14
10 8 10 4
10 10 19 11
10 19 2 20
10 27 3 8
10 33 10 7
10 39 1 8
11 31 8 9
11 35 14 4
11 37 2 16
11 39 3 19
11 40 14 7
11 49 10 19
12 1 13 0
12 3 16 13
12 7 1 15
12 22 6 17
12 32 10 15
12 38 19 7
12 45 12 14
12 46 14 2
12 47 4 8
13 5 11 19
13 11 5 16
13 15 2 20
13 17 13 18
13 18 12 8
13 22 1 16
13 24 1 16
13 25 6 8
13 29 2 16
13 39 13 18
13 41 8 1
13 44 19 13
14 5 4 12
14 6 5 6
14 7 15 19
14 11 6 16
14 22 8 19
14 30 0 7
14 33 5 9
14 34 8 15
14 38 9 17
14 44 4 2
15 1 14 19
15 2 5 14
15 11 2 8
15 31 4 18
15 39 18 5
15 41 7 13
16 0 2 10
16 3 20 15
16 15 15 14
16 35 4 19
16 37 14 8
16 43 12 3
16 44 3 18
17 0 13 9
17 1 18 5
17 5 2 6
17 8 18 2
17 13 14 18
17 14 3 1
17 18 5 8
17 21 13 14
17 28 17 17
17 32 8 8
17 33 17 9
17 44 11 6
17 48 2 16
18 5 3 12
18 12 18 13
18 21 11 13
18 23 15 17
18 41 7 10
18 42 19 0
19 4 14 17
19 11 10 14
19 14 3 7
19 16 12 6
19 23 9 16
19 24 15 0
19 27 4 2
19 28 13 14
19 35 7 1
19 39 14 2
19 43 12 19
19 49 14 4
20 14 6 20
20 21 9 4
20 23 11 0
20 25 6 17
20 27 11 13
20 28 0 11
20 34 6 5
20 35 15 17
20 36 15 10
20 38 16 9
20 42 6 0
21 2 13 14
21 9 10 2
21 14 12 18
21 17 0 12
21 22 0 17
21 23 4 17
21 32 5 5
21 33 14 14
21 37 0 11
21 38 18 12
21 39 4 15
22 7 4 12
22 9 12 15
22 17 0 5
22 25 20 10
22 30 14 16
22 31 6 17
22 34 9 3
22 42 18 0
22 43 3 4
23 8 4 7
23 11 1 17
23 14 18 15
23 24 6 15
23 26 3 9
23 39 14 14
23 41 9 11
24 2 14 19
24 9 10 2
24 20 13 0
24 22 11 3
24 29 8 20
24 40 8 9
24 46 4 19
25 8 18 9
25 22 20 7
25 23 7 0
25 24 8 7
25 27 2 17
25 30 19 0
25 31 1 9
25 32 4 18
25 36 5 7
25 37 7 14
25 39 1 13
25 40 0 14
25 42 4 0
25 43 17 4
26 13 10 3
26 15 12 3
26 16 0 14
26 24 2 13
26 29 9 3
26 33 4 2
26 37 11 1
26 39 3 20
26 46 19 18
27 14 20 4
27 19 11 13
27 20 17 18
27 21 10 6
27 22 8 2
27 23 12 9
27 26 5 0
27 29 2 14
27 31 4 9
27 32 11 17
27 33 16 17
27 34 14 8
27 38 2 19
27 39 6 15
27 42 19 7
27 43 15 14
28 0 17 19
28 2 18 9
28 4 5 0
28 5 19 4
28 6 6 6
28 10 16 19
28 15 10 18
28 16 20 8
28 17 2 9
28 23 0 19
28 25 17 15
28 26 3 18
28 28 1 20
28 29 10 11
28 31 20 13
28 34 9 11
28 36 19 6
28 37 3 8
28 38 5 20
28 43 16 11
28 45 1 9
29 2 10 8
29 7 17 7
29 8 14 15
29 9 14 11
29 21 14 10
29 24 14 2
29 31 2 9
29 37 13 19
29 47 20 20
30 6 0 13
30 7 14 7
30 8 17 4
30 10 15 0
30 13 16 16
30 21 15 9
30 25 18 4
30 32 15 1
30 39 14 3
31 0 3 1
31 4 2 5
31 8 13 9
31 11 2 14
31 18 6 19
31 24 15 16
31 38 20 18
31 42 12 16
31 46 19 13
32 2 6 16
32 4 17 7
32 5 9 8
32 10 8 4
32 15 6 9
32 16 1 1
32 24 6 14
32 27 1 10
32 29 15 12
32 40 1 16
32 41 19 13
32 43 14 8
32 48 6 2
33 4 9 15
33 7 0 14
33 8 5 0
33 11 2 20
33 12 19 17
33 14 3 19
33 19 0 6
33 31 18 12
33 33 16 15
33 36 2 18
33 38 3 10
33 39 8 18
33 41 0 1
33 42 3 0
34 5 2 19
34 6 15 11
34 11 11 20
34 12 5 7
34 20 15 5
34 22 19 6
34 25 17 16
34 27 1 0
34 31 6 1
34 45 9 8
34 48 12 5
35 2 7 17
35 4 10 8
35 7 9 2
35 8 10 18
35 20 1 13
35 23 11 10
35 35 20 4
35 37 1 8
35 47 19 7
35 48 7 16
36 0 5 0
36 2 9 14
36 3 0 15
36 17 6 10
36 19 2 11
36 22 7 12
36 23 16 17
36 28 11 9
36 30 14 20
36 31 1 13
36 42 19 8
36 48 20 18
37 0 19 5
37 5 11 8
37 7 14 15
37 9 18 0
37 14 6 8
37 15 3 2
37 16 15 5
37 18 8 3
37 19 8 10
37 21 14 8
37 24 2 13
37 28 19 13
37 31 16 11
37 33 15 10
37 38 17 14
38 2 5 20
38 11 4 14
38 23 6 6
38 25 17 20
38 28 4 5
38 40 8 4
38 42 2 2
38 45 17 6
39 0 7 0
39 13 10 5
39 16 5 18
39 19 4 20
39 21 18 1
39 25 17 20
39 44 15 18
39 46 2 12
40 4 14 16
40 6 8 9
40 8 5 15
40 27 3 8
40 32 8 5
40 40 17 13
40 41 5 13
40 42 7 17
40 48 10 8
41 0 11 15
41 2 11 12
41 5 6 1
41 11 2 15
41 24 11 5
41 27 19 0
41 44 2 20
42 0 9 19
42 13 19 15
42 19 15 16
42 22 7 1
42 31 12 17
42 37 17 10
42 39 10 16
43 3 12 16
43 4 3 11
43 7 13 14
43 11 13 6
43 12 6 13
43 14 18 14
43 18 0 7
43 24 20 13
43 25 14 13
43 33 16 14
43 36 5 15
43 40 19 15
43 45 1 15
43 48 10 3
44 1 20 11
44 5 16 10
44 9 7 15
44 11 9 10
44 20 0 14
44 21 7 18
44 24 8 10
44 25 6 7
44 26 4 10
44 29 10 2
44 31 20 1
44 32 2 19
44 33 2 3
44 35 4 6
44 37 18 4
44 43 7 10
44 44 13 19
44 46 11 16
44 49 13 7
45 5 9 14
45 16 2 3
45 26 12 14
45 28 0 3
45 32 14 7
45 36 12 11
45 40 12 12
45 46 6 18
46 1 20 4
46 2 5 8
46 7 18 19
46 8 10 16
46 10 18 6
46 14 5 3
46 15 11 6
46 19 6 3
46 32 16 0
46 36 4 11
46 41 20 0
46 42 19 6
46 43 15 14
46 46 4 16
46 47 3 2
47 10 16 12
47 11 9 18
47 15 9 13
47 16 5 6
47 19 0 16
47 20 7 11
47 32 12 16
47 35 12 13
47 44 18 5
47 49 8 17
48 12 5 9
48 16 12 1
48 21 10 15
48 27 0 10
48 28 14 9
48 31 6 13
48 34 6 20
48 45 6 11
48 49 6 4
49 5 0 20
49 8 16 12
49 18 1 15
49 26 10 8
49 42 11 0
49 47 8 19
