50
2
0 1 6 19
0 6 8 15
0 23 3 3
0 24 9 9
0 25 16 17
0 26 9 16
0 30 18 1
0 40 2 20
0 43 12 20
0 47 1 2
1 7 9 8
1 8 13 3
1 10 15 14
1 13 6 11
1 18 1 17
1 23 0 18
1 26 8 7
1 29 18 16
1 34 13 13
1 38 20 6
1 43 15 7
1 44 16 6
1 47 17 15
1 48 15 5
2 2 7 15
2 9 3 14
2 10 14 16
2 13 8 18
2 14 18 1
2 28 2 15
2 32 1 15
2 35 7 20
2 40 13 3
2 42 2 5
3 15 17 2
3 16 13 13
3 27 8 10
3 28 1 3
3 29 13 17
3 34 0 19
3 42 12 15
3 46 3 3
4 3 14 15
4 4 7 1
4 7 0 5
4 8 4 19
4 19 4 16
4 24 3 2
4 30 11 15
4 32 0 9
4 36 4 8
4 37 5 13
4 40 7 20
4 42 13 1
5 1 0 0
5 7 10 14
5 18 16 18
5 25 9 7
5 26 10 14
5 32 14 8
5 33 12 8
5 34 13 8
5 36 11 14
5 40 18 6
5 42 20 15
5 46 15 0
5 47 6 8
6 5 14 11
6 8 5 13
6 13 18 2
6 18 5 18
6 19 0 20
6 22 8 16
6 34 3 9
6 35 2 20
6 44 16 14
7 0 2 3
7 10 11 15
7 11 8 1
7 14 8 18
7 18 17 4
7 22 5 5
7 28 18 7
7 29 13 0
7 36 5 12
7 37 11 6
7 44 9 11
7 45 13 16
7 47 4 0
7 48 20 9
8 6 18 8
8 12 11 18
8 20 14 10
8 25 10 10
8 30 13 4
8 42 16 13
8 45 11 14
8 46 12 8
8 47 14 2
9 7 6 11
9 8 11 3
9 12 14 15
9 21 5 3
9 24 13 17
9 28 11 2
9 38 11 1
9 40 20 15
10 2 8 20
10 4 12 7
10 14 20 14
10 25 12 15
10 26 16 12
10 33 13 8
10 37 10 15
10 38 7 15
10 49 13 18
11 0 16 11
11 7 0 1
11 17 11 11
11 20 1 18
11 25 5 1
11 30 17 10
11 39 17 1
11 45 3 12
12 1 20 14
12 2 11 3
12 7 13 15
12 14 1 0
12 26 8 9
12 27 10 14
12 28 8 1
12 32 19 20
12 36 13 8
12 41 16 4
12 42 3 5
12 47 19 20
13 1 8 4
13 2 2 1
13 7 16 0
13 9 19 11
13 12 10 14
13 16 19 3
13 21 13 4
13 23 12 9
13 25 5 3
13 30 17 15
13 33 2 4
13 49 8 1
14 9 17 8
14 23 9 2
14 27 19 16
14 30 10 15
14 32 3 6
14 35 8 20
14 41 4 12
14 45 5 9
14 46 8 13
14 47 7 6
14 48 12 11
14 49 6 16
15 1 0 20
15 9 13 3
15 25 9 8
15 26 6 6
15 42 0 16
15 48 17 13
16 0 13 9
16 1 0 3
16 2 5 17
16 16 1 11
16 19 6 7
16 35 10 11
16 43 9 12
16 45 7 14
17 1 7 8
17 2 13 6
17 8 8 19
17 12 16 7
17 13 7 9
17 14 18 14
17 20 3 11
17 21 12 19
17 23 20 2
17 42 8 13
17 43 9 0
17 44 12 20
17 45 5 15
18 3 0 6
18 5 9 9
18 7 12 15
18 14 15 12
18 16 11 20
18 17 11 8
18 22 15 7
18 24 1 15
18 25 20 13
18 27 2 18
18 32 18 0
18 38 13 15
18 43 12 10
18 45 14 5
18 46 6 13
18 49 5 4
19 3 1 10
19 7 3 1
19 8 12 12
19 13 7 12
19 22 1 16
19 24 0 7
19 26 9 7
19 28 6 19
19 30 5 5
19 43 2 0
19 44 7 18
19 48 8 10
20 7 2 15
20 17 17 9
20 20 0 17
20 40 2 6
20 47 8 6
21 3 4 17
21 11 18 0
21 29 9 11
21 35 10 12
21 37 6 6
22 19 20 8
22 24 18 8
22 31 10 17
22 32 6 19
22 34 12 15
22 36 1 5
22 39 2 1
22 45 20 9
23 6 12 7
23 18 2 11
23 21 19 9
23 23 3 11
23 30 15 2
23 45 1 19
23 47 17 19
23 49 5 2
24 2 19 3
24 4 10 10
24 12 6 0
24 14 8 3
24 22 5 10
24 25 3 12
24 33 18 2
24 34 11 3
24 36 6 14
25 4 17 13
25 11 17 18
25 16 20 2
25 26 15 6
25 32 13 9
25 36 9 5
25 37 7 11
25 41 15 0
26 3 12 10
26 5 17 15
26 9 15 10
26 10 12 1
26 11 6 1
26 19 13 18
26 20 3 11
26 25 11 7
26 26 6 8
26 28 20 1
26 30 18 7
26 41 9 8
26 42 13 8
26 45 9 8
27 6 18 14
27 7 1 11
27 8 16 8
27 9 5 8
27 13 16 17
27 16 2 14
27 22 11 10
27 24 6 11
27 27 16 16
27 29 12 0
27 38 12 8
27 41 15 5
28 1 20 8
28 6 2 16
28 7 0 8
28 8 12 0
28 16 4 19
28 29 15 12
28 35 5 13
28 36 7 7
28 39 4 12
29 1 6 10
29 3 19 4
29 7 9 7
29 12 16 3
29 15 18 5
29 24 12 6
29 27 0 7
29 29 4 15
29 32 9 9
29 35 3 7
29 43 19 9
30 0 6 13
30 1 17 15
30 3 8 4
30 6 12 9
30 7 3 2
30 11 17 14
30 13 5 18
30 17 15 6
30 19 20 3
30 20 6 2
30 26 7 17
30 29 17 16
30 30 4 1
30 37 14 14
30 38 5 11
30 42 5 1
30 43 20 10
30 45 6 17
30 46 7 9
30 49 8 17
31 3 7 5
31 6 19 16
31 9 6 12
31 11 3 2
31 24 0 8
31 30 17 9
31 31 16 14
31 33 9 1
31 36 7 2
31 39 0 5
31 46 16 1
32 4 18 6
32 7 2 0
32 10 19 5
32 12 13 0
32 17 13 3
32 22 0 2
32 29 17 16
32 31 19 4
32 36 1 16
32 37 13 7
32 47 14 15
33 1 9 0
33 5 4 18
33 10 13 8
33 20 16 4
33 21 2 20
33 34 11 3
33 35 16 9
33 41 19 12
33 47 12 13
33 49 1 19
34 4 13 14
34 6 5 18
34 7 6 13
34 10 9 16
34 12 0 8
34 15 10 9
34 19 3 0
34 26 10 20
34 31 5 10
34 33 3 18
34 41 11 17
34 44 14 5
35 2 3 2
35 7 13 0
35 11 0 7
35 15 9 20
35 21 11 0
35 36 12 15
35 42 7 5
35 44 6 15
35 45 4 1
36 1 10 12
36 8 1 2
36 14 20 12
36 18 1 19
36 24 4 11
36 26 1 20
36 27 15 1
36 28 7 8
36 29 12 9
36 35 7 3
36 38 16 13
36 45 15 5
37 5 10 12
37 15 11 1
37 17 18 5
37 32 14 14
37 34 15 18
37 35 18 4
38 8 15 11
38 9 11 19
38 11 14 19
38 16 10 10
38 20 20 20
38 21 0 13
38 23 6 7
38 31 19 18
38 47 11 12
38 49 6 4
39 1 3 1
39 6 16 11
39 16 7 16
39 18 12 13
39 21 19 11
39 25 1 10
39 28 10 19
39 36 20 6
39 42 16 8
39 44 18 18
39 48 0 10
40 3 15 1
40 15 6 19
40 16 15 2
40 22 3 10
40 25 16 11
40 26 10 0
40 28 2 4
40 34 17 1
40 41 16 20
40 43 16 10
40 47 0 18
40 48 12 3
40 49 13 10
41 0 10 6
41 6 17 7
41 8 11 11
41 9 20 18
41 15 13 20
41 19 12 9
41 23 9 3
41 28 15 11
41 32 5 18
41 36 0 7
41 42 8 10
42 2 14 2
42 6 1 10
42 10 7 6
42 17 0 2
42 25 16 15
42 26 5 18
42 34 7 17
42 47 14 15
43 3 0 13
43 4 16 6
43 6 17 13
43 8 11 2
43 14 5 16
43 16 16 7
43 20 11 7
43 22 19 10
43 28 13 4
43 44 6 11
44 3 0 19
44 17 17 12
44 20 10 5
44 23 6 16
44 39 3 4
45 3 10 20
45 4 10 19
45 8 16 9
45 9 20 5
45 11 9 9
45 24 13 20
45 29 13 17
45 31 20 3
45 39 1 8
45 40 20 5
46 4 19 0
46 12 18 8
46 20 15 10
46 37 16 4
46 42 18 2
46 49 16 16
47 18 15 10
47 22 16 4
47 24 14 16
47 43 10 19
47 45 17 18
47 46 9 3
47 48 18 14
48 3 15 11
48 11 12 1
48 12 10 11
48 16 14 12
48 22 15 14
48 37 7 18
48 46 16 3
49 3 12 14
49 9 11 6
49 12 6 16
49 13 4 6
49 14 17 3
49 19 0 12
49 20 14 20
49 22 7 9
49 34 10 4
49 44 2 3
49 45 8 11
49 47 2 14
