50
2
0 4 19 1
0 9 2 16
0 10 13 16
0 14 2 14
0 34 14 15
0 45 10 18
0 46 0 9
0 47 15 2
0 49 14 20
1 3 6 20
1 11 4 7
1 12 1 8
1 13 17 7
1 17 20 19
1 18 4 8
1 31 13 10
1 45 20 9
2 3 11 13
2 5 14 2
2 12 11 2
2 15 17 13
2 19 0 13
2 26 10 14
2 34 20 9
2 36 2 0
2 43 11 7
2 49 5 17
3 3 18 12
3 4 16 14
3 32 13 9
3 36 1 5
3 49 3 20
4 4 20 4
4 6 0 15
4 19 19 7
4 20 13 18
4 28 15 0
4 30 5 6
4 39 3 3
4 40 5 3
4 46 19 17
5 1 3 14
5 23 17 16
5 27 5 14
5 36 19 5
5 39 5 12
5 40 0 20
5 44 5 1
6 4 7 8
6 5 2 7
6 16 7 8
6 17 7 3
6 22 9 16
6 34 18 3
6 38 12 4
6 40 12 8
6 47 12 2
7 10 6 17
7 19 11 4
7 27 16 19
7 28 7 11
7 33 20 9
7 41 1 13
8 0 8 7
8 7 16 15
8 15 1 20
8 20 17 10
8 22 14 13
8 31 14 0
8 40 12 8
9 4 2 16
9 5 7 1
9 22 18 7
9 25 17 8
9 28 8 6
9 35 15 0
9 36 15 16
9 37 18 7
9 41 20 19
9 42 13 11
9 45 1 18
9 46 5 5
10 1 6 20
10 7 14 13
10 23 5 17
10 25 19 19
10 38 5 14
10 39 5 0
10 42 11 3
11 10 5 14
11 14 8 18
11 17 13 12
11 34 4 14
11 37 13 16
11 44 18 4
11 47 14 16
12 16 1 4
12 19 18 14
12 22 12 18
12 23 12 7
12 28 19 9
12 31 20 11
12 32 7 16
12 39 1 10
13 3 12 8
13 6 6 16
13 7 16 8
13 8 0 20
13 27 10 7
13 28 1 19
13 35 0 9
13 40 3 12
13 48 0 13
14 0 13 18
14 1 5 16
14 9 8 12
14 15 0 12
14 18 15 1
14 22 14 15
14 23 7 11
14 24 0 18
14 27 3 9
14 33 15 19
14 44 9 12
14 45 17 1
14 48 10 4
15 2 17 13
15 3 17 1
15 5 18 18
15 7 3 14
15 20 0 1
15 24 14 17
15 25 2 4
15 26 8 1
15 29 10 14
15 30 14 20
15 32 6 1
15 33 14 20
16 7 9 9
16 19 6 17
16 23 7 4
16 25 8 5
16 28 7 15
16 36 1 3
16 38 11 17
16 49 4 7
17 0 15 6
17 16 14 15
17 17 16 4
17 25 18 7
17 31 12 2
17 32 14 1
17 37 1 12
17 41 11 20
17 42 13 10
17 47 5 14
17 48 5 10
18 4 9 16
18 11 6 1
18 14 19 18
18 16 2 16
18 25 0 0
18 28 15 4
18 29 9 3
18 41 14 4
18 42 18 4
18 43 6 2
18 46 11 19
18 48 12 10
19 3 2 0
19 5 5 7
19 8 17 11
19 12 10 19
19 19 0 9
19 22 11 0
19 26 7 3
19 37 18 18
19 39 0 14
19 41 10 10
19 45 18 4
20 3 14 18
20 7 4 12
20 13 5 17
20 17 13 18
20 21 18 1
20 27 12 11
20 34 2 16
20 44 20 18
20 47 11 6
21 6 3 16
21 11 5 16
21 13 6 6
21 14 1 9
21 17 20 4
21 23 17 16
21 30 14 16
21 35 4 16
21 41 11 3
21 43 13 1
21 44 18 13
22 3 12 7
22 5 17 17
22 7 9 6
22 15 18 2
22 29 6 13
22 30 7 8
22 43 9 15
23 9 12 9
23 14 7 5
23 17 6 17
23 19 16 19
23 27 4 2
23 29 10 12
23 33 7 20
23 35 4 11
23 37 13 0
23 42 19 1
24 15 12 20
24 19 12 16
24 27 14 14
24 36 20 14
24 47 3 20
25 1 15 9
25 7 4 18
25 12 3 5
25 16 2 8
25 19 9 17
25 26 10 3
25 30 2 17
25 33 15 13
25 36 18 20
25 44 20 1
26 1 1 0
26 13 9 19
26 24 3 6
26 31 16 1
26 32 20 17
26 41 12 15
26 43 1 17
27 4 4 9
27 11 17 8
27 12 2 0
27 18 18 8
27 21 6 6
27 36 5 12
27 39 12 3
27 43 2 19
27 47 16 7
28 1 7 1
28 7 6 3
28 17 2 16
28 24 1 9
28 28 19 3
28 37 7 1
28 38 19 5
28 43 3 9
28 45 19 1
28 48 19 5
29 1 10 20
29 6 7 6
29 27 8 5
29 30 10 19
29 39 15 17
29 42 8 19
29 49 13 3
30 0 12 7
30 2 12 14
30 3 2 0
30 4 14 1
30 5 16 0
30 18 7 13
30 21 12 3
30 24 19 13
30 25 15 19
30 26 13 19
30 34 1 12
30 41 12 16
30 42 12 20
31 3 12 3
31 7 5 9
31 10 16 3
31 12 1 20
31 13 14 2
31 20 2 3
31 32 12 6
31 37 0 0
31 40 7 12
31 41 6 10
32 2 4 3
32 7 6 19
32 17 2 1
32 19 20 18
32 22 11 6
32 23 14 9
32 25 9 19
32 30 0 1
32 32 12 6
32 40 19 18
32 41 12 17
32 43 15 7
32 44 19 2
33 0 11 10
33 2 0 5
33 3 2 17
33 6 15 19
33 10 18 17
33 14 10 13
33 16 11 2
33 18 5 7
33 27 17 10
33 33 7 2
33 46 6 19
33 47 19 19
34 2 8 14
34 11 7 10
34 12 20 20
34 16 15 16
34 25 2 18
34 29 2 5
34 36 9 6
34 37 13 3
35 3 8 1
35 6 12 3
35 13 9 8
35 15 17 1
35 25 6 0
35 27 3 0
35 30 16 6
35 31 10 0
35 38 17 8
35 42 8 15
35 48 19 15
36 1 8 2
36 4 0 10
36 5 17 7
36 12 1 6
36 20 8 1
36 25 9 8
36 32 20 0
36 39 10 12
36 41 0 15
36 42 0 13
36 45 13 5
36 49 17 4
37 2 11 7
37 13 4 16
37 14 5 7
37 15 0 20
37 17 8 9
37 30 5 6
37 32 15 8
37 38 20 9
37 46 16 16
37 48 16 12
38 0 16 12
38 3 2 6
38 10 16 11
38 11 1 11
38 14 2 9
38 20 15 8
38 24 3 9
38 28 4 8
38 30 1 9
38 34 12 1
38 35 17 0
38 39 13 5
38 42 6 2
38 48 12 18
39 8 6 18
39 15 1 1
39 20 11 18
39 28 19 2
39 30 5 0
39 35 19 12
39 46 3 4
40 5 8 17
40 6 9 20
40 7 11 16
40 14 17 12
40 19 14 16
40 21 19 3
40 23 16 2
40 24 11 6
40 29 19 5
40 41 6 13
40 46 4 6
41 0 0 0
41 10 17 1
41 11 7 17
41 26 12 3
41 28 4 19
41 32 13 10
41 36 15 1
41 45 0 5
41 47 6 10
41 49 5 7
42 3 3 1
42 15 1 20
42 22 6 16
42 23 7 5
42 33 18 3
42 41 3 16
42 47 6 13
43 7 0 16
43 12 11 1
43 13 11 18
43 14 3 7
43 16 7 4
43 17 3 13
43 19 5 10
43 20 12 7
43 22 20 19
43 36 16 4
44 2 6 19
44 4 20 15
44 12 17 13
44 19 1 19
44 24 15 19
44 25 4 6
44 31 11 18
45 0 16 20
45 2 17 1
45 3 19 18
45 19 3 8
45 36 16 2
45 37 17 12
45 39 20 16
45 46 7 16
46 4 4 3
46 9 11 17
46 16 20 9
46 21 18 20
46 22 19 3
46 24 14 12
46 28 17 18
46 31 4 12
46 35 15 4
46 37 5 9
46 46 3 5
47 2 5 8
47 5 14 6
47 8 12 3
47 20 17 20
47 25 11 3
47 34 3 12
47 37 1 1
48 5 5 12
48 7 14 10
48 8 19 15
48 9 5 17
48 12 5 4
48 15 2 7
48 18 3 15
48 21 18 10
48 23 6 20
48 31 17 13
48 34 13 14
48 35 5 12
48 38 1 1
48 46 3 13
48 47 8 8
48 48 12 20
48 49 20 17
49 4 17 12
49 9 20 8
49 21 3 9
49 24 15 3
49 34 3 3
49 42 14 20
