50
2
0 4 13 11
0 7 9 16
0 10 10 8
0 21 15 11
0 22 18 2
0 23 6 5
0 24 10 20
0 26 17 13
0 29 11 19
0 30 6 15
0 39 14 15
0 42 16 4
1 5 6 7
1 8 18 1
1 9 18 13
1 13 8 18
1 15 13 6
1 16 0 2
1 21 3 11
1 34 12 18
1 36 19 1
1 37 2 3
1 41 14 2
2 11 20 19
2 16 6 7
2 19 11 4
2 21 6 11
2 24 1 6
2 25 0 20
2 36 5 0
3 2 0 4
3 3 8 20
3 6 10 2
3 7 2 9
3 8 0 20
3 9 11 12
3 12 2 16
3 14 14 20
3 16 2 7
3 18 10 16
3 21 19 20
3 29 18 4
4 2 10 3
4 13 10 15
4 15 8 14
4 16 18 12
4 18 1 12
4 20 7 4
4 22 18 18
4 23 12 8
4 32 7 2
4 34 3 4
4 48 6 18
5 1 8 7
5 13 14 20
5 22 10 12
5 23 19 5
5 24 19 5
5 25 9 18
5 28 18 17
5 36 19 12
5 37 15 3
5 49 15 2
6 3 11 9
6 4 11 14
6 6 5 0
6 8 6 1
6 10 10 8
6 20 13 20
6 27 9 3
6 30 7 1
6 42 12 16
7 1 4 3
7 6 13 18
7 15 16 3
7 16 19 16
7 18 0 8
7 28 0 11
7 30 16 4
7 34 11 18
7 36 2 11
7 43 2 6
7 45 18 5
8 1 12 14
8 6 20 4
8 8 16 0
8 15 2 19
8 16 13 10
8 24 12 14
8 31 13 0
8 36 14 14
8 40 5 13
8 42 3 14
8 45 8 14
8 48 4 7
8 49 0 14
9 1 4 12
9 15 11 18
9 17 12 7
9 23 9 6
9 27 3 18
9 28 9 2
9 30 0 20
9 31 17 12
9 33 11 15
9 39 1 3
9 49 6 8
10 1 9 7
10 22 0 19
10 27 18 18
10 34 5 7
10 42 16 13
11 0 15 2
11 2 9 0
11 4 8 1
11 8 11 15
11 28 3 9
11 38 16 5
11 47 13 5
12 2 8 15
12 4 8 15
12 5 8 14
12 11 20 8
12 12 6 0
12 18 6 1
12 19 7 5
12 24 17 9
12 44 12 19
12 45 7 12
13 1 3 6
13 8 15 0
13 12 9 6
13 13 1 16
13 26 17 19
13 30 2 18
13 31 2 17
13 32 12 10
13 46 17 0
13 47 8 8
13 48 9 5
14 7 14 18
14 10 10 16
14 12 14 11
14 19 2 9
14 25 19 17
14 28 7 5
14 31 4 16
14 33 2 5
14 35 2 8
14 39 10 9
14 48 13 0
15 4 8 17
15 5 3 9
15 6 3 20
15 7 6 1
15 10 9 16
15 12 6 8
15 14 14 12
15 17 20 1
15 19 6 0
15 26 11 11
15 27 8 1
15 28 2 9
15 36 19 0
15 44 13 3
15 49 1 8
16 3 3 1
16 6 8 1
16 8 4 14
16 11 0 18
16 15 11 17
16 18 4 0
16 26 7 10
16 29 13 13
16 33 5 9
16 35 7 12
16 40 16 1
16 45 7 7
17 0 14 8
17 1 9 2
17 13 7 1
17 14 12 17
17 21 5 8
17 24 5 2
17 32 15 18
17 34 14 1
17 41 16 15
17 47 11 15
18 1 18 5
18 5 8 13
18 35 18 15
18 36 17 19
18 39 6 5
18 43 5 8
19 0 1 16
19 10 0 18
19 11 12 12
19 22 10 19
19 28 2 3
19 31 6 5
19 33 3 2
19 42 17 13
20 16 19 5
20 30 7 6
20 46 18 17
20 47 0 10
21 2 1 8
21 6 20 18
21 7 2 2
21 10 10 14
21 11 16 11
21 24 10 6
21 25 7 18
21 27 2 0
21 40 1 0
21 41 13 17
21 42 6 1
21 43 4 8
22 5 4 8
22 13 17 17
22 16 1 16
22 17 3 12
22 22 16 1
22 29 14 11
22 41 18 6
22 48 13 15
23 6 10 5
23 8 20 17
23 16 16 1
23 17 17 18
23 20 8 5
23 36 10 18
23 48 3 13
24 4 12 13
24 9 3 13
24 11 11 18
24 13 16 13
24 16 12 10
24 26 17 13
24 32 2 12
24 34 10 12
24 49 3 2
25 4 15 5
25 5 19 6
25 17 9 1
25 19 16 14
25 27 3 18
25 32 13 3
25 33 20 10
25 37 15 6
25 38 11 12
25 47 4 14
26 0 18 0
26 3 11 11
26 6 9 4
26 15 8 8
26 17 18 2
26 18 2 9
26 19 5 13
26 22 11 12
26 24 0 19
26 26 17 3
26 27 6 19
26 35 18 18
26 36 16 19
26 38 18 4
26 41 14 14
26 42 16 19
26 43 11 17
26 45 1 13
26 46 11 6
27 4 14 9
27 13 19 2
27 14 16 19
27 26 19 12
27 39 4 12
27 40 10 12
27 42 11 12
27 48 4 11
28 6 6 16
28 13 8 6
28 14 2 6
28 19 3 10
28 20 15 1
28 22 12 12
28 25 13 10
28 30 5 1
28 39 11 6
28 48 3 0
28 49 3 17
29 0 5 15
29 3 19 7
29 9 9 16
29 20 6 14
29 21 2 18
29 23 8 17
29 47 0 13
29 49 12 9
30 5 0 17
30 7 20 19
30 9 14 15
30 12 8 10
30 18 4 9
30 21 9 15
30 22 2 0
30 23 8 12
30 25 0 1
30 32 3 16
30 34 12 4
30 47 7 12
31 0 4 11
31 3 6 3
31 5 6 16
31 7 0 1
31 21 9 5
31 28 19 2
31 30 1 13
31 41 19 14
31 44 16 8
31 48 18 15
32 3 0 13
32 4 7 13
32 7 16 17
32 16 18 9
32 23 6 7
32 24 13 9
32 25 1 0
32 30 8 16
32 40 6 13
32 45 12 14
32 48 11 14
33 0 16 1
33 3 14 16
33 13 17 20
33 14 5 5
33 15 14 6
33 17 12 8
33 24 5 9
33 35 2 1
33 38 11 6
33 40 18 2
33 46 3 1
33 49 12 13
34 0 18 1
34 1 14 17
34 6 5 18
34 18 3 13
34 22 17 11
34 30 8 14
34 32 10 9
34 35 18 3
34 43 10 9
34 45 2 11
35 10 17 7
35 16 15 2
35 25 17 1
35 30 11 16
35 38 9 4
35 41 11 2
35 42 3 17
35 43 14 20
35 45 17 20
35 48 18 13
35 49 14 1
36 6 11 6
36 13 10 6
36 14 13 18
36 21 17 11
36 24 4 18
37 4 18 11
37 6 1 14
37 11 20 18
37 12 17 15
37 14 6 5
37 16 11 5
37 21 9 13
37 26 13 16
37 28 0 2
37 40 20 15
37 44 9 5
37 47 15 4
37 49 15 10
38 3 4 7
38 6 4 11
38 9 3 5
38 11 13 16
38 14 1 20
38 15 15 1
38 18 3 14
38 20 9 5
38 25 14 14
38 29 4 5
38 31 18 13
38 32 6 8
38 47 15 11
38 48 10 5
39 0 10 8
39 3 13 16
39 7 1 7
39 9 16 10
39 10 1 10
39 21 15 12
39 32 0 14
39 34 17 0
39 37 0 19
39 40 5 9
39 43 5 8
40 4 0 20
40 10 3 1
40 12 4 13
40 14 0 4
40 16 8 0
40 18 16 15
40 21 10 7
40 25 1 17
40 30 18 1
40 35 19 16
40 43 1 13
40 49 8 6
41 10 16 7
41 13 11 18
41 15 20 0
41 29 14 7
41 31 0 6
41 33 2 10
41 34 18 13
41 39 20 7
41 41 8 1
41 43 16 0
42 0 4 10
42 9 6 11
42 16 2 14
42 23 5 12
42 26 11 15
42 29 1 3
42 35 10 15
42 39 13 10
42 40 16 13
42 43 5 14
42 48 17 6
43 6 8 9
43 14 17 14
43 18 17 3
43 20 9 9
43 26 10 2
43 27 16 5
43 28 20 6
43 31 5 13
43 46 8 20
43 49 3 15
44 9 2 14
44 12 14 16
44 17 18 6
44 18 4 5
44 32 8 9
44 38 0 13
44 42 6 6
44 45 0 13
45 0 1 6
45 7 4 7
45 12 8 5
45 14 16 1
45 19 8 12
45 21 2 10
45 24 20 20
45 30 10 18
45 34 14 5
45 35 1 10
45 39 20 19
45 41 15 20
45 46 3 18
45 49 8 9
46 0 14 2
46 5 16 16
46 12 5 4
46 18 0 14
46 28 8 5
46 36 15 13
46 41 1 13
47 4 20 19
47 6 13 6
47 8 10 9
47 9 20 7
47 13 18 10
47 15 5 15
47 16 20 8
47 18 8 9
47 20 13 7
47 25 0 14
47 26 17 7
47 28 17 19
47 31 16 0
47 37 8 7
47 39 14 11
47 44 15 16
48 0 2 0
48 4 8 3
48 11 20 17
48 12 11 0
48 18 20 10
48 26 10 13
48 31 15 14
48 32 15 10
48 33 1 7
48 40 6 16
48 41 16 10
49 6 0 7
49 8 19 2
49 10 17 11
49 18 4 3
49 27 4 6
49 35 19 11
49 39 17 9
49 41 0 9
49 48 2 9
