50
2
0 0 18 20
0 4 0 14
0 7 13 20
0 8 19 1
0 20 13 0
0 22 0 12
0 30 11 7
0 32 19 15
0 45 0 11
0 46 13 20
0 49 16 0
1 0 9 17
1 2 1 4
1 3 9 11
1 7 8 1
1 17 11 0
1 24 1 10
1 35 10 16
1 36 20 0
1 39 3 11
1 44 19 11
1 48 3 2
2 10 4 10
2 11 11 8
2 12 14 17
2 13 11 9
2 19 14 4
2 21 19 3
2 23 12 0
2 24 10 18
2 26 11 3
2 30 18 20
2 43 16 18
3 0 6 1
3 1 10 18
3 5 1 1
3 9 12 17
3 15 1 9
3 29 6 5
3 32 13 3
3 34 16 11
3 36 17 3
3 39 11 16
3 48 16 10
4 0 13 3
4 1 0 8
4 4 8 9
4 7 12 17
4 13 17 8
4 19 1 0
4 20 14 0
4 24 15 12
4 28 16 13
4 29 14 15
4 31 17 12
4 37 4 15
4 41 19 15
4 47 17 0
4 48 20 19
4 49 0 16
5 2 7 8
5 13 8 13
5 16 5 4
5 18 8 19
5 28 10 3
5 31 11 11
5 32 0 9
5 33 10 17
5 43 10 13
5 47 10 15
6 4 6 8
6 5 16 12
6 16 13 16
6 30 3 8
6 37 2 18
6 39 15 14
6 41 19 7
6 42 12 17
6 44 7 10
6 48 3 1
7 10 11 2
7 12 8 20
7 16 5 15
7 21 3 20
7 26 10 7
7 39 3 7
7 42 7 0
7 43 14 4
7 44 1 13
7 48 1 9
8 5 9 20
8 14 11 0
8 15 1 5
8 16 4 7
8 17 17 12
8 21 11 1
8 32 5 13
8 34 6 9
8 41 4 16
8 42 6 1
9 0 3 12
9 7 2 11
9 12 1 15
9 18 9 15
9 28 16 13
9 30 6 14
9 34 10 6
9 35 7 18
9 36 3 5
9 37 15 19
9 39 5 14
9 43 12 14
10 0 8 4
10 1 10 19
10 19 16 15
10 27 15 9
10 33 1 12
10 34 1 14
10 39 8 4
10 40 19 20
10 42 15 6
10 45 1 5
10 47 3 2
11 1 20 9
11 5 13 20
11 19 5 13
11 27 9 3
11 30 3 8
12 10 14 11
12 11 17 20
12 12 13 2
12 13 4 13
12 15 6 12
12 21 10 13
12 26 15 12
12 31 8 13
12 36 4 6
12 42 14 17
12 43 0 6
12 47 7 6
12 48 13 3
13 6 20 14
13 7 0 16
13 25 2 0
13 28 7 1
13 32 14 9
13 34 17 1
13 37 18 4
13 39 12 12
13 46 1 4
13 49 7 18
14 2 11 1
14 9 7 14
14 19 9 17
14 26 9 5
14 27 13 11
14 29 15 15
14 42 3 14
14 45 7 3
15 1 9 1
15 15 9 4
15 18 19 4
15 19 4 7
15 23 17 20
15 25 8 15
15 26 14 3
15 28 19 14
15 29 17 0
15 30 6 16
15 31 5 19
15 35 9 20
15 43 1 20
16 1 4 6
16 15 12 3
16 21 19 17
16 25 0 4
16 29 11 13
16 32 1 12
16 35 12 9
16 41 1 19
16 42 0 7
16 44 10 19
16 45 8 4
17 2 5 6
17 4 4 17
17 28 15 1
17 36 14 4
17 42 12 20
18 14 11 12
18 17 1 9
18 22 5 3
18 31 2 3
18 47 19 18
18 48 13 18
19 1 16 13
19 8 11 6
19 9 8 9
19 23 20 20
19 27 1 6
19 34 5 16
19 37 18 17
19 42 10 20
19 45 5 19
19 48 19 1
20 0 6 1
20 11 7 10
20 17 16 7
20 22 13 12
20 24 6 4
20 36 4 5
20 44 4 2
21 2 20 15
21 16 10 20
21 19 13 7
21 21 18 10
21 23 3 10
21 34 0 4
22 2 5 20
22 5 8 18
22 13 1 12
22 14 14 11
22 19 20 2
22 24 11 1
22 31 1 2
22 35 20 18
22 36 18 6
22 40 11 2
22 44 13 8
22 49 9 10
23 3 17 19
23 5 3 17
23 20 3 5
23 25 18 5
23 29 19 10
23 35 6 18
23 36 9 0
23 39 16 1
23 45 3 6
24 7 3 6
24 26 16 2
24 29 9 19
24 30 14 9
24 31 5 11
24 33 5 15
25 2 7 0
25 3 17 11
25 6 11 0
25 11 5 6
25 15 19 1
25 16 19 2
25 17 7 15
25 21 19 15
25 23 14 14
25 26 15 0
25 36 1 3
25 40 8 9
25 43 0 13
25 45 9 20
25 49 15 18
26 6 13 1
26 10 4 3
26 12 6 6
26 21 4 2
26 29 17 14
26 30 1 11
26 31 3 17
26 32 14 6
26 47 19 7
27 1 1 15
27 9 2 19
27 17 17 6
27 21 5 16
27 22 7 5
27 25 15 4
27 26 5 9
27 27 10 9
27 29 12 14
27 31 2 1
27 45 16 5
27 48 16 20
28 2 18 6
28 3 2 18
28 12 17 11
28 13 11 3
28 16 1 19
28 17 5 0
28 18 11 13
28 30 1 7
28 42 4 16
28 45 5 9
29 0 15 16
29 14 14 14
29 22 13 7
29 30 11 10
29 33 3 3
29 36 7 3
29 39 9 11
29 41 16 14
29 47 10 6
30 3 19 15
30 10 6 18
30 23 18 20
30 24 10 5
30 28 20 2
30 31 14 5
30 32 2 8
30 33 18 10
30 44 11 4
31 1 3 4
31 10 5 3
31 19 4 16
31 20 12 11
31 29 5 20
31 37 4 12
31 45 6 0
31 48 8 15
32 11 7 3
32 12 13 11
32 25 8 15
32 31 17 18
32 32 17 0
32 33 14 1
32 35 7 0
32 36 17 15
32 37 17 3
32 41 17 20
32 45 14 13
32 49 3 0
33 3 9 9
33 6 19 5
33 9 13 18
33 10 6 3
33 15 8 11
33 20 4 2
33 44 14 18
33 46 0 13
33 49 18 20
34 9 19 8
34 11 13 19
34 30 4 13
34 33 15 6
34 34 8 10
34 40 10 11
34 42 14 17
34 44 9 13
34 45 14 11
34 49 4 3
35 5 6 12
35 8 12 1
35 11 12 18
35 18 16 3
35 33 14 8
35 41 12 5
35 43 5 6
35 46 10 2
35 48 16 11
36 13 18 4
36 14 8 6
36 18 11 6
36 23 10 14
36 26 11 13
36 34 11 1
36 35 14 20
36 48 6 6
37 5 11 1
37 7 8 4
37 12 13 16
37 17 15 13
37 24 8 6
37 28 2 15
37 30 16 4
37 37 20 3
37 40 9 1
37 44 3 12
37 45 8 9
38 0 5 18
38 3 15 0
38 5 8 6
38 6 13 2
38 17 11 10
38 18 8 11
38 20 13 0
38 22 14 17
38 27 14 5
38 35 0 0
38 47 1 1
39 0 14 4
39 13 12 14
39 14 5 10
39 16 12 7
39 19 4 4
39 25 3 19
39 26 14 6
39 29 19 1
39 31 16 13
39 37 11 11
39 42 9 5
39 43 20 13
40 3 17 4
40 7 0 18
40 15 13 13
40 17 10 17
40 29 4 6
40 32 19 4
40 45 9 13
40 46 12 1
40 47 19 0
41 0 6 6
41 6 2 6
41 24 9 9
41 29 14 2
41 33 0 13
41 37 7 15
41 38 8 7
42 1 14 18
42 3 3 2
42 6 15 9
42 19 15 13
42 22 8 11
42 39 16 20
42 46 5 14
42 48 12 14
43 7 3 13
43 8 1 2
43 12 5 13
43 20 18 20
43 21 12 4
43 30 17 8
43 43 13 14
43 45 8 11
43 46 2 4
44 2 10 12
44 9 14 1
44 11 16 19
44 17 5 10
44 21 14 4
44 27 8 15
44 30 10 5
44 32 18 11
44 38 5 12
44 42 16 14
44 44 15 12
45 0 4 0
45 2 8 11
45 6 15 9
45 7 13 17
45 10 6 4
45 14 17 12
45 16 20 1
45 18 14 16
45 24 13 8
45 30 20 10
45 35 0 19
45 37 19 15
45 43 5 1
45 44 12 14
45 46 13 6
45 48 20 15
46 2 1 13
46 4 15 9
46 7 17 19
46 8 12 8
46 12 10 14
46 13 20 19
46 14 11 5
46 22 19 16
46 24 6 17
46 25 15 4
46 27 7 14
46 30 8 2
46 31 8 1
46 36 0 1
46 37 12 5
46 39 5 4
46 41 11 10
46 42 18 10
46 43 8 15
47 4 5 20
47 6 8 15
47 11 4 7
47 14 0 15
47 16 2 1
47 19 12 0
47 22 2 14
47 26 4 8
47 31 7 6
47 33 10 14
47 39 12 20
47 43 16 3
48 0 7 4
48 8 8 6
48 10 13 4
48 12 15 2
48 13 0 5
48 14 19 16
48 15 4 3
48 33 2 11
48 36 7 19
48 38 12 17
48 41 2 10
48 42 9 14
48 45 19 16
49 6 13 6
49 14 4 13
49 26 16 18
49 31 19 8
49 33 0 10
49 43 11 0
49 44 10 9
49 46 0 16
49 48 13 0
