50
2
0 0 9 4
0 4 3 0
0 5 7 10
0 7 1 10
0 8 9 7
0 10 20 19
0 14 19 16
0 15 15 7
0 16 0 5
0 17 3 0
0 18 6 1
0 20 3 7
0 28 0 3
0 29 4 17
0 31 4 10
0 32 18 2
0 33 8 17
0 36 17 14
0 37 8 20
0 39 1 15
0 46 17 14
0 47 1 3
1 3 10 11
1 5 14 13
1 7 14 14
1 8 2 14
1 9 14 9
1 10 11 18
1 12 5 10
1 15 15 12
1 16 11 16
1 17 12 8
1 19 2 1
1 22 13 15
1 25 6 17
1 26 9 9
1 29 10 7
1 32 14 19
1 35 17 3
1 38 14 12
1 41 6 9
1 42 19 14
1 43 14 15
1 45 18 8
1 47 4 6
1 48 3 16
1 49 11 6
2 0 8 20
2 2 12 14
2 3 5 11
2 6 14 2
2 8 15 15
2 10 18 20
2 11 1 6
2 16 0 8
2 17 20 19
2 20 8 17
2 21 0 14
2 23 15 16
2 26 5 17
2 28 8 3
2 29 13 0
2 31 15 20
2 32 8 1
2 34 20 2
2 35 6 14
2 38 3 10
2 41 9 7
2 42 20 7
2 43 0 6
2 44 2 20
2 46 20 4
2 48 14 8
2 49 9 7
3 0 6 7
3 2 5 10
3 4 13 1
3 6 1 3
3 7 5 15
3 8 3 3
3 12 4 4
3 13 17 20
3 17 17 18
3 19 18 3
3 21 7 8
3 30 12 18
3 33 16 14
3 34 6 15
3 35 8 9
3 36 0 1
3 38 6 11
3 39 6 7
3 40 0 14
3 42 7 13
3 43 10 4
3 44 3 12
3 47 9 0
4 0 3 20
4 4 6 10
4 5 20 9
4 6 15 8
4 9 3 16
4 14 1 5
4 15 11 11
4 16 8 1
4 19 4 0
4 20 16 9
4 23 18 3
4 25 2 1
4 26 5 1
4 31 5 10
4 32 15 3
4 33 12 15
4 38 7 2
4 40 7 8
4 41 3 9
4 42 7 13
4 44 7 9
4 46 1 1
4 47 0 10
4 48 8 17
5 0 2 1
5 4 0 17
5 7 1 11
5 8 14 4
5 9 17 1
5 12 10 8
5 14 8 16
5 16 14 20
5 17 1 16
5 19 3 2
5 20 0 0
5 22 17 4
5 23 1 8
5 25 19 16
5 30 1 9
5 31 14 5
5 32 9 5
5 33 2 13
5 34 14 0
5 35 1 11
5 36 6 3
5 38 20 2
5 39 5 18
5 40 16 12
5 42 20 13
5 43 1 10
5 47 10 1
5 48 10 0
5 49 19 13
6 0 14 10
6 1 18 5
6 3 18 9
6 4 1 10
6 5 20 2
6 7 1 15
6 8 11 12
6 9 11 12
6 10 6 19
6 11 14 6
6 12 17 18
6 13 6 13
6 16 11 15
6 20 3 4
6 24 5 14
6 27 18 20
6 29 0 5
6 30 2 9
6 31 9 11
6 32 13 5
6 34 17 3
6 36 6 6
6 38 20 19
6 39 3 4
6 40 0 16
6 43 8 15
6 45 3 19
6 46 7 9
6 48 15 19
6 49 13 1
7 0 14 10
7 1 20 12
7 6 4 9
7 7 2 15
7 8 14 18
7 9 16 12
7 11 10 10
7 12 20 19
7 13 3 1
7 15 8 14
7 16 17 5
7 19 8 19
7 21 18 13
7 22 4 2
7 23 19 11
7 24 12 10
7 25 0 0
7 26 4 19
7 27 13 12
7 31 18 12
7 32 1 14
7 34 12 2
7 35 19 9
7 36 7 15
7 39 12 10
7 45 7 14
7 47 7 6
7 49 13 1
8 0 12 5
8 3 14 19
8 7 2 0
8 8 20 15
8 9 1 12
8 11 10 12
8 13 10 11
8 14 10 2
8 15 7 16
8 18 12 11
8 21 18 9
8 22 20 17
8 24 11 4
8 25 20 4
8 28 2 15
8 31 14 5
8 32 20 20
8 34 12 4
8 36 20 2
8 37 5 16
8 38 3 5
8 41 7 17
8 43 3 6
8 45 13 6
8 48 1 3
8 49 10 5
9 4 14 6
9 6 13 5
9 11 16 15
9 13 11 7
9 14 14 6
9 16 5 14
9 17 7 5
9 18 12 11
9 21 14 11
9 28 19 13
9 31 4 3
9 34 6 13
9 35 13 0
9 37 14 8
9 38 14 10
9 40 19 9
9 43 14 12
9 45 14 11
9 46 3 2
9 47 1 5
10 1 11 12
10 2 17 18
10 4 12 16
10 6 5 7
10 10 18 18
10 11 17 3
10 12 11 5
10 18 19 8
10 21 11 14
10 22 1 8
10 24 19 11
10 25 3 17
10 26 1 16
10 29 5 18
10 30 3 2
10 31 1 9
10 32 15 17
10 33 6 14
10 34 20 2
10 36 4 17
10 37 16 1
10 38 6 15
10 39 7 11
10 42 16 4
10 43 14 19
10 44 11 14
10 46 6 20
10 49 15 10
11 0 3 14
11 1 5 2
11 3 5 1
11 5 20 19
11 7 7 4
11 9 18 2
11 10 2 0
11 11 4 6
11 12 15 6
11 15 1 9
11 16 19 10
11 18 1 16
11 19 13 14
11 20 14 14
11 21 17 19
11 23 17 12
11 24 14 19
11 25 4 10
11 26 5 18
11 27 9 7
11 31 18 14
11 33 17 6
11 34 12 16
11 35 16 11
11 36 2 12
11 38 3 3
11 39 12 17
11 41 3 19
11 44 14 19
11 46 14 15
11 47 11 8
11 48 15 16
11 49 19 6
12 0 14 19
12 1 3 14
12 5 6 19
12 6 4 20
12 7 8 9
12 9 0 7
12 11 11 16
12 12 9 11
12 13 18 15
12 15 12 14
12 18 17 6
12 19 4 6
12 20 14 12
12 24 5 13
12 25 3 17
12 27 5 14
12 30 10 14
12 37 9 18
12 38 14 4
12 39 4 14
12 40 0 12
12 41 8 16
12 43 3 12
12 44 6 13
12 45 16 9
12 48 10 20
13 1 16 10
13 2 7 11
13 3 8 11
13 4 18 10
13 5 15 12
13 6 8 9
13 7 9 15
13 8 7 19
13 11 15 5
13 16 1 16
13 20 1 11
13 22 9 3
13 27 18 5
13 28 15 17
13 29 12 15
13 31 17 19
13 33 3 0
13 35 8 1
13 36 11 13
13 37 1 15
13 41 16 1
13 42 3 11
13 45 19 0
13 46 13 9
13 47 10 5
13 49 3 10
14 0 7 2
14 1 0 12
14 4 15 4
14 7 16 17
14 8 13 4
14 9 3 17
14 10 17 1
14 11 13 16
14 12 7 11
14 14 1 2
14 15 15 3
14 16 1 10
14 17 20 6
14 18 1 1
14 21 15 2
14 25 6 8
14 26 13 6
14 27 14 11
14 28 1 19
14 29 13 14
14 30 17 12
14 32 3 11
14 33 11 4
14 34 13 15
14 36 17 0
14 38 3 16
14 39 16 7
14 47 7 11
14 48 0 17
14 49 0 10
15 0 11 13
15 1 17 14
15 4 15 16
15 7 4 14
15 8 0 0
15 9 3 8
15 11 12 3
15 12 10 14
15 13 9 10
15 15 2 13
15 16 13 16
15 17 14 0
15 19 3 2
15 20 10 1
15 25 12 5
15 26 7 17
15 27 17 20
15 28 3 9
15 29 19 2
15 31 20 5
15 35 4 11
15 36 18 11
15 37 0 20
15 40 11 15
15 41 14 7
15 44 14 3
15 45 14 3
15 49 9 18
16 0 3 4
16 3 3 0
16 5 1 14
16 6 11 17
16 10 12 5
16 12 20 2
16 14 18 19
16 16 4 6
16 17 2 18
16 18 9 1
16 20 6 5
16 24 16 5
16 25 1 1
16 26 8 10
16 27 8 0
16 28 14 6
16 29 5 3
16 30 8 16
16 33 3 0
16 34 12 20
16 35 16 3
16 38 5 14
16 39 17 19
16 41 2 14
16 42 5 20
16 43 17 15
16 44 13 7
16 45 16 16
16 47 19 3
16 48 3 4
17 3 7 3
17 5 20 11
17 6 11 4
17 8 20 10
17 10 7 20
17 15 9 13
17 19 18 6
17 20 6 20
17 21 8 17
17 22 17 10
17 24 19 15
17 25 1 20
17 27 5 5
17 30 16 6
17 32 13 13
17 33 0 11
17 35 5 8
17 42 10 18
17 43 2 10
17 46 9 4
17 48 9 6
17 49 10 16
18 2 8 8
18 4 7 3
18 5 9 9
18 7 9 9
18 10 16 11
18 11 3 10
18 13 10 9
18 14 14 19
18 17 14 16
18 18 7 13
18 20 12 0
18 23 0 2
18 24 4 3
18 26 10 4
18 27 15 15
18 33 20 16
18 36 2 6
18 39 15 7
18 40 19 8
18 42 6 14
18 43 6 2
18 44 17 12
18 45 7 1
18 46 1 6
19 1 11 15
19 6 7 2
19 7 18 14
19 8 17 2
19 11 8 5
19 13 1 10
19 15 19 8
19 18 1 14
19 19 8 17
19 20 9 20
19 21 0 8
19 22 16 18
19 23 1 1
19 24 11 10
19 25 4 3
19 26 6 13
19 29 20 12
19 30 13 16
19 32 8 2
19 34 11 15
19 35 2 6
19 37 19 19
19 40 11 1
19 43 1 15
19 44 16 14
19 46 20 18
19 48 3 16
19 49 14 5
20 2 2 17
20 5 3 20
20 6 15 9
20 7 3 13
20 10 11 15
20 11 13 14
20 12 8 14
20 19 4 13
20 20 15 11
20 25 0 16
20 26 7 12
20 28 16 9
20 30 15 20
20 35 19 3
20 38 2 10
20 41 0 10
20 45 8 7
20 47 10 11
21 1 15 16
21 2 16 3
21 3 3 0
21 4 7 18
21 6 8 2
21 7 2 0
21 10 7 15
21 11 17 7
21 12 17 7
21 13 10 14
21 14 20 6
21 16 9 10
21 18 7 0
21 20 0 14
21 25 6 8
21 27 13 10
21 28 14 3
21 29 13 14
21 32 8 4
21 33 0 12
21 36 13 16
21 38 7 8
21 39 12 14
21 42 17 2
21 44 8 20
21 45 4 19
21 46 13 0
21 48 1 17
22 0 0 12
22 1 2 10
22 6 1 16
22 7 15 3
22 12 14 11
22 13 5 20
22 14 17 16
22 16 11 17
22 17 3 9
22 19 6 20
22 27 13 20
22 29 20 6
22 30 18 0
22 34 17 10
22 35 10 11
22 37 7 3
22 41 12 13
22 43 0 9
22 44 5 17
22 45 15 6
22 47 7 17
22 48 19 18
22 49 10 10
23 4 17 20
23 6 19 5
23 7 14 3
23 8 4 0
23 9 17 16
23 11 19 5
23 13 6 20
23 17 12 12
23 20 12 16
23 21 18 2
23 22 11 1
23 23 7 14
23 26 17 6
23 29 5 2
23 31 2 9
23 34 5 2
23 37 15 0
23 38 3 0
23 39 5 3
23 40 19 2
23 43 9 11
23 45 14 8
24 0 0 9
24 1 13 12
24 2 1 16
24 3 5 7
24 4 1 16
24 7 4 8
24 8 16 15
24 9 12 11
24 10 15 10
24 11 11 15
24 14 19 18
24 15 15 19
24 18 7 17
24 19 14 17
24 20 15 13
24 23 6 0
24 25 18 4
24 26 6 8
24 27 13 5
24 28 0 1
24 29 6 6
24 31 6 8
24 33 17 7
24 37 8 10
24 41 1 14
24 43 3 1
24 46 4 6
25 2 18 15
25 8 15 3
25 11 8 19
25 12 0 8
25 14 14 17
25 17 14 7
25 20 10 13
25 22 9 5
25 23 6 0
25 24 19 2
25 25 16 9
25 26 2 18
25 29 19 4
25 32 2 13
25 37 8 8
25 40 10 6
25 41 11 15
25 43 6 18
25 45 1 14
25 46 16 10
25 47 6 14
25 49 13 2
26 0 12 14
26 2 16 20
26 5 6 14
26 7 6 19
26 8 5 19
26 11 10 18
26 12 1 19
26 13 0 15
26 15 7 5
26 16 1 5
26 23 3 16
26 24 12 6
26 26 14 5
26 28 14 13
26 29 7 9
26 36 9 13
26 37 5 11
26 38 13 3
26 39 15 18
26 40 11 4
26 42 5 8
26 44 10 9
26 45 12 8
26 46 11 11
26 47 6 12
26 48 15 1
27 0 14 20
27 1 13 17
27 6 8 0
27 10 17 5
27 11 4 17
27 12 8 8
27 14 13 17
27 16 13 2
27 17 20 16
27 18 3 9
27 19 7 13
27 20 12 7
27 21 1 7
27 22 5 7
27 23 16 11
27 24 0 20
27 25 7 17
27 27 13 5
27 28 11 1
27 29 1 7
27 34 2 7
27 36 9 6
27 37 6 6
27 43 0 10
27 44 16 5
27 45 1 7
27 46 11 7
27 49 4 2
28 1 0 10
28 2 3 8
28 5 10 7
28 6 18 12
28 9 6 13
28 10 13 5
28 11 8 10
28 12 1 17
28 13 20 14
28 15 15 20
28 16 11 13
28 17 13 5
28 20 20 4
28 22 7 4
28 23 0 0
28 26 8 0
28 27 7 16
28 28 19 16
28 30 18 18
28 33 5 6
28 34 20 9
28 35 10 11
28 36 16 6
28 37 19 18
28 41 10 3
28 43 17 6
28 44 10 5
28 45 20 20
28 48 14 1
29 1 15 14
29 3 7 9
29 7 12 14
29 9 10 4
29 10 4 5
29 11 1 0
29 12 20 10
29 14 1 8
29 16 14 16
29 23 16 14
29 24 14 16
29 25 7 18
29 27 5 6
29 30 8 19
29 32 9 10
29 36 15 17
29 37 19 20
29 39 12 17
29 40 13 11
29 42 13 2
30 1 20 7
30 5 15 18
30 7 3 12
30 8 7 19
30 10 7 0
30 11 2 10
30 12 17 12
30 14 18 1
30 16 0 1
30 17 7 20
30 20 15 10
30 21 19 17
30 23 0 0
30 24 10 16
30 25 14 8
30 26 12 14
30 29 15 4
30 30 3 4
30 32 20 9
30 35 2 5
30 36 9 2
30 39 8 2
30 40 19 10
30 41 17 12
30 44 17 17
30 46 5 16
30 47 7 3
30 48 15 9
30 49 7 6
31 1 20 13
31 2 11 8
31 3 5 11
31 4 14 20
31 5 20 1
31 6 3 0
31 9 17 9
31 11 16 10
31 12 5 1
31 18 5 14
31 22 16 1
31 23 9 9
31 25 15 5
31 26 2 2
31 29 2 8
31 31 18 13
31 34 20 5
31 36 14 12
31 37 12 17
31 42 9 18
31 45 1 3
31 47 3 15
31 48 2 4
31 49 9 15
32 1 2 2
32 5 12 20
32 6 19 15
32 10 3 8
32 12 3 10
32 14 6 20
32 15 2 15
32 19 18 5
32 22 1 17
32 23 3 14
32 25 18 4
32 26 19 9
32 31 16 13
32 32 8 0
32 33 10 2
32 35 19 14
32 39 1 8
32 44 10 17
32 46 4 2
32 49 14 9
33 2 19 6
33 3 1 4
33 5 0 4
33 6 7 10
33 7 1 15
33 8 20 18
33 9 11 12
33 13 13 1
33 16 10 12
33 17 10 0
33 19 16 17
33 22 9 1
33 24 7 13
33 25 6 16
33 26 8 8
33 27 12 4
33 28 7 8
33 29 15 12
33 30 1 7
33 32 8 3
33 33 12 20
33 36 20 0
33 38 17 2
33 39 17 7
33 41 9 0
33 47 14 14
33 48 3 0
34 0 1 18
34 1 1 7
34 4 2 15
34 6 9 14
34 7 18 18
34 8 2 6
34 9 18 13
34 12 9 17
34 13 0 16
34 16 10 3
34 17 11 2
34 19 13 5
34 20 20 11
34 22 19 9
34 25 1 15
34 27 1 15
34 28 6 3
34 29 4 11
34 31 16 7
34 33 20 0
34 39 2 1
34 41 4 7
34 45 16 15
34 48 1 14
35 2 11 12
35 7 7 20
35 10 15 16
35 11 13 18
35 16 14 13
35 21 19 2
35 23 8 4
35 25 19 11
35 26 3 19
35 29 14 9
35 30 4 0
35 31 5 14
35 32 17 18
35 33 1 17
35 38 6 20
35 40 8 10
35 41 19 14
35 43 6 17
35 45 14 20
35 46 19 14
35 48 18 0
36 0 5 13
36 5 16 2
36 7 18 19
36 10 16 2
36 19 8 19
36 20 2 6
36 21 0 13
36 23 12 3
36 27 4 12
36 28 16 13
36 31 20 17
36 33 9 15
36 34 17 16
36 35 11 5
36 36 0 7
36 38 12 16
36 39 2 17
36 40 4 14
36 41 4 19
36 44 15 7
36 47 7 10
36 48 4 13
36 49 18 16
37 1 14 6
37 3 2 1
37 5 18 1
37 7 12 10
37 8 15 14
37 13 6 0
37 14 11 4
37 16 7 11
37 19 15 11
37 23 17 10
37 25 17 0
37 28 10 3
37 29 9 18
37 30 20 19
37 32 5 15
37 33 19 3
37 35 19 2
37 41 12 12
37 43 2 19
38 0 6 0
38 6 6 9
38 8 2 2
38 9 17 5
38 12 18 6
38 13 7 16
38 15 7 6
38 18 5 6
38 20 7 12
38 21 19 7
38 22 13 16
38 24 5 12
38 25 20 13
38 26 18 14
38 27 9 13
38 29 14 11
38 30 16 4
38 31 1 3
38 32 12 12
38 34 11 17
38 35 16 0
38 36 19 9
38 37 11 18
38 40 8 15
38 41 18 12
38 42 11 18
38 45 17 10
38 46 12 8
38 49 3 10
39 2 4 10
39 3 17 19
39 4 11 15
39 5 6 5
39 11 1 2
39 13 10 16
39 14 1 13
39 16 10 7
39 17 12 3
39 20 1 3
39 22 14 19
39 23 20 0
39 25 20 18
39 28 12 10
39 31 11 8
39 33 1 16
39 34 11 16
39 35 7 12
39 39 19 18
39 42 7 6
39 43 1 20
39 44 0 18
39 45 19 12
39 46 14 9
39 47 0 20
39 48 5 1
40 1 14 9
40 8 15 2
40 9 12 12
40 11 13 1
40 12 14 4
40 14 9 20
40 16 12 16
40 18 19 14
40 19 20 3
40 21 0 7
40 23 11 3
40 28 10 6
40 29 1 5
40 32 20 3
40 37 20 8
40 38 10 14
40 39 6 0
40 40 19 7
40 42 19 15
40 43 7 8
40 44 3 2
40 45 12 5
40 47 19 0
40 48 20 10
40 49 2 16
41 2 4 1
41 6 12 10
41 8 2 13
41 10 3 17
41 11 13 16
41 13 17 13
41 17 19 9
41 19 12 2
41 20 0 14
41 21 8 8
41 22 5 9
41 23 15 4
41 24 5 10
41 25 5 4
41 26 5 10
41 27 19 18
41 28 16 6
41 29 20 6
41 32 2 6
41 33 13 3
41 34 1 15
41 35 10 2
41 36 8 19
41 37 9 14
41 39 1 19
41 40 13 19
41 41 1 15
41 42 9 11
41 43 4 3
42 0 19 1
42 7 10 18
42 10 4 1
42 11 1 1
42 12 5 9
42 13 7 13
42 14 10 4
42 15 20 18
42 22 20 11
42 23 10 10
42 24 16 5
42 27 13 2
42 28 19 7
42 29 20 2
42 30 13 6
42 32 3 15
42 35 4 4
42 37 17 4
42 40 11 12
42 44 10 12
42 45 12 17
42 46 13 9
42 47 8 9
42 49 13 15
43 1 9 17
43 4 5 5
43 6 19 0
43 11 11 17
43 12 4 9
43 13 5 2
43 15 5 13
43 18 5 19
43 19 8 6
43 20 18 19
43 24 7 17
43 25 11 18
43 27 10 2
43 28 7 20
43 29 16 12
43 32 18 20
43 33 17 17
43 34 0 3
43 35 12 10
43 36 5 20
43 37 15 6
43 38 20 14
43 39 9 14
43 40 0 5
43 42 4 17
43 45 19 5
43 46 20 10
43 48 1 3
44 1 3 9
44 2 7 5
44 5 3 10
44 10 12 6
44 12 12 13
44 14 20 9
44 15 8 5
44 17 2 14
44 19 9 19
44 22 3 12
44 23 14 15
44 24 3 12
44 26 17 6
44 27 17 5
44 29 4 18
44 30 5 18
44 31 12 3
44 33 5 8
44 37 2 5
44 39 12 5
44 40 13 17
44 42 11 8
44 45 10 10
44 46 1 8
44 48 8 1
45 2 3 7
45 3 9 2
45 6 0 10
45 7 14 13
45 8 19 4
45 9 19 8
45 10 4 18
45 15 5 10
45 19 19 17
45 21 0 1
45 24 3 17
45 25 12 8
45 29 19 1
45 30 18 11
45 31 10 8
45 32 15 12
45 33 10 17
45 34 11 8
45 37 1 6
45 38 15 14
45 41 13 13
45 45 0 2
45 46 16 14
45 47 4 0
45 48 20 14
45 49 16 10
46 0 12 7
46 1 9 4
46 2 9 3
46 4 2 0
46 6 0 9
46 8 10 16
46 9 5 9
46 13 10 8
46 17 14 11
46 18 6 13
46 20 16 13
46 21 1 9
46 22 15 5
46 24 10 19
46 27 16 0
46 28 12 10
46 29 1 11
46 31 1 5
46 32 7 7
46 34 0 20
46 35 9 5
46 36 9 12
46 37 10 20
46 38 2 4
46 39 15 18
46 40 0 1
46 41 5 19
46 42 18 0
46 44 7 4
46 45 11 1
46 47 9 19
46 49 11 11
47 1 10 0
47 3 3 12
47 5 19 7
47 6 10 7
47 9 15 1
47 11 8 17
47 12 19 16
47 13 12 14
47 14 5 8
47 16 12 18
47 17 7 13
47 20 11 14
47 24 6 16
47 25 11 10
47 26 6 15
47 28 12 18
47 30 1 17
47 32 4 3
47 33 3 0
47 34 12 15
47 36 15 14
47 37 5 11
47 40 7 3
47 45 13 8
47 46 19 17
47 48 12 3
47 49 18 9
48 0 6 20
48 2 3 7
48 4 12 2
48 9 2 14
48 10 4 14
48 11 16 13
48 13 15 18
48 14 10 3
48 16 19 19
48 17 9 16
48 18 14 10
48 19 0 9
48 21 10 10
48 23 17 19
48 25 20 9
48 26 9 0
48 27 13 13
48 28 7 3
48 29 6 8
48 31 1 20
48 33 10 6
48 34 7 12
48 35 15 18
48 36 15 15
48 43 17 1
48 44 13 5
48 45 17 15
48 47 8 16
48 48 2 13
49 2 2 4
49 3 2 17
49 4 6 10
49 5 13 0
49 6 9 10
49 8 3 0
49 9 5 7
49 10 2 9
49 11 4 14
49 12 6 11
49 13 16 10
49 14 20 9
49 15 18 10
49 16 10 9
49 18 5 6
49 19 20 3
49 21 5 18
49 22 6 3
49 23 2 8
49 24 18 17
49 25 18 20
49 26 18 9
49 27 15 0
49 29 16 3
49 30 15 12
49 31 5 17
49 32 6 14
49 34 13 10
49 35 8 0
49 38 13 15
49 39 0 6
49 40 19 19
49 41 13 13
49 47 9 18
49 48 16 7
