50
2
0 0 14 20
0 2 15 11
0 4 16 5
0 5 7 18
0 6 6 13
0 7 13 20
0 8 8 10
0 9 6 20
0 12 15 0
0 14 17 4
0 15 18 18
0 16 7 9
0 17 11 6
0 18 9 9
0 25 18 12
0 26 16 10
0 29 18 13
0 32 14 11
0 34 12 15
0 36 13 11
0 37 1 0
0 38 19 6
0 40 10 20
0 41 19 4
0 43 10 2
0 45 14 8
0 46 17 4
0 48 20 4
1 5 8 15
1 6 4 14
1 9 4 11
1 12 11 13
1 14 8 1
1 17 2 8
1 18 15 14
1 20 4 7
1 21 15 8
1 23 2 14
1 25 4 11
1 27 6 20
1 28 4 11
1 29 14 4
1 33 10 13
1 35 10 3
1 36 6 7
1 37 9 13
1 38 6 6
1 40 20 1
1 42 11 6
1 47 0 3
1 48 13 20
1 49 7 7
2 2 18 1
2 4 18 9
2 5 1 9
2 6 10 8
2 8 3 0
2 9 9 4
2 11 10 16
2 12 15 2
2 13 14 6
2 14 8 8
2 16 13 0
2 18 16 17
2 19 1 5
2 20 20 17
2 23 13 19
2 27 3 17
2 28 18 14
2 30 9 5
2 35 15 1
2 36 4 10
2 37 12 7
2 38 3 13
2 40 10 17
2 42 14 11
2 43 8 20
2 45 7 20
2 48 20 1
3 2 20 14
3 3 7 20
3 4 0 11
3 5 2 10
3 8 3 0
3 9 7 8
3 11 4 7
3 12 14 2
3 20 16 5
3 21 6 15
3 23 5 12
3 26 15 9
3 27 16 6
3 28 17 12
3 29 1 17
3 31 19 11
3 32 6 1
3 37 20 4
3 39 13 4
3 41 15 11
3 43 10 2
3 44 20 4
3 46 14 0
4 0 17 2
4 1 7 2
4 3 2 8
4 5 0 7
4 6 20 12
4 9 17 16
4 10 18 14
4 12 10 8
4 13 10 10
4 14 13 19
4 18 11 15
4 20 10 5
4 22 3 9
4 23 2 4
4 25 13 10
4 26 2 10
4 30 13 3
4 32 1 15
4 35 11 13
4 37 18 20
4 39 15 2
4 43 10 20
4 44 8 0
4 45 14 20
4 46 15 7
4 49 11 4
5 0 0 10
5 1 18 5
5 8 2 12
5 9 7 17
5 10 20 19
5 13 18 10
5 14 13 9
5 19 15 15
5 20 0 12
5 23 5 11
5 24 0 2
5 28 15 14
5 30 11 8
5 36 12 5
5 38 10 1
5 39 9 17
5 41 7 16
5 42 12 9
5 44 4 2
5 46 3 4
6 2 20 8
6 3 10 13
6 5 12 13
6 6 0 4
6 7 6 11
6 8 13 16
6 9 14 19
6 10 3 10
6 14 10 14
6 15 9 4
6 17 2 13
6 20 15 7
6 21 8 16
6 22 14 3
6 23 15 13
6 24 0 8
6 25 16 11
6 26 11 12
6 27 6 13
6 28 1 0
6 29 3 8
6 30 14 15
6 31 7 4
6 32 2 20
6 33 20 13
6 34 0 2
6 38 11 6
6 39 9 16
6 40 14 10
6 42 16 8
6 45 10 15
6 47 15 8
6 48 15 5
7 1 4 6
7 2 7 18
7 3 10 8
7 6 11 11
7 7 10 3
7 8 13 15
7 9 15 17
7 10 17 8
7 13 6 17
7 14 15 11
7 15 13 14
7 17 6 5
7 18 17 3
7 23 18 11
7 25 15 10
7 29 7 0
7 30 3 13
7 31 16 2
7 32 4 19
7 33 7 10
7 34 8 18
7 37 12 7
7 38 7 10
7 39 18 7
7 40 4 8
7 41 5 19
7 42 12 14
7 46 16 5
7 47 16 11
8 0 13 9
8 1 13 18
8 2 14 18
8 3 7 7
8 5 17 20
8 6 12 11
8 7 13 12
8 11 8 11
8 12 13 16
8 15 11 18
8 16 3 6
8 17 18 7
8 18 7 6
8 19 16 15
8 22 11 14
8 23 17 2
8 26 12 10
8 27 14 4
8 29 9 8
8 30 0 17
8 31 0 12
8 36 14 20
8 37 1 8
8 40 17 18
8 42 11 19
8 43 11 7
8 44 8 11
8 46 12 11
8 47 8 13
8 48 14 5
9 7 15 19
9 8 19 14
9 9 12 15
9 10 6 18
9 11 4 20
9 12 16 8
9 13 7 5
9 14 6 15
9 15 16 20
9 16 14 18
9 18 16 5
9 21 20 13
9 22 20 8
9 23 20 12
9 25 17 19
9 28 14 4
9 29 10 14
9 30 2 19
9 31 20 17
9 33 13 14
9 34 8 15
9 35 12 1
9 36 10 12
9 40 10 17
9 41 14 20
9 44 18 9
10 0 15 8
10 2 12 15
10 3 19 7
10 6 3 10
10 10 11 1
10 14 8 3
10 18 20 5
10 21 7 6
10 23 2 10
10 26 5 1
10 30 20 0
10 31 7 16
10 33 4 3
10 34 4 14
10 35 1 6
10 40 8 15
10 42 11 12
10 43 3 16
10 44 0 0
10 48 4 9
10 49 14 0
11 0 4 1
11 2 10 10
11 3 5 15
11 4 2 15
11 6 10 6
11 10 0 6
11 11 17 3
11 13 20 3
11 14 6 15
11 15 17 3
11 17 4 10
11 18 5 10
11 20 15 11
11 21 1 9
11 22 2 10
11 23 5 3
11 26 16 3
11 30 1 4
11 31 1 4
11 32 13 0
11 34 16 20
11 35 20 17
11 36 7 4
11 37 13 2
11 38 15 0
11 44 10 14
11 46 9 20
11 47 12 19
11 49 5 12
12 1 5 9
12 2 11 4
12 6 11 7
12 9 2 17
12 10 8 4
12 12 7 0
12 14 2 3
12 16 11 14
12 17 8 0
12 18 13 11
12 29 15 19
12 33 6 0
12 36 14 7
12 38 0 2
12 42 0 3
12 46 14 1
13 0 17 4
13 1 0 0
13 2 4 11
13 8 1 2
13 9 4 11
13 11 8 20
13 13 9 17
13 14 19 10
13 17 7 4
13 18 15 9
13 20 2 15
13 21 1 20
13 22 17 5
13 23 9 9
13 26 0 20
13 27 3 17
13 29 7 7
13 30 6 11
13 31 17 14
13 32 5 14
13 33 8 7
13 34 4 4
13 35 4 17
13 40 12 0
13 42 16 7
13 45 15 13
13 46 0 0
13 47 9 14
13 48 7 3
14 0 4 4
14 1 0 6
14 2 13 8
14 5 5 8
14 6 1 8
14 15 16 4
14 22 16 17
14 23 20 18
14 26 8 1
14 28 16 5
14 31 18 14
14 32 13 11
14 33 12 20
14 34 7 17
14 35 1 15
14 38 0 16
14 39 17 11
14 40 10 1
14 41 3 3
15 4 15 2
15 5 19 14
15 12 6 5
15 13 9 16
15 14 13 15
15 17 0 10
15 18 20 0
15 26 15 13
15 29 8 16
15 30 3 17
15 31 6 1
15 35 3 18
15 36 10 5
15 37 0 16
15 38 4 15
15 39 2 15
15 40 20 16
15 43 5 1
15 47 16 16
16 8 4 7
16 9 13 0
16 11 17 9
16 12 13 20
16 14 9 11
16 18 19 16
16 22 10 7
16 23 8 7
16 24 4 1
16 25 20 8
16 27 14 9
16 28 3 0
16 29 3 15
16 30 0 3
16 36 10 18
16 39 7 17
16 41 18 6
16 43 8 2
16 45 10 13
16 48 12 7
16 49 6 10
17 1 6 20
17 2 0 12
17 5 12 3
17 6 3 13
17 7 13 0
17 8 9 16
17 10 16 19
17 11 4 5
17 13 4 15
17 14 2 14
17 18 13 13
17 19 14 12
17 20 0 8
17 21 2 14
17 22 10 19
17 26 15 7
17 27 2 10
17 28 12 15
17 35 17 12
17 36 19 2
17 40 14 8
17 44 15 11
17 45 6 9
17 46 16 13
17 47 10 6
17 48 13 3
18 1 8 14
18 3 6 9
18 6 10 7
18 7 2 15
18 8 7 20
18 9 4 4
18 11 11 6
18 12 3 14
18 15 10 14
18 17 9 15
18 19 19 2
18 20 13 5
18 22 3 14
18 23 0 16
18 25 4 3
18 26 10 0
18 27 2 5
18 28 3 6
18 29 11 20
18 30 6 20
18 33 1 16
18 34 18 11
18 36 19 5
18 37 8 6
18 38 5 9
18 39 0 10
18 40 4 19
18 41 9 19
18 42 5 13
18 46 7 15
18 47 6 6
19 0 5 0
19 3 0 14
19 5 18 2
19 6 20 3
19 8 5 1
19 11 5 3
19 12 13 8
19 13 7 5
19 14 1 0
19 17 16 5
19 18 1 0
19 19 15 18
19 20 15 12
19 24 16 10
19 25 8 4
19 26 19 1
19 27 4 12
19 29 10 1
19 30 8 17
19 31 0 5
19 33 1 18
19 34 15 7
19 38 20 8
19 42 1 9
19 43 4 18
19 44 0 16
19 49 16 14
20 0 9 9
20 3 17 2
20 4 10 0
20 6 19 0
20 7 20 10
20 8 9 2
20 11 18 13
20 12 14 15
20 14 18 12
20 16 4 13
20 19 14 7
20 21 18 11
20 22 16 20
20 23 10 4
20 24 14 10
20 27 8 11
20 28 10 18
20 31 3 0
20 32 17 7
20 34 10 2
20 36 9 6
20 37 17 10
20 38 17 8
20 39 4 8
20 40 1 20
20 41 8 9
20 42 17 17
20 45 18 15
20 47 7 13
20 48 6 11
20 49 2 0
21 2 5 19
21 3 14 0
21 5 3 19
21 10 17 6
21 13 15 4
21 15 7 14
21 16 9 0
21 17 7 9
21 20 3 11
21 21 20 8
21 24 6 15
21 25 15 0
21 26 19 17
21 28 16 0
21 31 10 2
21 35 3 16
21 41 8 17
21 42 4 2
21 45 18 19
22 0 6 7
22 1 17 0
22 2 6 12
22 3 20 11
22 6 17 17
22 7 17 1
22 10 19 20
22 11 7 6
22 12 0 13
22 17 17 8
22 18 19 11
22 20 6 20
22 22 20 9
22 23 4 9
22 24 15 3
22 25 13 17
22 28 2 7
22 32 7 13
22 34 15 18
22 38 15 7
22 39 4 8
22 40 10 19
22 43 18 12
22 44 2 6
22 45 17 11
22 48 18 7
23 0 12 10
23 3 17 19
23 4 17 7
23 5 20 9
23 8 19 3
23 9 2 13
23 10 10 2
23 11 15 7
23 12 9 10
23 13 7 17
23 16 4 14
23 17 2 1
23 19 20 14
23 21 13 19
23 22 0 16
23 23 20 12
23 24 5 14
23 26 17 13
23 29 17 1
23 30 5 4
23 31 13 7
23 35 2 12
23 38 12 19
23 39 5 15
23 40 1 4
23 41 10 17
23 43 8 17
23 45 12 5
23 46 8 0
23 49 4 9
24 3 5 13
24 5 15 8
24 7 3 20
24 12 3 4
24 13 13 6
24 17 5 4
24 20 2 12
24 22 4 1
24 26 15 10
24 31 20 4
24 32 14 13
24 33 13 11
24 34 16 17
24 35 19 18
24 38 15 8
24 42 9 4
24 46 8 8
24 47 14 4
25 0 9 19
25 3 8 14
25 6 16 16
25 7 15 8
25 9 2 5
25 10 20 18
25 12 13 1
25 16 11 7
25 17 17 17
25 19 18 6
25 20 0 11
25 23 1 15
25 24 12 14
25 25 4 15
25 26 4 19
25 27 9 8
25 31 8 12
25 32 3 1
25 33 7 18
25 38 4 6
25 39 4 17
25 40 6 17
25 44 9 17
25 49 0 9
26 0 13 11
26 2 20 18
26 6 4 5
26 7 8 20
26 9 0 8
26 10 19 19
26 12 15 3
26 13 5 18
26 14 6 2
26 15 11 5
26 18 16 11
26 19 6 16
26 20 13 5
26 23 11 13
26 27 4 14
26 28 13 16
26 31 4 5
26 35 1 19
26 36 11 3
26 39 3 3
26 44 9 14
27 2 18 5
27 5 17 0
27 6 15 15
27 7 4 15
27 8 12 6
27 9 17 16
27 10 18 10
27 13 9 19
27 15 18 11
27 18 6 1
27 19 20 2
27 22 18 11
27 23 17 2
27 24 9 5
27 26 5 10
27 28 12 12
27 30 19 18
27 31 19 14
27 32 16 7
27 34 9 5
27 35 5 5
27 36 14 17
27 39 6 12
27 40 12 8
27 43 16 2
27 44 16 8
27 46 16 2
27 47 20 18
27 48 8 14
28 0 10 3
28 4 17 20
28 5 19 0
28 6 10 8
28 9 18 14
28 11 6 7
28 12 10 11
28 14 6 12
28 15 8 1
28 16 14 0
28 25 18 2
28 30 19 8
28 31 1 3
28 37 10 10
28 40 4 6
28 41 2 14
28 44 19 15
28 45 19 20
28 46 13 16
29 0 4 3
29 1 14 6
29 3 17 0
29 4 7 2
29 8 9 13
29 10 12 11
29 12 2 9
29 15 20 0
29 18 4 2
29 20 17 6
29 21 12 19
29 23 18 11
29 24 3 10
29 25 4 7
29 27 8 2
29 34 13 14
29 35 17 1
29 36 0 11
29 39 14 13
29 41 0 13
29 42 11 1
29 44 13 4
29 45 7 17
29 48 16 18
30 0 17 8
30 2 5 9
30 3 11 3
30 4 13 12
30 6 18 6
30 8 1 10
30 9 14 4
30 11 9 19
30 13 6 13
30 15 0 7
30 18 7 4
30 21 0 20
30 25 18 18
30 26 10 1
30 27 17 19
30 29 3 8
30 30 15 10
30 32 13 4
30 36 1 14
30 38 9 13
30 39 20 0
30 40 13 9
30 41 9 11
30 44 19 12
30 45 1 16
30 46 4 9
30 48 12 10
31 1 6 15
31 3 2 19
31 4 7 9
31 5 2 5
31 7 19 18
31 9 2 5
31 14 2 5
31 15 13 12
31 17 16 13
31 18 7 20
31 19 2 17
31 20 19 17
31 26 16 16
31 28 1 6
31 31 14 19
31 32 18 1
31 36 4 15
31 37 12 10
31 38 8 7
31 40 4 19
31 41 8 16
31 44 1 9
31 46 13 6
31 47 4 0
31 48 9 16
32 0 9 14
32 1 20 4
32 2 14 4
32 3 15 11
32 4 3 13
32 6 5 12
32 7 12 10
32 8 10 3
32 9 5 0
32 13 14 19
32 14 14 20
32 16 11 3
32 17 15 3
32 19 13 12
32 23 2 13
32 24 4 7
32 25 17 15
32 27 17 11
32 28 9 12
32 29 3 1
32 33 1 17
32 37 10 10
32 41 12 19
32 44 7 9
32 46 17 12
32 48 7 9
32 49 12 13
33 3 1 19
33 4 20 12
33 5 17 8
33 6 16 14
33 7 13 5
33 9 9 12
33 11 9 10
33 12 6 19
33 13 9 2
33 18 15 2
33 23 6 3
33 24 1 9
33 28 13 15
33 30 9 3
33 31 14 14
33 33 10 4
33 35 5 14
33 36 7 7
33 39 11 3
33 42 20 10
33 45 10 0
33 46 4 0
33 47 14 16
33 48 12 8
33 49 5 2
34 0 7 17
34 1 19 6
34 2 1 18
34 6 15 18
34 8 16 9
34 9 6 11
34 10 10 7
34 13 20 12
34 14 18 6
34 19 5 3
34 22 13 8
34 28 13 17
34 29 7 1
34 30 17 11
34 31 9 19
34 33 1 0
34 36 12 5
34 37 0 2
34 38 10 3
34 39 8 3
34 40 18 7
34 42 18 4
34 43 13 18
34 44 15 13
34 47 19 5
34 48 0 2
35 0 5 12
35 2 14 6
35 10 7 0
35 11 9 8
35 12 15 17
35 13 3 0
35 14 1 16
35 16 16 0
35 19 4 2
35 20 18 13
35 21 15 1
35 22 13 1
35 26 19 7
35 27 14 10
35 30 6 19
35 32 15 5
35 35 2 5
35 37 1 7
35 39 17 4
35 41 15 15
35 44 6 9
35 45 18 14
35 46 10 16
35 48 12 6
36 0 3 5
36 1 18 16
36 2 5 18
36 3 0 14
36 4 14 11
36 5 11 0
36 7 1 5
36 8 17 9
36 9 16 7
36 10 5 10
36 14 6 8
36 15 15 17
36 16 4 12
36 17 11 1
36 18 18 20
36 21 1 3
36 22 18 1
36 24 9 2
36 26 15 4
36 27 7 4
36 29 18 2
36 31 3 0
36 34 20 6
36 35 14 9
36 37 7 15
36 38 5 19
36 39 2 11
36 42 0 15
36 43 2 5
36 45 1 15
36 46 19 3
36 49 10 17
37 0 8 11
37 1 7 15
37 2 0 2
37 3 8 6
37 6 9 10
37 7 15 14
37 8 20 19
37 9 5 15
37 10 1 3
37 11 4 16
37 16 15 10
37 17 9 5
37 18 9 4
37 23 18 20
37 24 6 11
37 27 1 4
37 33 20 5
37 34 13 7
37 35 11 5
37 36 20 11
37 38 15 18
37 39 20 4
37 40 6 19
37 42 3 1
37 43 6 13
37 46 10 10
37 49 9 8
38 0 5 14
38 5 9 8
38 8 1 18
38 9 14 6
38 12 20 2
38 13 12 11
38 16 8 16
38 21 3 3
38 24 18 9
38 25 17 14
38 26 3 15
38 28 7 15
38 29 15 1
38 32 17 18
38 34 1 18
38 36 10 17
38 39 2 20
38 42 7 1
38 43 9 6
38 44 2 3
38 46 9 3
38 47 9 17
38 49 19 20
39 0 12 16
39 1 18 8
39 2 6 5
39 8 3 11
39 9 3 20
39 10 11 9
39 12 16 1
39 16 16 19
39 17 14 9
39 19 16 8
39 25 20 2
39 28 16 20
39 31 9 12
39 32 7 17
39 35 7 12
39 38 7 7
39 39 0 19
39 41 17 18
39 42 13 16
39 43 4 5
39 44 16 11
39 45 8 12
39 48 8 17
40 0 15 13
40 2 15 12
40 3 2 17
40 7 16 14
40 8 1 0
40 12 12 1
40 14 20 4
40 15 3 8
40 17 19 7
40 18 15 18
40 21 17 15
40 22 4 2
40 25 7 1
40 26 19 0
40 27 10 2
40 28 14 3
40 29 8 1
40 30 6 10
40 34 20 7
40 41 0 19
40 42 16 3
40 49 20 10
41 0 19 9
41 4 13 16
41 5 2 3
41 6 14 11
41 10 0 6
41 11 19 8
41 16 3 8
41 17 5 14
41 18 0 13
41 19 14 11
41 20 20 16
41 21 3 3
41 23 2 3
41 24 20 14
41 25 8 12
41 26 5 19
41 27 16 15
41 28 1 14
41 29 16 1
41 32 16 7
41 33 8 13
41 34 2 19
41 35 8 20
41 37 7 7
41 38 13 15
41 39 0 10
41 43 2 10
41 44 7 7
41 45 13 10
41 47 16 11
41 49 16 10
42 0 5 7
42 1 11 12
42 2 1 17
42 4 0 8
42 6 18 7
42 7 6 7
42 10 11 0
42 11 18 18
42 12 19 4
42 16 0 1
42 18 0 8
42 20 13 6
42 21 3 20
42 22 13 13
42 23 14 11
42 25 19 14
42 26 12 10
42 27 13 8
42 28 5 17
42 29 3 6
42 34 8 17
42 35 10 4
42 38 0 7
42 42 8 20
42 44 8 18
42 46 8 7
42 47 19 19
43 2 15 17
43 4 0 1
43 5 11 10
43 8 2 9
43 9 12 19
43 10 14 15
43 11 16 15
43 12 2 16
43 15 14 12
43 17 19 6
43 19 13 14
43 20 19 6
43 21 14 10
43 26 4 16
43 27 19 16
43 30 18 13
43 33 16 7
43 36 8 18
43 37 9 15
43 38 7 19
43 40 0 8
43 41 8 20
43 42 19 10
43 44 10 14
43 45 13 9
43 46 11 19
43 47 17 15
43 48 6 4
43 49 18 7
44 0 5 7
44 1 11 17
44 4 2 11
44 7 8 20
44 8 17 7
44 9 9 8
44 13 13 16
44 16 1 2
44 17 7 1
44 19 17 5
44 21 14 14
44 22 15 3
44 27 16 12
44 29 17 6
44 31 14 0
44 32 13 7
44 34 19 8
44 35 17 4
44 44 18 7
44 46 10 10
44 48 1 5
45 0 19 17
45 1 11 6
45 3 14 16
45 6 10 13
45 13 1 2
45 15 1 3
45 18 15 16
45 20 0 5
45 21 17 20
45 23 6 3
45 24 16 3
45 25 6 16
45 26 16 19
45 28 16 15
45 30 17 16
45 31 5 20
45 32 9 6
45 34 19 17
45 35 10 10
45 36 5 7
45 37 3 6
45 41 13 8
45 42 7 2
45 45 13 11
45 46 17 16
45 48 14 11
46 0 6 18
46 2 0 15
46 3 1 4
46 6 11 3
46 8 14 3
46 11 18 7
46 12 16 8
46 17 0 20
46 19 15 3
46 21 7 5
46 23 3 19
46 24 20 12
46 25 4 15
46 26 6 11
46 27 5 13
46 28 8 20
46 29 9 18
46 30 15 15
46 32 20 20
46 33 9 19
46 34 7 10
46 38 14 8
46 40 18 1
46 41 7 16
46 43 14 9
46 45 15 17
46 49 14 8
47 3 12 0
47 7 20 0
47 8 9 6
47 9 6 7
47 10 19 12
47 14 0 16
47 15 7 17
47 17 12 9
47 18 7 11
47 20 17 9
47 21 2 20
47 22 14 18
47 23 2 4
47 24 15 9
47 25 11 1
47 29 4 9
47 33 0 19
47 35 8 3
47 36 16 5
47 37 19 14
47 38 19 17
47 39 10 7
47 46 19 19
47 48 5 9
48 1 12 12
48 4 15 13
48 5 17 5
48 13 7 16
48 15 8 16
48 16 8 2
48 17 7 3
48 19 1 13
48 20 18 7
48 25 8 14
48 27 13 15
48 30 4 16
48 31 16 2
48 36 12 9
48 37 10 15
48 41 12 4
48 49 8 0
49 1 16 11
49 3 6 12
49 5 2 14
49 6 5 7
49 7 8 17
49 8 2 15
49 9 4 7
49 10 2 8
49 13 16 19
49 15 18 1
49 16 13 9
49 18 11 15
49 20 12 0
49 21 3 10
49 22 8 11
49 23 4 14
49 24 13 1
49 25 4 2
49 28 4 13
49 30 9 20
49 33 8 9
49 34 14 1
49 35 11 11
49 36 10 8
49 37 2 14
49 38 18 5
49 40 14 7
49 44 0 9
49 47 5 3
49 49 17 2
