50
2
0 0 4 6
0 1 18 3
0 2 18 10
0 3 2 15
0 7 0 11
0 11 14 0
0 14 8 13
0 15 2 8
0 16 14 4
0 17 20 4
0 18 16 7
0 21 13 0
0 22 8 14
0 23 12 19
0 25 12 8
0 26 17 19
0 27 1 11
0 28 5 11
0 29 17 6
0 33 12 2
0 36 12 9
0 37 10 3
0 41 17 16
0 43 12 7
0 44 19 10
0 46 12 19
0 48 17 14
1 3 4 20
1 4 17 12
1 7 12 19
1 9 7 14
1 10 10 13
1 16 8 18
1 18 16 7
1 23 20 16
1 24 10 10
1 25 7 9
1 26 7 2
1 27 15 16
1 28 19 16
1 30 8 9
1 31 15 18
1 32 18 2
1 37 2 18
1 38 1 7
1 39 17 11
1 40 14 14
1 42 6 1
1 43 6 15
1 44 4 18
1 45 14 2
1 46 2 2
1 47 18 16
2 2 13 19
2 5 6 10
2 8 8 3
2 9 1 10
2 11 10 6
2 14 7 2
2 15 0 13
2 17 6 4
2 18 6 10
2 19 20 1
2 20 10 15
2 21 10 4
2 22 6 9
2 23 4 1
2 24 6 8
2 25 10 12
2 26 19 2
2 27 8 5
2 29 10 13
2 30 19 16
2 32 13 8
2 33 12 14
2 38 13 17
2 39 10 4
2 40 7 9
2 44 3 19
2 48 0 12
2 49 4 1
3 0 10 16
3 1 1 13
3 3 18 14
3 7 4 11
3 8 8 13
3 9 4 5
3 11 11 7
3 12 7 7
3 13 17 12
3 15 13 19
3 17 20 4
3 18 18 16
3 23 18 11
3 25 8 11
3 28 1 1
3 29 7 11
3 30 11 4
3 32 3 19
3 35 20 17
3 36 4 18
3 41 14 12
3 43 17 15
3 46 0 14
3 49 13 2
4 1 10 5
4 3 3 17
4 5 4 14
4 6 16 18
4 8 18 9
4 10 14 6
4 13 16 0
4 14 17 14
4 15 10 17
4 16 16 14
4 17 12 17
4 19 9 11
4 20 7 15
4 21 20 7
4 22 12 19
4 26 2 0
4 28 12 8
4 33 19 15
4 36 12 11
4 37 10 5
4 38 13 12
4 40 11 0
4 42 13 10
4 45 16 12
4 48 16 17
4 49 9 12
5 0 2 3
5 1 1 7
5 3 15 8
5 4 20 0
5 6 15 11
5 7 12 4
5 9 19 15
5 10 11 3
5 13 14 14
5 14 1 18
5 16 8 18
5 17 13 20
5 20 5 15
5 21 1 20
5 22 1 10
5 23 14 20
5 24 17 4
5 25 8 6
5 26 18 7
5 29 16 3
5 31 4 1
5 36 5 15
5 37 5 2
5 39 19 17
5 40 6 20
5 42 11 13
6 2 10 10
6 4 5 14
6 8 1 19
6 10 1 13
6 11 18 12
6 14 2 3
6 17 2 19
6 21 18 20
6 25 7 14
6 26 15 7
6 32 15 2
6 33 4 19
6 35 1 18
6 38 2 7
6 40 9 20
6 41 8 20
6 42 1 0
6 43 16 18
7 0 19 9
7 1 16 5
7 2 16 1
7 3 17 14
7 4 4 3
7 7 12 3
7 10 19 10
7 11 4 0
7 12 10 10
7 15 11 6
7 17 7 4
7 18 17 0
7 23 9 11
7 26 14 0
7 27 16 3
7 28 8 11
7 29 13 14
7 31 6 17
7 32 10 8
7 35 12 7
7 36 18 3
7 37 19 10
7 39 15 9
7 45 14 6
7 46 15 19
8 2 0 3
8 3 6 10
8 8 18 8
8 11 20 0
8 13 5 16
8 15 6 1
8 16 14 11
8 17 12 7
8 19 18 15
8 20 19 5
8 24 11 7
8 25 6 19
8 26 1 5
8 30 9 15
8 31 8 12
8 33 20 7
8 37 7 11
8 38 20 11
8 39 16 7
8 40 10 3
8 42 16 18
8 43 4 15
8 44 17 1
8 45 15 14
8 48 17 15
9 0 14 8
9 2 20 1
9 3 17 16
9 4 14 11
9 5 18 12
9 6 12 18
9 7 12 19
9 10 13 9
9 12 8 6
9 13 9 5
9 15 14 7
9 16 18 19
9 19 6 15
9 21 0 7
9 23 14 19
9 24 9 5
9 27 20 1
9 31 4 6
9 33 15 1
9 34 13 4
9 35 9 7
9 36 10 6
9 37 15 2
9 38 3 11
9 41 19 7
9 44 0 8
9 45 1 12
9 47 5 6
9 48 1 8
9 49 5 14
10 1 3 6
10 2 9 11
10 4 12 7
10 6 7 13
10 9 0 19
10 10 10 1
10 11 1 5
10 12 5 16
10 15 20 20
10 16 17 15
10 18 4 4
10 20 20 10
10 22 20 1
10 23 14 0
10 28 9 15
10 29 5 19
10 30 2 4
10 32 9 6
10 34 1 15
10 35 15 18
10 37 2 8
10 38 14 17
10 40 10 5
10 42 6 12
10 43 14 7
11 1 16 6
11 2 14 13
11 5 7 1
11 7 8 15
11 8 11 8
11 10 18 5
11 12 14 3
11 13 14 9
11 14 5 7
11 15 10 2
11 17 18 2
11 18 14 17
11 19 5 16
11 20 10 3
11 22 15 14
11 24 17 13
11 26 9 11
11 29 15 17
11 30 17 16
11 32 19 1
11 35 5 5
11 36 9 11
11 37 18 0
11 42 16 7
11 44 9 9
11 45 0 5
11 48 4 7
12 1 15 1
12 4 15 15
12 5 20 4
12 7 9 20
12 8 16 2
12 9 12 11
12 12 2 8
12 13 1 0
12 17 3 18
12 18 6 17
12 19 9 4
12 20 6 3
12 23 17 12
12 25 1 13
12 29 20 1
12 30 16 19
12 31 11 7
12 32 15 19
12 36 1 6
12 40 2 17
12 41 8 1
12 43 19 5
12 44 19 15
12 45 0 11
12 46 13 17
13 0 7 1
13 2 19 3
13 7 1 10
13 8 16 7
13 10 6 14
13 13 5 4
13 14 3 9
13 15 0 7
13 16 10 11
13 17 4 6
13 18 5 2
13 19 16 20
13 20 3 15
13 21 2 8
13 27 13 8
13 30 0 1
13 31 6 6
13 32 17 1
13 33 3 14
13 34 12 18
13 36 7 15
13 38 10 6
13 39 20 5
13 41 2 2
13 43 3 9
13 44 1 13
13 45 12 15
13 47 0 5
13 48 13 20
14 1 1 18
14 2 19 7
14 3 8 11
14 4 4 0
14 6 2 18
14 9 0 2
14 22 8 11
14 24 12 11
14 25 4 10
14 30 3 10
14 37 12 7
14 39 6 17
14 41 20 9
14 44 2 3
14 45 8 4
14 46 12 8
14 47 4 4
14 48 16 7
15 0 0 4
15 2 16 6
15 3 13 18
15 4 15 15
15 5 9 10
15 6 6 20
15 7 16 10
15 9 18 14
15 11 9 18
15 12 16 3
15 13 10 5
15 14 6 10
15 16 18 18
15 19 20 13
15 20 16 5
15 22 10 2
15 23 5 16
15 24 12 2
15 29 4 13
15 30 13 16
15 31 6 3
15 33 10 17
15 34 8 7
15 36 11 15
15 39 7 20
15 40 1 17
15 41 18 9
15 47 14 10
15 48 7 7
16 0 14 3
16 1 19 16
16 2 15 17
16 4 2 1
16 7 17 16
16 8 4 9
16 11 3 3
16 15 2 12
16 18 2 12
16 19 9 18
16 22 0 7
16 24 20 15
16 25 18 4
16 27 8 11
16 28 3 0
16 29 3 19
16 31 3 8
16 32 18 0
16 33 20 2
16 35 6 0
16 36 9 18
16 38 5 0
16 40 16 0
16 41 10 4
16 44 11 4
16 45 10 0
16 48 9 16
16 49 0 12
17 1 14 18
17 3 12 8
17 5 15 14
17 7 15 15
17 9 11 7
17 13 11 7
17 18 2 18
17 24 17 12
17 25 10 0
17 26 16 20
17 28 18 10
17 29 16 3
17 33 16 9
17 34 4 18
17 38 5 14
17 40 12 13
17 41 16 5
17 42 3 19
17 45 8 7
17 48 3 18
18 0 14 16
18 2 10 7
18 4 7 19
18 5 13 4
18 6 19 7
18 7 20 17
18 12 16 10
18 13 0 2
18 16 8 8
18 17 1 7
18 18 14 14
18 19 13 10
18 20 0 12
18 21 18 0
18 22 10 6
18 29 14 18
18 31 18 5
18 34 15 19
18 37 9 1
18 38 20 19
18 39 18 2
18 45 19 3
18 46 15 17
18 47 10 19
18 48 11 20
18 49 12 20
19 0 9 13
19 1 8 3
19 5 11 4
19 6 12 18
19 7 10 16
19 9 2 7
19 11 4 0
19 12 11 1
19 13 4 16
19 14 8 13
19 16 12 20
19 17 13 14
19 18 5 7
19 19 15 2
19 20 7 12
19 23 4 18
19 24 13 1
19 26 8 4
19 27 4 3
19 28 7 2
19 29 16 9
19 32 17 11
19 34 15 3
19 35 15 12
19 38 9 15
19 43 0 4
19 44 13 11
19 47 15 11
19 48 16 2
20 1 0 15
20 3 1 18
20 7 11 5
20 8 9 5
20 11 1 18
20 15 2 4
20 19 3 16
20 22 12 0
20 26 13 13
20 28 2 8
20 30 16 20
20 32 12 5
20 33 8 18
20 36 15 18
20 37 3 0
20 40 20 17
20 41 5 4
20 43 15 14
20 47 5 1
21 0 5 7
21 1 1 4
21 7 18 11
21 16 18 12
21 18 20 8
21 20 7 4
21 21 11 0
21 25 13 14
21 26 20 12
21 27 9 9
21 28 13 9
21 29 10 13
21 30 14 17
21 31 20 2
21 33 8 18
21 34 15 18
21 36 9 15
21 38 8 11
21 39 10 7
21 40 19 10
21 41 7 13
21 45 8 2
21 46 19 11
21 47 19 6
21 48 6 19
21 49 12 9
22 1 1 9
22 2 8 2
22 4 0 3
22 6 9 4
22 9 19 19
22 10 19 11
22 21 8 12
22 22 4 14
22 24 1 11
22 25 9 9
22 26 3 16
22 27 17 15
22 28 8 16
22 29 10 11
22 32 14 4
22 34 1 3
22 35 15 11
22 40 4 19
22 41 9 13
22 44 5 9
22 45 15 0
22 47 19 12
22 48 12 17
23 0 0 1
23 1 0 6
23 5 19 14
23 6 11 17
23 10 16 18
23 11 18 12
23 12 10 0
23 13 3 20
23 14 17 11
23 16 8 18
23 23 7 6
23 24 6 10
23 25 18 12
23 26 4 13
23 27 5 20
23 28 17 1
23 32 17 14
23 34 6 11
23 35 13 20
23 36 9 15
23 42 13 0
23 43 5 10
23 44 9 4
23 46 16 19
23 49 6 13
24 0 19 4
24 3 7 5
24 6 10 3
24 13 0 12
24 15 2 19
24 16 0 14
24 17 8 14
24 20 11 14
24 21 10 4
24 22 15 19
24 24 16 8
24 26 18 10
24 30 11 11
24 31 5 16
24 32 6 15
24 33 19 15
24 38 6 16
24 41 20 19
24 42 18 5
24 43 9 7
24 47 4 12
24 48 14 6
25 0 18 1
25 1 2 10
25 2 6 5
25 3 2 19
25 7 2 1
25 8 3 8
25 9 15 1
25 10 3 9
25 13 9 19
25 14 6 2
25 15 4 4
25 16 20 15
25 18 6 16
25 20 6 4
25 22 4 2
25 23 16 15
25 24 11 3
25 26 11 11
25 27 10 5
25 28 2 4
25 33 2 13
25 34 15 0
25 36 0 7
25 40 13 15
25 44 9 16
25 45 2 16
25 46 0 11
25 49 13 6
26 0 11 15
26 1 14 17
26 3 17 12
26 4 4 2
26 6 12 10
26 8 8 18
26 9 7 18
26 10 20 14
26 11 12 14
26 12 13 12
26 13 6 15
26 14 15 10
26 17 9 2
26 18 16 3
26 19 9 7
26 20 17 11
26 23 20 18
26 26 8 14
26 27 11 10
26 29 16 2
26 31 20 20
26 37 3 17
26 39 7 15
26 41 5 8
26 42 12 9
26 44 3 16
26 46 14 17
26 48 5 6
26 49 19 18
27 2 8 14
27 3 10 16
27 6 0 4
27 10 2 19
27 12 5 14
27 13 3 12
27 14 15 9
27 15 6 3
27 16 5 0
27 18 14 10
27 19 19 20
27 20 4 7
27 22 18 13
27 23 17 4
27 24 7 14
27 25 20 20
27 29 7 0
27 31 1 2
27 32 8 15
27 35 5 13
27 41 13 16
27 47 14 14
27 48 14 9
28 2 19 17
28 4 18 12
28 5 19 7
28 9 8 17
28 10 11 20
28 14 4 10
28 15 19 17
28 16 6 13
28 21 3 17
28 22 3 3
28 23 19 13
28 24 0 0
28 28 19 17
28 30 6 3
28 32 19 3
28 33 10 7
28 34 16 14
28 35 13 10
28 36 19 3
28 39 3 0
28 40 15 3
28 41 12 4
28 43 6 10
28 44 16 5
28 45 16 0
28 47 3 9
28 48 9 8
28 49 18 7
29 0 20 9
29 4 20 1
29 5 10 15
29 9 5 14
29 11 14 9
29 12 10 2
29 14 13 13
29 17 7 0
29 18 5 15
29 19 14 5
29 20 9 13
29 21 15 2
29 23 3 11
29 34 2 1
29 35 10 12
29 40 9 9
29 41 2 14
29 42 14 1
29 43 0 20
29 44 6 12
29 45 11 15
29 47 18 9
29 48 1 12
29 49 8 16
30 2 3 7
30 3 1 11
30 4 19 10
30 7 7 0
30 8 1 12
30 9 20 3
30 10 19 17
30 11 9 12
30 13 7 13
30 15 11 3
30 16 2 15
30 17 13 0
30 19 4 14
30 20 15 3
30 21 12 11
30 22 7 11
30 23 4 12
30 24 17 15
30 25 5 20
30 28 19 6
30 29 13 1
30 30 1 20
30 31 4 17
30 32 20 7
30 34 2 18
30 35 10 14
30 36 8 4
30 39 15 7
30 41 19 11
30 47 4 2
30 48 4 0
30 49 5 0
31 0 5 10
31 1 8 10
31 2 6 10
31 4 5 11
31 5 9 20
31 7 7 15
31 9 0 3
31 10 6 4
31 12 6 1
31 13 15 8
31 15 8 6
31 16 6 8
31 17 6 6
31 21 11 0
31 27 18 13
31 28 8 10
31 30 7 1
31 31 5 20
31 33 11 13
31 36 13 2
31 37 13 8
31 39 16 4
31 42 14 18
31 45 3 14
31 49 1 1
32 0 1 10
32 1 12 20
32 2 15 6
32 3 8 17
32 4 4 19
32 7 12 9
32 10 7 3
32 13 15 12
32 14 14 16
32 15 6 9
32 17 20 8
32 18 5 15
32 19 16 0
32 20 17 5
32 23 10 0
32 25 18 2
32 27 5 11
32 28 18 4
32 30 18 12
32 32 12 6
32 34 11 17
32 35 11 8
32 40 5 7
32 41 16 16
32 42 0 6
32 44 6 13
32 45 0 4
32 48 12 19
33 1 12 13
33 2 0 1
33 3 5 3
33 5 8 13
33 6 10 1
33 11 9 18
33 12 20 20
33 14 16 3
33 17 2 4
33 22 20 15
33 23 10 4
33 28 2 18
33 29 15 11
33 31 9 3
33 32 2 10
33 38 3 13
33 39 5 6
33 41 0 13
33 42 6 4
33 44 4 9
33 45 15 17
33 46 16 4
33 47 18 1
33 48 2 18
33 49 12 0
34 0 12 6
34 4 15 8
34 5 9 5
34 7 17 8
34 9 19 1
34 10 17 4
34 13 4 1
34 14 17 8
34 15 7 10
34 16 2 18
34 17 16 0
34 18 5 11
34 20 14 13
34 24 7 16
34 25 7 6
34 27 14 10
34 29 20 6
34 31 6 17
34 35 2 18
34 37 20 14
34 38 14 18
34 44 5 7
34 46 17 0
34 48 12 6
34 49 2 2
35 1 1 9
35 3 14 10
35 4 18 10
35 5 10 11
35 7 13 18
35 8 3 19
35 10 9 2
35 11 17 16
35 12 0 4
35 13 2 13
35 15 2 13
35 17 10 20
35 19 8 19
35 20 15 7
35 21 7 3
35 28 20 9
35 29 4 6
35 31 19 8
35 32 5 15
35 33 20 8
35 35 14 3
35 36 14 8
35 37 19 5
35 43 5 0
35 44 3 14
35 47 19 12
36 1 5 6
36 2 3 19
36 3 19 16
36 6 10 14
36 9 8 8
36 10 17 14
36 11 18 18
36 13 18 17
36 14 17 6
36 15 11 18
36 17 18 18
36 20 9 3
36 21 3 7
36 24 5 13
36 25 5 19
36 26 4 7
36 29 14 12
36 34 16 12
36 35 13 12
36 36 8 14
36 40 9 12
36 41 1 0
36 43 19 18
36 44 4 3
36 46 18 0
36 48 12 20
37 0 10 9
37 2 13 11
37 4 13 10
37 5 12 2
37 7 2 4
37 10 8 1
37 11 0 3
37 12 6 0
37 13 10 5
37 15 7 10
37 17 1 19
37 20 20 14
37 21 3 4
37 22 15 10
37 23 17 2
37 24 15 18
37 31 6 7
37 32 19 14
37 33 3 12
37 34 5 19
37 36 8 13
37 37 8 17
37 40 19 14
37 42 14 3
38 0 5 18
38 1 11 7
38 4 10 14
38 12 9 17
38 14 12 11
38 18 9 10
38 19 5 10
38 20 5 19
38 21 8 10
38 26 0 4
38 29 0 16
38 30 11 2
38 31 17 20
38 33 12 0
38 34 13 16
38 36 8 16
38 37 6 13
38 38 15 12
38 40 9 7
38 41 3 16
38 46 9 0
38 47 8 19
39 0 4 18
39 2 9 18
39 3 3 7
39 6 3 15
39 7 14 13
39 9 5 4
39 11 4 5
39 12 15 3
39 13 4 3
39 15 10 11
39 16 4 4
39 19 11 18
39 20 11 18
39 21 9 17
39 22 11 6
39 27 20 16
39 29 17 3
39 30 6 8
39 32 0 13
39 33 3 0
39 34 19 20
39 36 18 15
39 38 11 4
39 41 1 6
39 43 17 13
39 46 11 17
39 47 10 20
39 48 8 3
39 49 5 8
40 0 7 8
40 1 19 14
40 2 6 20
40 3 10 16
40 4 2 16
40 5 13 3
40 6 6 16
40 7 5 12
40 8 8 15
40 10 10 11
40 11 19 2
40 13 3 8
40 15 3 8
40 19 13 18
40 20 9 11
40 21 16 10
40 24 16 9
40 26 16 19
40 27 4 20
40 33 16 1
40 38 20 19
40 45 1 0
40 46 11 8
40 47 3 7
41 0 7 12
41 5 0 6
41 7 15 8
41 9 9 9
41 11 0 18
41 12 17 20
41 17 14 20
41 24 11 15
41 26 1 4
41 27 10 3
41 28 0 1
41 30 19 10
41 33 17 6
41 36 0 0
41 37 16 18
41 38 20 1
41 39 0 4
41 40 8 10
41 41 1 0
41 44 16 2
41 45 10 7
41 46 8 19
41 48 10 16
41 49 8 5
42 2 14 11
42 4 20 15
42 5 7 9
42 8 18 7
42 9 11 20
42 12 6 14
42 15 3 1
42 16 10 0
42 21 19 18
42 22 14 7
42 23 19 7
42 24 16 12
42 28 15 5
42 30 1 8
42 31 20 14
42 32 13 13
42 33 8 0
42 36 13 12
42 38 10 4
42 39 16 5
42 41 14 3
42 43 1 19
42 45 1 0
42 46 7 15
42 47 20 10
42 48 9 17
43 0 6 6
43 1 20 15
43 2 11 19
43 5 5 0
43 8 19 8
43 9 8 6
43 10 14 1
43 13 15 6
43 14 6 0
43 15 11 11
43 16 18 0
43 17 12 4
43 18 6 15
43 21 18 17
43 22 2 17
43 26 20 20
43 27 10 11
43 29 4 5
43 30 0 6
43 32 3 8
43 33 14 9
43 34 9 7
43 37 1 6
43 40 2 20
43 41 1 4
43 42 18 10
43 43 18 3
43 44 20 19
43 47 17 19
44 1 0 20
44 5 6 18
44 6 11 8
44 8 9 9
44 13 19 10
44 14 4 19
44 16 7 4
44 17 11 5
44 20 20 7
44 23 17 14
44 24 8 7
44 31 9 20
44 32 9 18
44 34 8 8
44 35 8 6
44 36 6 2
44 39 0 14
44 41 15 1
44 42 2 14
44 44 16 18
44 47 14 9
45 0 15 6
45 2 18 15
45 5 14 20
45 6 10 12
45 7 19 11
45 9 19 16
45 10 3 7
45 11 11 20
45 12 6 15
45 13 20 3
45 14 4 16
45 17 14 14
45 19 18 8
45 20 0 2
45 22 19 2
45 23 7 16
45 25 18 18
45 26 17 5
45 28 6 4
45 30 14 18
45 33 7 7
45 38 19 0
45 39 14 17
45 40 5 10
45 41 19 9
45 43 4 13
45 45 14 20
45 48 11 15
46 1 12 14
46 2 9 17
46 3 7 18
46 6 0 20
46 8 5 13
46 11 16 4
46 12 18 20
46 15 15 18
46 18 9 8
46 21 16 10
46 24 17 11
46 25 20 12
46 30 8 12
46 31 4 12
46 32 3 0
46 33 4 17
46 34 9 19
46 38 4 17
46 40 5 4
46 41 4 0
46 47 13 13
47 0 15 20
47 1 1 15
47 2 16 12
47 4 2 5
47 7 3 20
47 8 14 15
47 9 7 17
47 14 3 1
47 16 2 15
47 20 16 6
47 21 5 3
47 22 17 12
47 23 11 2
47 25 0 12
47 27 1 16
47 28 3 20
47 32 16 1
47 33 9 2
47 37 7 8
47 41 16 14
47 42 3 10
47 44 14 15
47 45 18 8
47 46 14 12
48 1 6 11
48 3 18 10
48 4 9 17
48 8 11 6
48 9 10 18
48 12 9 19
48 15 19 7
48 18 19 8
48 19 7 0
48 21 8 1
48 26 19 15
48 30 13 14
48 34 8 7
48 35 7 3
48 36 7 3
48 37 17 10
48 38 4 18
48 39 17 5
48 40 5 17
48 41 7 15
48 43 11 3
49 1 5 5
49 3 7 10
49 5 13 2
49 7 17 11
49 10 5 20
49 11 1 20
49 12 6 18
49 14 13 7
49 15 5 2
49 16 13 1
49 18 1 10
49 20 18 0
49 23 11 8
49 26 11 11
49 29 12 2
49 30 19 19
49 33 17 2
49 34 10 10
49 36 2 16
49 38 7 20
49 39 20 20
49 41 18 6
49 42 11 7
49 43 5 16
49 44 6 11
49 45 5 17
49 46 9 16
