50
2
0 3 3 12
0 4 15 16
0 7 10 7
0 8 13 20
0 10 8 17
0 12 6 6
0 16 12 17
0 17 9 7
0 19 14 13
0 25 4 15
0 29 9 16
0 32 5 0
0 39 4 20
0 41 7 17
0 42 0 16
0 43 20 17
0 44 11 1
0 47 3 17
1 2 20 5
1 3 1 2
1 8 4 20
1 20 17 2
1 23 7 6
1 24 14 5
1 25 14 15
1 28 16 15
1 29 18 20
1 30 2 19
1 31 16 2
1 32 0 6
1 36 1 5
1 37 10 14
1 38 5 14
1 39 6 16
1 41 19 20
1 44 18 13
1 47 14 13
1 48 13 7
2 0 18 1
2 1 12 17
2 2 0 7
2 3 12 2
2 6 15 11
2 7 11 2
2 8 9 15
2 10 20 8
2 13 6 15
2 15 14 11
2 27 6 13
2 28 12 14
2 30 1 6
2 31 5 15
2 34 3 17
2 35 16 15
2 36 5 9
2 41 12 14
2 43 16 4
2 47 0 3
3 0 1 5
3 2 14 0
3 3 16 9
3 6 14 19
3 7 7 16
3 8 9 12
3 9 11 17
3 12 0 15
3 14 8 3
3 15 18 5
3 16 17 3
3 17 4 12
3 18 9 8
3 19 8 4
3 22 19 5
3 23 4 20
3 25 18 1
3 26 19 19
3 27 11 11
3 28 2 7
3 29 5 2
3 32 17 19
3 34 19 17
3 40 20 20
3 41 13 13
3 46 17 6
3 49 8 10
4 0 6 0
4 1 1 17
4 2 16 4
4 4 8 12
4 5 1 4
4 9 2 20
4 10 11 1
4 11 15 9
4 15 2 17
4 17 15 17
4 19 18 18
4 21 20 7
4 23 15 2
4 24 8 17
4 27 4 19
4 28 0 5
4 29 16 0
4 32 2 15
4 34 10 20
4 37 14 15
4 38 20 19
4 39 17 10
4 44 14 5
4 45 8 17
4 46 18 17
4 47 0 20
4 49 10 2
5 1 14 3
5 3 17 5
5 12 14 2
5 13 13 7
5 14 3 8
5 16 17 18
5 24 8 20
5 27 18 19
5 28 19 16
5 31 17 14
5 33 1 18
5 35 9 6
5 36 20 2
5 37 15 3
5 39 16 9
5 41 15 2
5 46 20 7
5 47 18 10
5 48 0 8
5 49 20 20
6 0 9 0
6 2 7 15
6 5 6 9
6 7 16 6
6 10 0 7
6 11 16 3
6 12 15 15
6 13 20 17
6 14 12 2
6 16 19 20
6 18 3 12
6 19 13 2
6 20 2 16
6 21 5 12
6 22 14 20
6 27 7 8
6 28 5 12
6 29 3 2
6 30 7 2
6 32 1 5
6 34 19 2
6 35 7 9
6 36 13 7
6 38 0 9
6 42 1 15
6 44 9 15
6 47 4 6
7 0 10 14
7 1 3 20
7 5 15 13
7 8 5 16
7 9 18 15
7 11 4 5
7 13 0 14
7 15 13 20
7 17 4 18
7 18 4 0
7 19 13 12
7 20 10 13
7 22 18 4
7 24 11 14
7 27 0 3
7 28 14 16
7 31 20 14
7 34 0 11
7 39 13 11
7 41 3 12
7 43 11 17
7 44 8 20
7 46 4 4
7 48 18 11
8 0 7 3
8 2 10 6
8 3 15 15
8 6 1 3
8 7 6 2
8 8 10 8
8 10 11 20
8 13 13 4
8 16 11 20
8 19 12 12
8 22 14 19
8 23 17 16
8 26 18 6
8 28 2 3
8 29 15 5
8 30 10 4
8 31 7 2
8 33 16 18
8 34 6 5
8 35 0 8
8 37 5 8
8 41 2 8
8 46 18 9
8 47 19 2
8 48 18 11
9 0 16 6
9 3 15 4
9 7 7 6
9 8 12 13
9 10 14 12
9 11 17 4
9 12 6 12
9 13 17 9
9 15 17 17
9 17 6 3
9 18 18 13
9 20 4 18
9 21 5 13
9 22 2 4
9 23 7 5
9 27 5 5
9 29 15 5
9 30 12 15
9 31 10 11
9 33 9 20
9 35 20 16
9 36 7 11
9 38 16 2
9 39 2 6
9 40 0 19
9 41 1 9
9 42 7 1
9 43 6 15
9 46 16 11
9 47 0 15
10 0 11 8
10 4 13 2
10 6 18 19
10 11 17 5
10 13 2 0
10 16 9 16
10 17 10 16
10 18 15 8
10 23 3 15
10 27 3 0
10 30 12 6
10 31 14 0
10 32 18 3
10 33 8 11
10 35 15 16
10 38 15 20
10 39 18 1
10 40 0 4
10 41 9 9
10 42 5 10
10 44 15 15
10 46 17 5
10 48 9 10
11 1 8 19
11 2 6 18
11 4 17 6
11 5 20 20
11 6 16 20
11 7 0 11
11 12 9 4
11 13 7 0
11 14 4 6
11 16 17 10
11 17 19 9
11 19 12 9
11 20 13 14
11 21 16 7
11 24 0 20
11 26 12 12
11 28 17 18
11 29 18 7
11 30 13 17
11 32 9 16
11 36 5 12
11 37 20 1
11 45 13 15
11 47 9 5
12 0 17 6
12 1 14 5
12 3 4 10
12 5 0 8
12 7 7 9
12 9 20 6
12 11 1 9
12 12 8 6
12 13 15 11
12 16 4 6
12 18 12 10
12 19 0 10
12 20 9 14
12 22 1 19
12 23 5 19
12 24 5 2
12 26 18 16
12 27 15 16
12 28 7 20
12 32 3 15
12 34 9 14
12 35 6 15
12 36 15 11
12 38 13 17
12 41 16 10
12 43 2 14
12 48 8 13
12 49 19 16
13 0 16 16
13 2 2 11
13 3 16 15
13 6 5 18
13 8 4 4
13 11 17 16
13 13 1 11
13 15 18 17
13 16 1 12
13 18 9 2
13 19 5 0
13 20 8 20
13 21 17 6
13 22 14 10
13 26 18 5
13 27 11 10
13 29 11 14
13 31 4 4
13 32 10 6
13 33 8 10
13 35 6 0
13 38 0 14
13 40 20 15
13 42 15 3
13 43 11 15
13 44 10 7
13 45 20 14
13 49 6 15
14 0 11 13
14 3 17 1
14 4 5 6
14 12 9 17
14 13 4 20
14 14 15 2
14 15 4 3
14 17 0 13
14 20 13 8
14 21 19 4
14 23 18 19
14 24 12 0
14 26 12 17
14 27 16 18
14 28 7 15
14 33 4 9
14 34 7 16
14 35 10 17
14 36 19 10
14 38 6 7
14 39 13 10
14 40 3 20
14 44 20 7
14 48 20 9
15 0 6 16
15 2 2 5
15 3 14 14
15 9 19 20
15 10 1 9
15 12 7 14
15 13 16 0
15 14 2 18
15 15 14 2
15 16 6 6
15 17 0 11
15 20 1 0
15 22 1 20
15 24 18 18
15 25 8 5
15 26 11 15
15 27 13 20
15 28 12 0
15 31 9 17
15 33 15 14
15 34 13 18
15 35 14 16
15 36 5 13
15 37 19 1
15 38 18 12
15 39 19 0
15 40 10 9
15 41 14 6
15 42 14 8
15 43 4 8
15 44 0 17
15 45 20 1
15 46 1 8
15 48 13 20
16 2 20 14
16 5 18 2
16 12 4 4
16 13 12 9
16 15 1 6
16 18 8 5
16 19 9 12
16 22 16 15
16 23 0 13
16 24 2 19
16 26 10 10
16 28 14 4
16 31 5 17
16 32 20 7
16 33 13 8
16 39 0 3
16 43 17 9
16 44 15 10
16 45 1 14
16 46 5 11
16 47 0 14
17 1 11 12
17 2 6 3
17 4 11 13
17 5 3 6
17 6 12 8
17 9 5 15
17 10 16 17
17 12 0 19
17 13 17 17
17 14 9 20
17 16 11 18
17 17 13 8
17 18 9 6
17 19 17 19
17 20 10 16
17 22 11 2
17 24 4 15
17 27 11 19
17 30 4 13
17 33 3 10
17 36 4 18
17 38 6 3
17 41 2 4
17 44 12 20
17 46 11 10
17 48 2 7
18 2 19 11
18 4 5 11
18 5 13 1
18 6 17 0
18 7 0 18
18 9 8 14
18 12 8 14
18 13 2 11
18 14 3 12
18 16 11 19
18 18 13 3
18 19 3 2
18 20 2 20
18 21 3 17
18 22 20 17
18 23 7 4
18 24 5 0
18 25 15 10
18 28 11 17
18 30 13 9
18 33 5 7
18 34 17 20
18 39 15 12
18 40 9 20
18 41 13 16
18 42 1 14
18 43 10 10
18 44 11 13
18 47 13 19
19 0 11 0
19 1 11 13
19 4 4 19
19 6 11 15
19 13 19 1
19 15 9 8
19 21 4 1
19 22 1 20
19 23 14 1
19 26 11 1
19 27 16 2
19 28 6 17
19 29 19 2
19 31 2 13
19 34 16 11
19 35 0 9
19 37 18 2
19 41 15 4
19 43 8 8
19 44 17 17
19 46 2 14
19 48 3 4
19 49 11 16
20 0 12 7
20 2 15 2
20 3 4 18
20 6 0 20
20 7 18 11
20 8 2 9
20 10 5 8
20 11 15 7
20 14 18 9
20 15 12 14
20 16 12 8
20 17 16 6
20 18 16 16
20 19 9 17
20 20 1 4
20 21 16 0
20 22 12 0
20 23 7 11
20 24 4 18
20 25 9 8
20 26 12 9
20 32 16 13
20 34 6 19
20 35 11 3
20 38 15 14
20 40 20 19
20 45 1 8
20 46 0 2
20 47 9 20
20 48 8 6
21 0 7 19
21 2 18 18
21 3 15 20
21 5 4 2
21 6 11 7
21 9 11 17
21 10 10 3
21 12 8 6
21 15 11 6
21 16 14 11
21 18 10 0
21 20 19 16
21 21 18 12
21 23 4 9
21 31 18 4
21 32 3 0
21 34 19 19
21 35 1 1
21 36 8 13
21 37 4 9
21 39 10 12
21 40 18 6
21 41 1 5
21 46 20 15
21 49 4 12
22 0 18 14
22 4 11 14
22 5 2 16
22 7 16 15
22 8 5 3
22 10 4 13
22 13 19 19
22 14 14 10
22 16 10 12
22 17 16 18
22 22 20 8
22 23 0 5
22 24 8 7
22 25 9 17
22 27 4 13
22 28 17 6
22 29 16 1
22 33 16 15
22 36 6 6
22 37 2 9
22 39 19 13
22 40 2 3
22 41 0 3
22 45 3 3
22 48 8 18
22 49 14 5
23 5 17 13
23 7 3 14
23 8 8 20
23 10 3 13
23 12 0 4
23 13 20 15
23 15 1 5
23 19 13 19
23 20 16 9
23 21 14 1
23 22 5 14
23 26 16 16
23 28 4 14
23 33 19 1
23 34 15 15
23 36 6 20
23 37 13 20
23 38 14 0
23 41 4 12
23 43 5 15
23 44 0 0
23 45 5 1
23 49 2 20
24 0 12 2
24 3 2 15
24 6 18 19
24 7 9 11
24 8 11 18
24 11 7 17
24 13 13 11
24 16 9 14
24 17 3 2
24 19 7 3
24 24 16 3
24 25 15 6
24 27 4 14
24 28 12 11
24 30 6 0
24 31 4 19
24 32 17 18
24 33 15 18
24 38 14 0
24 39 1 5
24 41 15 3
24 44 10 10
24 45 8 11
24 46 8 1
24 48 11 14
25 3 8 7
25 9 18 14
25 11 8 1
25 13 2 11
25 17 19 13
25 20 17 11
25 21 10 6
25 28 19 5
25 30 7 7
25 32 20 19
25 38 15 5
25 39 5 9
25 41 15 0
25 42 20 2
25 43 11 8
25 44 4 15
25 46 19 20
25 49 20 18
26 0 14 20
26 2 7 14
26 3 9 6
26 4 17 0
26 6 11 13
26 8 13 5
26 10 14 11
26 11 13 6
26 12 8 19
26 13 4 8
26 14 16 19
26 18 3 14
26 21 10 18
26 25 2 14
26 26 4 10
26 27 6 2
26 29 19 9
26 35 20 2
26 36 20 14
26 37 20 11
26 39 16 5
26 41 1 1
26 42 11 12
26 44 19 18
26 45 14 19
26 46 9 6
26 47 13 16
26 48 9 6
27 1 6 1
27 5 14 19
27 6 7 2
27 8 3 19
27 9 5 15
27 12 17 19
27 16 12 7
27 17 11 17
27 18 15 0
27 19 10 10
27 24 3 7
27 26 18 4
27 28 7 15
27 31 2 5
27 32 6 13
27 35 3 17
27 40 15 8
27 42 9 1
27 44 20 17
27 45 7 10
27 49 7 20
28 1 12 16
28 2 2 17
28 4 3 11
28 10 19 14
28 11 17 9
28 12 15 15
28 13 11 8
28 14 0 1
28 15 6 5
28 16 20 1
28 17 0 17
28 19 7 6
28 21 4 1
28 23 1 5
28 24 12 3
28 27 6 3
28 28 14 12
28 29 12 18
28 30 16 8
28 31 19 0
28 33 13 4
28 35 1 8
28 37 9 16
28 40 4 9
28 42 17 12
28 47 4 18
28 48 12 9
28 49 5 15
29 0 3 12
29 1 19 19
29 3 0 3
29 6 5 9
29 7 8 6
29 9 4 20
29 10 20 5
29 14 10 17
29 17 3 14
29 20 14 8
29 21 15 19
29 28 17 16
29 30 16 5
29 31 19 3
29 32 15 17
29 33 14 18
29 36 1 11
29 37 1 17
29 42 14 0
29 44 8 20
29 45 18 20
29 47 7 13
29 49 5 20
30 0 12 0
30 6 13 9
30 7 18 12
30 8 14 7
30 9 17 19
30 11 8 12
30 12 2 8
30 14 5 13
30 15 8 15
30 17 20 5
30 18 0 10
30 19 1 9
30 20 5 15
30 21 14 13
30 23 6 13
30 24 19 13
30 26 11 10
30 27 15 3
30 29 13 17
30 31 2 11
30 33 7 8
30 34 17 7
30 35 5 5
30 36 1 11
30 37 2 17
30 42 1 4
30 43 9 18
30 45 10 7
30 48 7 9
31 1 13 18
31 4 8 0
31 7 13 12
31 8 18 8
31 9 5 16
31 11 7 4
31 12 1 17
31 23 17 20
31 24 12 2
31 26 3 9
31 29 12 17
31 30 13 14
31 31 2 11
31 33 2 19
31 34 2 1
31 35 8 12
31 37 20 19
31 39 9 18
31 40 7 15
31 41 4 20
31 42 8 11
31 45 12 1
32 0 2 16
32 4 6 20
32 5 12 5
32 6 19 16
32 8 12 11
32 10 5 16
32 11 9 12
32 12 20 4
32 14 4 18
32 15 13 3
32 18 8 5
32 20 15 7
32 21 7 6
32 23 3 7
32 24 11 18
32 28 2 0
32 29 10 19
32 30 8 13
32 33 3 0
32 36 5 16
32 37 11 19
32 38 8 12
32 39 20 12
32 40 10 0
32 41 13 13
32 45 7 1
32 46 18 17
32 47 1 3
32 48 8 3
33 0 16 11
33 1 1 5
33 2 13 11
33 7 5 3
33 8 3 7
33 10 14 11
33 11 19 9
33 13 0 3
33 14 18 4
33 16 17 20
33 18 7 6
33 20 11 17
33 22 18 17
33 24 17 1
33 25 9 4
33 26 17 16
33 27 10 16
33 28 9 10
33 31 19 8
33 32 4 0
33 33 9 9
33 36 7 17
33 39 5 11
33 40 17 1
33 44 15 9
33 45 18 4
33 46 20 3
33 47 2 1
34 0 3 3
34 2 5 17
34 4 0 20
34 5 14 19
34 9 20 8
34 12 15 3
34 16 12 0
34 18 20 20
34 19 5 17
34 20 7 12
34 21 12 20
34 22 18 6
34 24 3 17
34 27 6 7
34 31 10 19
34 33 16 7
34 34 15 14
34 35 19 9
34 38 11 5
34 40 9 1
34 42 18 11
34 43 7 8
34 44 8 2
34 46 8 14
34 47 3 20
34 48 19 13
34 49 15 6
35 1 10 5
35 2 12 16
35 3 16 9
35 4 13 7
35 5 3 1
35 7 1 17
35 8 5 0
35 10 12 4
35 11 17 10
35 12 6 15
35 13 15 15
35 14 16 18
35 15 19 2
35 17 0 5
35 22 18 17
35 25 9 12
35 26 1 18
35 29 0 7
35 30 3 16
35 31 1 12
35 34 2 11
35 35 9 3
35 37 4 20
35 38 2 8
35 39 4 10
35 42 16 1
35 43 9 3
35 46 6 13
35 47 11 19
36 1 11 8
36 3 16 2
36 4 17 2
36 5 15 11
36 6 10 18
36 8 0 7
36 10 19 17
36 13 3 4
36 14 0 0
36 16 16 16
36 17 2 11
36 18 8 20
36 19 1 20
36 21 7 10
36 22 13 2
36 25 20 1
36 28 13 9
36 31 6 12
36 33 16 3
36 35 1 0
36 38 20 11
36 39 18 20
36 41 20 20
36 48 3 10
36 49 12 2
37 0 2 3
37 3 17 14
37 4 14 13
37 5 5 12
37 7 2 13
37 8 20 1
37 12 14 8
37 14 1 14
37 17 4 6
37 20 0 17
37 22 1 20
37 23 19 8
37 24 6 1
37 25 9 6
37 27 13 11
37 29 7 14
37 30 1 9
37 33 5 16
37 34 17 19
37 37 13 0
37 40 1 6
37 41 18 9
37 43 8 10
37 44 16 6
37 45 11 13
37 46 1 0
37 49 7 18
38 0 15 9
38 1 19 1
38 2 1 0
38 3 4 13
38 4 2 17
38 6 9 20
38 7 10 18
38 8 8 3
38 14 10 3
38 15 5 20
38 17 11 1
38 21 8 2
38 23 7 7
38 25 19 19
38 28 17 4
38 30 11 17
38 31 5 0
38 32 13 18
38 33 9 10
38 34 9 3
38 35 1 6
38 37 15 15
38 39 10 5
38 40 11 15
38 41 0 15
38 42 3 15
38 43 11 17
38 44 3 4
38 45 14 2
38 47 6 18
39 0 12 20
39 1 10 13
39 3 1 2
39 4 1 7
39 6 13 16
39 11 13 18
39 15 1 19
39 21 20 11
39 22 7 14
39 24 13 10
39 30 5 13
39 31 6 5
39 32 7 3
39 33 13 9
39 34 12 9
39 37 13 17
39 38 0 0
39 41 19 4
39 42 4 8
39 43 12 16
39 44 19 18
39 45 8 19
39 47 11 16
39 49 19 20
40 2 19 13
40 3 20 16
40 6 16 16
40 12 6 9
40 16 4 5
40 17 3 11
40 18 4 3
40 20 5 2
40 21 5 0
40 22 2 16
40 24 17 3
40 26 17 10
40 27 15 3
40 32 18 8
40 35 14 19
40 36 13 8
40 37 5 13
40 39 9 12
40 40 11 11
40 41 12 18
40 42 1 8
40 44 12 5
40 45 15 9
40 46 8 20
40 47 15 7
40 49 15 20
41 7 9 12
41 9 9 20
41 10 4 2
41 14 15 16
41 15 3 10
41 16 10 7
41 17 5 20
41 18 12 6
41 20 11 13
41 21 8 18
41 24 10 3
41 27 7 7
41 28 15 20
41 30 9 6
41 31 18 1
41 32 4 5
41 34 9 0
41 35 14 13
41 37 20 14
41 38 4 5
41 44 15 17
41 45 1 14
41 47 1 3
42 1 0 15
42 2 19 20
42 8 9 0
42 9 13 1
42 11 10 4
42 13 1 1
42 16 12 8
42 17 16 10
42 19 16 20
42 20 3 12
42 22 20 0
42 23 12 14
42 24 15 19
42 26 1 3
42 27 15 7
42 28 1 19
42 30 14 15
42 32 9 17
42 33 20 10
42 34 2 1
42 36 4 18
42 40 4 4
42 45 12 17
42 46 20 5
42 47 2 12
43 1 13 20
43 2 17 3
43 3 13 11
43 8 13 18
43 10 16 20
43 13 1 7
43 16 2 10
43 17 13 4
43 18 6 13
43 23 1 0
43 25 14 10
43 26 13 9
43 27 6 4
43 31 4 14
43 32 9 3
43 33 5 12
43 34 4 16
43 35 10 18
43 36 18 11
43 37 20 11
43 38 8 16
43 41 13 9
43 43 10 9
43 45 1 1
44 1 5 8
44 2 14 1
44 5 14 0
44 6 14 15
44 8 19 1
44 9 6 9
44 13 13 14
44 16 2 2
44 19 1 11
44 22 0 20
44 23 17 15
44 24 11 14
44 25 13 8
44 27 16 9
44 28 7 4
44 30 20 5
44 32 15 8
44 35 9 5
44 37 14 3
44 38 20 17
44 41 20 20
44 42 18 20
44 43 5 16
44 45 15 3
44 48 14 20
45 2 9 3
45 5 14 13
45 10 1 2
45 13 2 3
45 14 12 2
45 16 8 1
45 21 8 9
45 24 10 10
45 26 15 10
45 29 14 4
45 33 5 14
45 34 15 16
45 36 4 14
45 38 12 20
45 39 3 17
45 40 0 5
45 41 4 12
45 42 13 1
45 43 3 16
45 45 15 19
45 46 3 8
46 0 7 7
46 1 2 13
46 3 7 10
46 5 13 8
46 7 7 9
46 9 14 7
46 10 11 9
46 11 12 4
46 13 3 19
46 15 18 15
46 16 16 14
46 18 0 18
46 22 17 1
46 23 20 1
46 31 17 15
46 32 6 4
46 35 2 14
46 37 4 9
46 38 8 7
46 39 8 8
46 40 12 10
46 41 3 4
46 42 12 9
46 43 17 7
46 46 17 10
46 48 1 11
47 0 2 6
47 1 12 15
47 4 6 2
47 5 0 8
47 6 5 10
47 8 14 0
47 11 4 2
47 12 12 10
47 14 11 19
47 15 17 15
47 16 14 7
47 17 13 19
47 19 3 10
47 20 5 8
47 21 1 15
47 22 13 6
47 25 10 13
47 28 8 7
47 30 0 2
47 32 2 20
47 37 13 17
47 38 4 5
47 39 12 18
47 40 2 9
47 46 2 1
47 47 13 8
47 49 10 0
48 0 5 1
48 1 13 15
48 2 15 9
48 5 19 13
48 8 2 15
48 9 0 15
48 12 11 14
48 13 12 2
48 14 5 7
48 18 13 9
48 19 10 2
48 20 13 14
48 22 20 14
48 25 6 14
48 26 11 8
48 27 20 2
48 28 14 14
48 29 18 20
48 30 14 10
48 33 18 2
48 38 17 18
48 45 12 5
48 47 17 5
49 3 19 15
49 4 17 0
49 6 15 5
49 7 15 14
49 9 4 16
49 10 17 9
49 11 6 19
49 12 20 10
49 13 19 12
49 14 20 20
49 17 7 9
49 19 7 20
49 22 17 20
49 28 12 12
49 30 20 14
49 32 17 20
49 41 17 16
49 43 3 11
49 45 6 11
49 49 4 6
