50
2
0 2 14 20
0 5 12 12
0 6 19 1
0 8 9 13
0 9 18 9
0 10 5 9
0 11 20 14
0 12 13 19
0 17 19 1
0 21 2 0
0 27 6 7
0 32 14 9
0 33 9 18
0 34 13 3
0 37 16 4
0 39 16 6
0 41 3 7
0 42 11 6
0 43 6 11
0 44 0 13
0 47 16 11
0 48 20 20
0 49 5 18
1 1 20 13
1 2 18 10
1 11 2 11
1 12 19 9
1 13 1 13
1 14 12 10
1 16 6 1
1 18 20 0
1 19 18 15
1 20 19 13
1 22 17 19
1 27 5 8
1 28 6 10
1 29 6 18
1 30 19 1
1 31 16 11
1 32 17 1
1 35 10 10
1 36 11 1
1 37 0 16
1 39 17 10
1 40 10 13
1 41 4 18
1 43 12 13
1 48 7 8
2 0 5 4
2 1 17 4
2 2 4 3
2 4 9 7
2 5 7 7
2 8 2 11
2 9 17 10
2 10 0 2
2 16 11 5
2 18 15 18
2 22 4 2
2 25 7 6
2 30 10 13
2 32 14 4
2 35 20 2
2 36 14 19
2 41 0 0
2 43 2 8
2 44 0 13
2 45 14 11
2 46 2 5
2 47 0 14
3 0 0 7
3 1 20 17
3 2 12 7
3 8 16 4
3 10 11 8
3 11 13 9
3 13 14 8
3 15 18 14
3 17 12 17
3 18 8 3
3 20 8 0
3 22 5 6
3 23 19 15
3 26 14 20
3 29 13 7
3 31 6 18
3 33 10 17
3 34 13 6
3 39 17 20
3 43 0 11
3 47 3 6
4 2 3 8
4 5 14 18
4 6 12 6
4 9 10 0
4 10 16 11
4 11 5 5
4 12 14 13
4 19 0 0
4 20 10 18
4 24 8 6
4 26 6 18
4 28 13 13
4 29 20 0
4 31 19 10
4 36 13 10
4 37 20 6
4 38 8 19
4 39 4 12
4 40 19 0
4 42 15 17
4 43 11 6
4 45 9 7
4 46 13 2
5 0 3 12
5 2 7 10
5 4 20 17
5 5 19 13
5 9 15 17
5 10 18 3
5 11 19 13
5 13 20 15
5 14 5 13
5 16 0 12
5 17 0 13
5 18 11 19
5 20 7 15
5 21 16 11
5 25 14 20
5 26 7 5
5 27 14 3
5 28 7 12
5 29 19 10
5 30 10 18
5 31 5 4
5 33 5 18
5 34 13 14
5 36 0 7
5 40 15 9
5 41 9 5
5 45 10 16
5 46 16 20
5 47 20 18
5 48 15 8
5 49 16 9
6 0 2 20
6 1 14 0
6 3 7 0
6 5 15 4
6 7 14 12
6 18 7 18
6 19 4 11
6 21 12 5
6 22 13 12
6 23 5 14
6 25 13 6
6 26 1 15
6 27 16 20
6 28 17 17
6 29 6 19
6 30 3 5
6 32 19 1
6 33 13 14
6 35 16 16
6 37 5 20
6 40 12 15
6 41 12 14
6 45 1 18
6 46 16 17
7 0 18 7
7 3 9 18
7 5 6 15
7 6 3 7
7 8 6 18
7 10 3 5
7 15 8 14
7 16 12 13
7 18 5 8
7 19 9 11
7 21 8 16
7 23 3 12
7 25 9 5
7 29 3 14
7 30 17 1
7 31 2 1
7 35 3 4
7 37 13 11
7 39 5 0
7 40 4 10
7 43 10 10
7 44 13 16
7 45 5 12
7 47 15 20
7 48 12 10
8 2 1 2
8 4 14 4
8 7 12 15
8 9 12 5
8 11 18 7
8 13 0 1
8 14 3 11
8 16 5 12
8 19 6 14
8 20 18 20
8 23 19 2
8 26 5 1
8 27 12 1
8 30 1 19
8 32 6 17
8 33 6 14
8 34 15 0
8 35 2 17
8 37 15 4
8 38 11 0
8 40 4 6
8 42 3 12
8 45 17 13
8 48 14 13
9 1 5 4
9 2 9 6
9 3 19 9
9 6 15 18
9 7 8 19
9 8 20 17
9 9 3 8
9 10 7 9
9 11 7 20
9 12 10 12
9 14 16 4
9 15 15 1
9 20 19 15
9 21 20 7
9 22 19 3
9 23 19 1
9 24 2 2
9 27 17 7
9 31 9 1
9 32 18 14
9 34 1 1
9 35 19 18
9 36 4 9
9 40 8 0
9 43 13 0
9 44 19 0
9 45 16 11
9 46 2 7
9 47 8 8
10 1 7 12
10 2 1 2
10 3 20 17
10 6 16 20
10 7 16 12
10 9 14 20
10 10 20 9
10 11 20 9
10 12 16 3
10 16 19 14
10 17 1 18
10 19 8 20
10 20 1 3
10 21 8 18
10 22 20 8
10 25 16 10
10 27 19 18
10 28 4 14
10 30 0 11
10 31 6 1
10 32 17 13
10 34 11 13
10 35 19 2
10 39 18 13
10 40 6 17
10 43 5 18
10 46 18 17
10 47 20 16
11 3 2 12
11 5 12 4
11 6 5 1
11 7 0 6
11 9 20 1
11 10 14 6
11 14 1 3
11 15 20 15
11 17 5 3
11 18 5 5
11 19 5 13
11 22 16 3
11 23 0 12
11 24 18 8
11 31 5 3
11 32 19 7
11 34 12 10
11 35 11 12
11 39 1 14
11 40 15 16
11 42 12 5
11 46 6 4
11 47 9 11
12 0 2 8
12 7 10 10
12 8 5 17
12 12 18 15
12 13 14 9
12 16 13 11
12 18 18 12
12 19 9 1
12 20 16 18
12 21 2 2
12 22 14 8
12 23 18 16
12 25 11 4
12 27 13 0
12 28 15 15
12 29 8 8
12 31 3 13
12 33 6 10
12 34 10 11
12 35 15 17
12 36 14 20
12 38 11 18
12 39 14 20
12 40 13 5
12 42 5 3
12 48 1 14
13 1 18 1
13 3 11 2
13 9 17 18
13 10 0 12
13 12 3 15
13 14 13 11
13 15 8 1
13 16 18 5
13 18 11 5
13 19 1 6
13 21 20 17
13 23 10 20
13 24 10 0
13 27 14 12
13 28 2 5
13 29 13 7
13 32 9 5
13 34 17 18
13 37 16 12
13 39 15 3
13 41 6 17
13 43 6 20
13 44 12 8
13 48 19 8
14 2 9 14
14 4 11 3
14 8 12 4
14 9 13 19
14 10 12 12
14 11 4 20
14 13 10 18
14 16 5 5
14 18 4 15
14 19 3 13
14 21 2 6
14 24 11 9
14 26 14 15
14 31 16 0
14 33 12 2
14 35 4 12
14 38 12 8
14 39 11 8
14 40 14 18
14 41 4 4
14 42 8 19
14 44 0 13
14 45 1 20
14 49 2 19
15 0 17 9
15 3 8 19
15 4 9 20
15 5 8 8
15 6 4 20
15 7 6 8
15 8 11 4
15 9 4 13
15 10 20 12
15 13 2 12
15 17 19 9
15 18 0 12
15 19 14 1
15 20 4 9
15 21 18 16
15 22 13 17
15 24 17 8
15 26 10 4
15 27 14 5
15 29 8 18
15 31 14 12
15 32 8 14
15 36 7 5
15 37 0 18
15 38 14 1
15 41 17 8
15 42 15 18
15 47 3 1
16 0 12 3
16 1 7 15
16 3 4 11
16 4 8 14
16 7 6 19
16 8 17 2
16 9 9 1
16 12 8 19
16 13 8 11
16 14 16 9
16 15 5 5
16 16 2 9
16 17 14 20
16 18 17 13
16 19 2 16
16 20 16 10
16 23 2 14
16 24 17 11
16 25 10 16
16 26 14 18
16 27 10 17
16 29 6 20
16 31 11 18
16 32 3 5
16 33 11 8
16 35 11 6
16 36 3 1
16 39 2 16
16 42 10 10
16 43 19 9
16 44 16 10
16 45 7 8
16 48 19 20
17 6 18 7
17 11 16 4
17 12 4 16
17 16 4 0
17 22 2 16
17 23 1 5
17 24 14 20
17 26 18 17
17 27 20 8
17 29 17 13
17 32 4 8
17 34 17 2
17 35 0 20
17 40 8 14
17 41 12 20
17 42 2 12
17 43 2 0
17 44 13 9
17 45 13 2
17 47 5 2
17 49 7 8
18 0 2 3
18 1 7 7
18 2 12 2
18 5 13 7
18 6 3 13
18 10 4 5
18 11 12 15
18 12 11 15
18 14 1 15
18 15 15 10
18 16 6 2
18 19 4 10
18 20 6 16
18 21 6 16
18 22 9 15
18 23 5 18
18 24 13 17
18 26 1 6
18 28 20 8
18 34 3 2
18 35 15 2
18 37 2 3
18 39 13 5
18 40 4 6
18 41 8 3
18 43 20 7
18 44 0 1
18 46 18 3
18 49 18 6
19 0 4 9
19 3 20 6
19 7 2 2
19 8 5 12
19 10 8 8
19 13 1 9
19 18 0 14
19 26 11 15
19 28 9 15
19 32 13 14
19 34 8 8
19 41 1 15
19 45 14 2
19 47 2 15
19 48 9 11
20 8 14 18
20 9 13 13
20 11 12 1
20 13 0 19
20 14 18 11
20 17 2 11
20 18 15 12
20 19 16 7
20 21 6 10
20 23 16 2
20 24 18 19
20 26 0 16
20 29 13 19
20 31 10 10
20 34 18 12
20 36 16 11
20 39 5 0
20 40 17 15
20 41 16 17
20 42 9 11
20 47 18 17
20 48 12 14
20 49 19 10
21 0 9 10
21 2 16 0
21 4 15 2
21 6 0 3
21 7 5 13
21 8 5 1
21 10 1 0
21 11 9 13
21 15 16 12
21 17 8 0
21 19 19 4
21 20 18 9
21 21 0 18
21 23 9 13
21 25 10 2
21 26 15 17
21 30 1 8
21 31 18 13
21 34 1 20
21 35 20 1
21 36 12 10
21 39 19 6
21 40 9 17
21 41 3 2
21 45 6 1
21 46 19 15
21 47 17 14
21 49 10 3
22 4 11 13
22 5 18 17
22 6 14 9
22 8 2 9
22 9 6 13
22 15 16 8
22 17 16 20
22 19 15 17
22 22 20 7
22 24 2 14
22 25 4 7
22 26 14 6
22 27 1 18
22 29 9 2
22 34 18 6
22 37 1 3
22 41 12 6
22 42 18 9
22 43 13 3
22 45 3 1
22 46 8 5
22 48 7 0
22 49 17 10
23 0 7 18
23 1 5 1
23 3 9 2
23 4 16 0
23 7 10 5
23 8 18 8
23 15 13 3
23 16 1 16
23 18 16 20
23 19 20 7
23 21 9 17
23 26 6 17
23 27 10 14
23 29 15 3
23 32 2 10
23 36 0 18
23 37 0 3
23 39 15 6
23 40 6 0
23 46 14 16
23 48 13 15
24 1 18 5
24 2 8 8
24 9 17 8
24 11 12 5
24 12 6 6
24 16 1 0
24 18 7 1
24 19 18 12
24 21 20 5
24 22 7 18
24 28 18 10
24 29 0 8
24 30 20 20
24 33 13 5
24 34 7 17
24 35 8 0
24 37 2 17
24 40 6 18
24 41 16 17
24 43 2 10
24 45 15 9
24 48 4 17
24 49 4 5
25 1 6 7
25 3 13 11
25 5 13 9
25 6 15 4
25 7 6 16
25 8 5 4
25 9 13 16
25 10 10 6
25 11 6 15
25 13 18 16
25 14 9 20
25 15 15 1
25 16 8 12
25 18 17 16
25 19 10 1
25 20 7 20
25 22 13 14
25 26 2 20
25 28 15 11
25 29 20 5
25 30 6 2
25 31 7 10
25 32 10 10
25 33 6 11
25 34 17 2
25 38 2 1
25 40 5 13
25 43 0 12
25 44 1 19
25 49 20 20
26 0 10 4
26 4 11 16
26 5 3 18
26 6 20 18
26 9 0 1
26 15 13 12
26 16 16 9
26 17 9 0
26 20 9 19
26 21 13 3
26 22 2 9
26 27 12 9
26 29 7 15
26 30 4 10
26 36 1 3
26 39 19 7
26 40 10 19
26 43 13 9
26 44 20 16
26 46 20 4
26 48 14 10
27 0 16 15
27 5 17 1
27 7 18 3
27 10 9 17
27 12 8 1
27 13 3 10
27 17 3 3
27 18 20 8
27 19 13 4
27 21 0 0
27 24 16 16
27 26 1 15
27 27 1 19
27 30 14 0
27 31 9 3
27 32 14 11
27 33 4 16
27 34 10 13
27 38 13 4
27 39 17 1
27 40 6 17
27 41 10 10
27 44 12 15
27 46 5 0
27 47 9 13
28 0 20 11
28 3 6 4
28 6 13 17
28 8 9 16
28 10 18 10
28 11 5 18
28 12 13 2
28 15 1 18
28 16 8 17
28 17 16 4
28 23 12 6
28 25 20 0
28 29 15 13
28 31 14 3
28 33 10 13
28 34 7 4
28 35 19 16
28 36 1 10
28 38 11 20
28 39 11 4
28 40 15 14
28 41 3 14
28 42 20 15
28 45 2 19
28 48 20 4
28 49 15 15
29 2 15 12
29 3 9 16
29 5 2 18
29 6 19 0
29 7 19 0
29 8 12 4
29 9 20 9
29 10 13 0
29 11 16 3
29 13 16 10
29 14 5 3
29 16 20 2
29 17 12 15
29 20 13 17
29 21 10 13
29 22 12 13
29 23 9 5
29 24 1 8
29 28 0 10
29 29 0 8
29 31 14 5
29 32 14 5
29 33 18 16
29 34 6 7
29 36 8 13
29 38 18 5
29 40 11 12
29 41 14 7
29 43 9 2
29 44 6 1
29 46 4 9
29 48 18 0
30 1 16 9
30 2 0 19
30 3 18 1
30 4 0 16
30 5 14 1
30 6 13 13
30 8 8 3
30 10 8 16
30 12 4 8
30 14 11 3
30 15 15 10
30 16 11 16
30 17 7 6
30 18 11 17
30 25 0 15
30 27 6 12
30 28 14 11
30 30 5 19
30 34 12 8
30 36 18 0
30 37 12 12
30 38 0 13
30 39 8 9
30 40 15 17
30 41 19 5
30 42 12 11
30 44 10 18
30 45 4 6
30 46 11 8
30 47 11 20
31 1 4 11
31 2 13 13
31 4 9 8
31 5 13 0
31 6 11 12
31 7 5 14
31 8 5 2
31 11 4 19
31 13 8 0
31 14 18 2
31 15 3 6
31 18 19 4
31 22 9 8
31 23 17 16
31 24 14 14
31 25 1 11
31 27 2 12
31 31 10 3
31 32 11 5
31 36 18 5
31 37 5 12
31 38 17 0
31 39 8 12
31 40 5 13
31 41 4 20
31 43 15 19
31 44 5 11
31 45 17 17
31 48 1 11
32 1 8 8
32 2 6 8
32 4 8 11
32 5 3 1
32 7 9 6
32 8 2 19
32 9 12 19
32 11 15 12
32 12 13 0
32 13 0 2
32 16 11 0
32 17 2 3
32 22 12 11
32 23 5 5
32 25 12 4
32 27 12 3
32 29 18 19
32 31 10 9
32 33 18 17
32 34 3 1
32 35 5 8
32 39 2 19
32 40 6 10
32 42 20 19
32 45 2 4
32 47 17 3
33 0 20 10
33 5 19 13
33 8 13 20
33 12 16 0
33 18 16 10
33 20 9 20
33 21 17 5
33 23 11 14
33 25 3 3
33 27 18 3
33 30 2 16
33 31 1 15
33 33 13 5
33 36 4 15
33 37 18 18
33 38 5 19
33 39 0 9
33 41 11 11
33 42 5 18
33 45 4 15
33 49 7 7
34 1 1 7
34 3 5 1
34 5 16 17
34 7 6 18
34 8 7 15
34 10 19 3
34 11 18 0
34 15 6 10
34 16 13 10
34 17 7 15
34 22 11 18
34 23 5 5
34 25 8 9
34 26 17 8
34 27 1 16
34 28 18 14
34 32 20 4
34 33 10 4
34 35 18 6
34 37 13 16
34 38 15 20
34 39 1 3
34 41 11 0
34 43 11 20
34 44 11 0
34 45 12 4
34 47 13 20
35 0 11 17
35 2 11 18
35 3 9 0
35 4 16 4
35 8 19 0
35 9 13 3
35 10 12 9
35 11 10 1
35 12 9 19
35 15 20 3
35 17 10 6
35 19 2 4
35 21 17 6
35 23 9 10
35 25 17 3
35 26 14 2
35 27 2 0
35 29 4 15
35 30 15 3
35 32 9 9
35 38 19 11
35 39 9 17
35 40 12 20
35 41 5 10
35 42 20 19
35 43 8 13
35 45 9 12
35 46 9 6
35 49 17 6
36 2 8 10
36 4 5 8
36 12 2 15
36 13 5 0
36 14 18 12
36 16 14 19
36 17 19 18
36 18 2 10
36 19 9 13
36 20 19 15
36 21 7 20
36 22 20 7
36 23 10 14
36 25 9 18
36 27 12 18
36 30 9 5
36 31 11 15
36 32 4 7
36 36 14 18
36 41 11 3
36 43 4 8
36 46 12 8
36 47 2 12
36 48 1 2
36 49 8 7
37 0 8 2
37 1 15 1
37 4 6 4
37 5 1 3
37 10 16 4
37 11 7 20
37 13 11 17
37 16 11 14
37 17 16 17
37 18 2 13
37 25 9 8
37 32 11 20
37 34 3 18
37 36 3 1
37 39 8 15
37 41 5 16
37 42 14 20
37 43 13 3
37 46 10 15
37 48 11 6
38 1 12 10
38 3 20 8
38 6 7 6
38 8 5 13
38 9 12 20
38 10 13 10
38 11 1 12
38 14 3 11
38 16 10 10
38 27 0 5
38 31 9 7
38 32 18 1
38 33 11 4
38 34 10 5
38 35 1 4
38 36 8 20
38 37 18 13
38 41 19 17
38 42 2 6
38 44 20 17
38 45 8 6
38 49 8 1
39 0 7 11
39 1 14 4
39 2 16 1
39 6 7 17
39 9 12 5
39 10 7 8
39 12 17 5
39 13 17 8
39 15 7 1
39 18 2 15
39 19 4 17
39 20 8 0
39 24 9 9
39 27 0 2
39 28 13 6
39 30 13 20
39 33 20 14
39 34 15 15
39 36 8 2
39 40 18 18
39 42 17 8
39 43 5 3
39 44 2 2
39 45 3 8
39 47 6 12
39 49 20 17
40 3 12 7
40 4 10 18
40 5 20 20
40 6 14 7
40 10 1 14
40 16 2 6
40 17 1 5
40 18 5 14
40 23 6 9
40 24 14 15
40 30 6 13
40 31 19 19
40 34 8 17
40 35 16 5
40 37 1 1
40 38 8 5
40 39 16 11
40 40 13 0
40 44 17 14
40 45 4 9
40 47 11 15
40 48 13 11
40 49 4 19
41 0 14 8
41 1 3 19
41 2 20 13
41 3 15 4
41 6 19 3
41 8 18 18
41 9 11 7
41 10 11 20
41 11 13 0
41 12 13 18
41 14 2 5
41 15 13 6
41 17 2 16
41 19 2 7
41 22 2 16
41 23 16 5
41 24 12 1
41 25 13 20
41 26 11 6
41 29 0 13
41 31 14 6
41 34 20 2
41 38 20 16
41 41 3 0
41 42 19 20
41 43 10 9
41 46 7 0
41 49 0 12
42 0 4 13
42 1 0 6
42 4 13 10
42 5 7 3
42 8 15 12
42 9 0 3
42 10 0 16
42 12 10 7
42 14 8 16
42 16 15 7
42 17 2 11
42 19 8 18
42 21 3 0
42 23 16 17
42 24 20 11
42 25 8 0
42 26 13 13
42 27 6 8
42 28 20 17
42 29 1 13
42 30 11 6
42 32 2 12
42 33 3 11
42 37 8 7
42 38 17 12
42 39 19 16
42 40 14 3
42 42 0 4
42 43 1 8
42 45 9 2
42 46 17 12
42 48 20 17
43 0 0 18
43 2 16 5
43 4 10 3
43 7 2 13
43 8 7 6
43 9 8 17
43 12 15 16
43 16 3 8
43 18 19 19
43 19 9 15
43 21 6 20
43 23 18 20
43 27 17 4
43 31 11 3
43 32 1 20
43 34 2 12
43 35 12 2
43 36 20 12
43 39 15 10
43 42 18 3
43 43 3 9
43 46 16 0
43 49 15 8
44 0 15 3
44 1 10 0
44 2 19 13
44 3 2 13
44 4 2 14
44 7 12 12
44 10 18 14
44 12 19 9
44 14 14 3
44 16 3 2
44 19 19 18
44 21 0 20
44 23 15 16
44 24 4 13
44 27 0 13
44 28 16 0
44 31 12 12
44 33 19 5
44 37 6 2
44 39 20 12
44 42 15 17
44 43 11 6
44 46 15 4
44 47 17 17
44 48 1 2
44 49 15 20
45 2 2 14
45 6 16 9
45 7 0 3
45 10 2 12
45 16 18 11
45 17 20 13
45 22 2 19
45 24 17 1
45 27 3 16
45 30 20 19
45 32 15 4
45 35 18 4
45 36 1 0
45 39 9 0
45 41 9 12
45 43 10 3
45 45 18 2
45 47 16 11
46 3 6 11
46 4 19 11
46 5 20 18
46 6 18 14
46 9 19 15
46 10 19 6
46 12 13 17
46 13 10 1
46 14 20 15
46 17 11 15
46 19 16 8
46 21 11 10
46 25 20 12
46 28 13 8
46 33 12 11
46 34 7 19
46 35 5 19
46 36 7 15
46 37 0 20
46 38 1 6
46 39 8 14
46 40 14 14
46 44 4 0
46 46 9 15
46 47 10 20
46 49 6 8
47 0 8 14
47 1 17 19
47 2 5 4
47 12 18 7
47 17 19 7
47 20 0 11
47 22 6 11
47 23 19 8
47 24 19 18
47 25 11 14
47 27 20 14
47 29 9 18
47 30 14 20
47 31 16 14
47 33 17 7
47 34 1 13
47 35 4 17
47 37 13 12
47 39 19 2
47 42 13 1
47 43 16 1
47 44 2 14
47 45 18 3
47 46 10 18
47 47 6 13
47 48 5 1
48 1 11 2
48 2 9 2
48 4 1 7
48 5 17 7
48 6 11 14
48 9 14 13
48 10 8 2
48 11 14 20
48 12 1 1
48 14 18 15
48 16 8 2
48 17 12 10
48 20 9 14
48 21 9 13
48 22 6 5
48 24 16 15
48 26 1 13
48 30 6 3
48 32 9 11
48 33 0 5
48 36 18 12
48 37 10 6
48 38 12 17
48 40 5 8
48 41 9 9
48 42 16 5
48 46 13 20
49 0 12 8
49 8 7 13
49 10 17 3
49 11 3 5
49 12 17 17
49 13 8 18
49 14 10 4
49 15 2 14
49 16 3 5
49 17 9 9
49 19 14 17
49 21 8 2
49 22 20 0
49 24 4 1
49 27 13 18
49 32 18 6
49 33 2 5
49 34 3 12
49 36 13 14
49 39 8 11
49 40 3 5
49 41 3 15
49 44 6 4
49 47 14 8
