50
2
0 0 8 18
0 2 16 2
0 9 2 20
0 11 14 11
0 12 7 11
0 15 19 1
0 16 2 4
0 17 1 16
0 18 5 10
0 23 17 12
0 24 7 1
0 25 14 5
0 26 17 11
0 28 15 0
0 29 8 17
0 30 2 4
0 31 16 14
0 32 17 7
0 33 13 20
0 34 7 19
0 35 16 20
0 41 4 14
0 42 13 11
0 43 18 20
0 44 0 8
1 0 20 16
1 1 18 17
1 4 8 8
1 6 3 16
1 9 0 13
1 10 4 7
1 11 7 12
1 13 14 4
1 15 0 12
1 17 3 2
1 18 19 12
1 19 5 8
1 22 5 20
1 23 18 15
1 27 13 14
1 29 5 13
1 30 16 9
1 37 5 0
1 39 11 19
1 42 0 6
1 43 19 8
1 44 10 19
1 48 14 1
2 0 19 18
2 2 4 14
2 3 0 14
2 4 1 5
2 5 19 5
2 6 7 1
2 11 7 7
2 12 14 3
2 16 4 18
2 17 15 5
2 20 3 15
2 21 17 10
2 22 10 7
2 24 20 18
2 25 18 2
2 27 19 13
2 29 15 7
2 30 15 18
2 31 1 13
2 32 6 3
2 33 20 1
2 35 20 5
2 37 15 16
2 39 14 7
2 40 16 8
2 41 1 8
2 42 1 5
2 44 10 11
2 45 3 10
2 46 20 10
2 49 13 17
3 1 20 4
3 5 14 6
3 6 16 10
3 8 9 3
3 9 13 5
3 11 8 8
3 12 16 3
3 13 11 17
3 14 20 16
3 15 7 3
3 16 16 15
3 17 4 5
3 18 20 13
3 21 1 9
3 25 10 11
3 28 12 19
3 29 9 8
3 35 12 0
3 39 16 8
3 42 7 14
3 43 0 10
3 44 17 10
3 45 13 8
3 46 7 10
4 5 3 2
4 6 10 20
4 7 5 17
4 9 3 7
4 10 13 5
4 12 13 3
4 13 6 17
4 15 2 6
4 16 6 4
4 17 19 18
4 19 4 16
4 21 11 18
4 25 2 6
4 26 6 8
4 28 15 10
4 30 19 1
4 31 18 17
4 32 9 17
4 37 4 18
4 39 19 6
4 42 9 1
4 43 14 19
4 44 10 16
4 47 17 1
4 49 7 2
5 1 10 11
5 4 20 10
5 5 19 20
5 6 11 1
5 12 2 14
5 13 2 9
5 15 9 14
5 16 9 20
5 17 1 3
5 25 15 9
5 26 14 8
5 29 16 9
5 30 8 1
5 31 8 19
5 33 0 7
5 39 2 8
5 42 17 11
5 45 3 2
5 48 17 15
6 2 10 8
6 4 7 13
6 7 19 8
6 9 2 9
6 10 7 13
6 13 11 17
6 14 12 6
6 15 17 0
6 19 0 5
6 22 17 13
6 23 16 0
6 27 13 7
6 28 16 8
6 29 16 15
6 30 15 11
6 32 16 4
6 33 10 14
6 35 18 6
6 37 13 3
6 39 16 20
6 42 17 5
6 43 3 19
6 48 12 13
6 49 20 3
7 2 18 0
7 3 1 15
7 4 17 10
7 9 2 13
7 11 8 10
7 12 19 11
7 14 14 1
7 15 11 16
7 16 12 3
7 18 9 14
7 19 20 4
7 20 6 9
7 21 18 12
7 24 13 20
7 25 5 9
7 31 11 5
7 33 11 3
7 34 10 7
7 39 5 12
7 41 14 2
7 42 5 3
7 43 8 12
7 44 13 14
7 45 4 15
7 46 19 20
7 48 7 15
7 49 4 13
8 6 1 12
8 8 20 0
8 9 1 18
8 10 13 6
8 11 18 6
8 12 6 10
8 17 14 16
8 19 1 3
8 20 12 10
8 23 9 16
8 24 10 7
8 26 2 18
8 29 16 8
8 30 2 2
8 31 7 3
8 32 8 14
8 33 10 20
8 34 10 20
8 36 9 18
8 37 18 15
8 43 0 18
8 44 15 18
8 45 10 8
8 47 1 5
9 1 18 7
9 3 6 6
9 7 4 4
9 8 4 14
9 11 20 13
9 12 12 14
9 13 3 7
9 15 20 18
9 18 7 2
9 20 1 2
9 22 9 3
9 25 17 20
9 26 3 19
9 29 7 0
9 30 6 13
9 31 4 15
9 32 19 6
9 35 15 10
9 37 5 19
9 40 0 16
9 41 16 8
9 42 20 10
9 43 3 6
9 45 17 12
9 48 13 1
10 1 9 13
10 2 17 19
10 3 9 5
10 5 3 15
10 11 3 15
10 12 1 10
10 15 19 15
10 16 18 3
10 17 1 7
10 18 12 9
10 19 7 8
10 20 19 13
10 21 6 3
10 22 14 7
10 23 12 7
10 24 1 5
10 26 18 1
10 27 13 19
10 28 2 13
10 29 0 5
10 31 18 4
10 32 15 17
10 33 1 17
10 37 12 2
10 40 3 16
10 41 1 10
10 42 10 6
10 43 1 14
10 44 7 16
10 46 3 12
10 48 8 3
10 49 8 15
11 0 7 17
11 2 15 20
11 5 8 14
11 7 9 20
11 8 9 19
11 10 8 14
11 11 4 6
11 12 1 13
11 13 20 10
11 15 2 0
11 17 15 15
11 18 9 4
11 19 10 9
11 20 15 1
11 21 12 7
11 23 9 12
11 27 3 1
11 28 4 20
11 29 16 9
11 31 20 14
11 34 19 1
11 35 19 7
11 37 13 14
11 38 0 19
11 39 10 1
11 42 20 18
11 44 12 19
11 45 11 13
11 46 9 0
11 47 6 8
11 48 11 11
11 49 14 5
12 0 4 6
12 1 2 10
12 2 16 7
12 4 8 12
12 5 0 12
12 8 12 1
12 10 12 7
12 11 9 6
12 12 8 14
12 13 7 5
12 14 6 1
12 22 14 16
12 23 0 3
12 26 14 12
12 35 11 17
12 36 12 2
12 37 10 16
12 39 11 2
12 42 4 13
12 44 20 2
12 47 11 1
12 48 5 13
12 49 7 12
13 3 13 19
13 5 9 12
13 6 4 18
13 7 11 18
13 10 4 20
13 11 0 12
13 14 10 16
13 15 3 19
13 16 6 5
13 17 14 2
13 19 0 12
13 20 17 15
13 23 20 12
13 26 0 20
13 29 19 16
13 30 7 7
13 34 15 20
13 35 16 12
13 39 13 3
13 42 19 11
13 45 7 20
13 47 19 8
13 48 12 6
13 49 11 17
14 1 8 6
14 5 11 0
14 6 11 5
14 8 0 9
14 9 20 17
14 10 15 20
14 19 8 0
14 20 4 15
14 21 12 1
14 22 8 7
14 23 11 20
14 24 1 16
14 25 20 3
14 26 5 7
14 28 16 18
14 29 12 8
14 30 14 15
14 31 6 0
14 32 9 11
14 34 16 4
14 40 2 9
14 41 4 9
14 43 5 16
14 44 0 10
14 47 12 7
14 49 0 13
15 0 14 16
15 2 2 0
15 4 16 4
15 5 18 11
15 6 10 16
15 7 0 3
15 8 0 15
15 9 12 16
15 13 19 5
15 15 20 8
15 16 18 6
15 18 1 19
15 22 12 9
15 24 5 20
15 25 13 11
15 26 19 17
15 27 19 16
15 28 17 10
15 32 3 15
15 35 20 1
15 37 13 2
15 40 20 12
15 41 8 9
15 44 8 11
15 46 18 0
15 49 8 7
16 0 12 13
16 3 8 20
16 4 16 3
16 7 4 2
16 8 7 13
16 9 20 10
16 11 16 17
16 13 14 0
16 15 2 5
16 17 17 4
16 18 0 2
16 19 3 16
16 22 16 19
16 25 15 5
16 26 8 8
16 27 12 19
16 29 15 5
16 32 5 12
16 34 16 0
16 36 9 1
16 40 17 14
16 42 3 18
16 43 0 4
16 45 4 16
16 46 4 18
16 47 6 15
16 48 19 13
16 49 15 5
17 1 20 16
17 3 15 7
17 4 15 18
17 7 16 6
17 10 2 14
17 12 3 19
17 15 14 8
17 19 13 12
17 22 6 4
17 25 20 5
17 29 3 9
17 32 11 1
17 40 13 11
17 41 6 6
17 42 11 2
17 43 8 2
17 46 17 19
17 49 0 13
18 1 0 11
18 2 13 11
18 5 13 8
18 6 11 11
18 9 10 15
18 12 20 7
18 13 5 19
18 14 9 19
18 15 0 6
18 16 3 20
18 19 8 20
18 20 18 15
18 21 10 12
18 22 9 17
18 24 17 1
18 25 18 10
18 26 11 14
18 27 2 8
18 30 9 15
18 31 17 17
18 32 10 14
18 33 8 4
18 34 1 4
18 35 8 10
18 37 19 5
18 39 2 13
18 40 12 2
18 41 2 2
18 46 6 16
19 2 20 12
19 3 11 8
19 4 12 18
19 6 11 8
19 8 3 20
19 9 20 7
19 10 15 0
19 11 1 16
19 15 19 15
19 16 13 7
19 20 2 1
19 22 4 8
19 24 14 2
19 25 20 14
19 26 16 2
19 27 8 8
19 28 4 19
19 29 18 0
19 31 19 2
19 32 14 14
19 33 12 17
19 34 0 1
19 35 4 14
19 36 4 14
19 37 3 8
19 39 19 6
19 40 2 4
19 41 1 17
19 42 14 7
19 43 1 13
19 46 6 18
19 47 8 10
19 48 6 13
19 49 12 4
20 1 14 19
20 4 13 16
20 5 0 4
20 6 0 18
20 10 14 5
20 11 14 3
20 13 7 14
20 14 17 9
20 16 19 9
20 18 11 11
20 19 20 7
20 21 8 15
20 23 16 12
20 24 12 0
20 29 13 3
20 35 17 18
20 41 12 7
20 42 0 5
20 44 5 20
20 47 14 20
20 49 7 16
21 0 6 2
21 1 4 8
21 2 11 19
21 3 9 7
21 7 19 6
21 10 14 8
21 11 14 17
21 12 2 15
21 13 12 6
21 16 7 1
21 17 2 9
21 19 17 6
21 20 18 18
21 21 3 4
21 23 2 7
21 24 1 2
21 28 19 10
21 29 10 20
21 32 12 15
21 33 7 18
21 35 19 2
21 36 17 19
21 37 14 0
21 41 15 13
21 43 17 2
21 44 15 4
21 45 9 17
21 46 11 8
21 47 8 12
21 48 14 8
21 49 20 10
22 2 4 5
22 3 11 14
22 4 4 18
22 6 15 6
22 7 16 12
22 10 11 13
22 11 14 10
22 13 4 14
22 14 0 14
22 15 2 1
22 20 5 11
22 23 6 0
22 25 2 7
22 27 13 2
22 32 19 11
22 37 9 12
22 40 2 2
22 44 11 5
22 46 9 14
23 0 13 18
23 1 19 11
23 2 17 4
23 3 1 9
23 5 5 1
23 6 0 4
23 8 18 0
23 9 0 13
23 10 13 15
23 15 16 17
23 16 18 13
23 17 6 10
23 18 19 19
23 20 6 20
23 22 8 15
23 23 20 2
23 25 17 6
23 26 17 11
23 28 6 13
23 30 0 12
23 31 8 15
23 32 13 2
23 34 11 10
23 35 15 4
23 36 15 12
23 37 13 3
23 38 6 0
23 39 17 20
23 40 1 12
23 41 4 19
23 43 4 0
23 44 12 9
23 46 4 10
23 49 7 6
24 5 19 6
24 7 9 8
24 8 4 14
24 10 0 15
24 11 0 17
24 12 4 9
24 14 2 1
24 18 18 15
24 20 3 10
24 21 5 11
24 22 14 15
24 23 9 15
24 25 5 4
24 26 11 14
24 27 11 1
24 30 12 18
24 31 3 1
24 36 3 12
24 37 4 13
24 41 11 10
24 42 9 6
24 43 10 1
24 45 0 10
24 46 19 1
25 0 13 17
25 3 5 6
25 4 19 13
25 8 6 20
25 11 1 1
25 12 16 6
25 13 14 5
25 15 13 17
25 16 7 14
25 18 12 9
25 21 4 2
25 23 6 0
25 24 12 13
25 26 8 6
25 27 13 11
25 28 20 20
25 29 16 14
25 30 0 4
25 34 19 18
25 37 10 0
25 38 19 10
25 47 16 17
25 48 1 20
25 49 16 16
26 0 0 14
26 4 4 13
26 5 12 8
26 7 18 2
26 8 4 8
26 9 10 2
26 12 11 17
26 15 17 5
26 16 0 14
26 18 2 2
26 27 11 6
26 28 5 10
26 30 4 15
26 31 1 2
26 36 5 9
26 37 14 5
26 38 0 13
26 41 17 11
26 42 8 11
26 45 19 20
26 46 16 0
27 0 12 14
27 2 9 8
27 3 5 5
27 6 7 4
27 8 20 16
27 9 12 11
27 12 8 15
27 16 10 18
27 20 10 4
27 21 16 6
27 28 19 8
27 30 19 14
27 31 1 2
27 32 19 10
27 33 6 16
27 41 13 12
27 44 5 3
27 45 0 12
27 46 7 6
28 3 4 4
28 7 16 0
28 9 14 11
28 11 18 20
28 13 18 17
28 15 1 14
28 16 11 16
28 17 7 5
28 18 7 10
28 20 3 18
28 23 19 11
28 24 6 4
28 28 13 9
28 32 2 18
28 34 9 10
28 35 0 0
28 36 2 3
28 39 0 11
28 40 1 5
28 41 10 12
28 44 10 20
28 45 20 15
28 46 6 1
28 49 6 4
29 1 4 15
29 4 20 11
29 8 11 11
29 9 19 15
29 12 11 4
29 17 14 7
29 23 3 11
29 25 15 5
29 27 4 9
29 30 6 5
29 33 10 9
29 35 5 0
29 37 13 13
29 38 3 17
29 39 0 17
29 40 0 4
29 41 6 2
29 43 20 13
29 44 15 20
29 45 2 0
29 46 16 4
30 0 12 1
30 1 9 6
30 4 5 11
30 8 7 18
30 10 9 14
30 12 12 19
30 17 4 15
30 19 7 1
30 21 19 15
30 22 20 10
30 24 16 4
30 26 13 18
30 27 3 16
30 28 3 19
30 30 12 13
30 32 15 0
30 33 0 10
30 34 15 17
30 35 0 15
30 46 7 17
30 47 7 9
30 48 4 13
31 0 15 16
31 3 5 8
31 7 7 15
31 11 20 11
31 12 7 19
31 14 15 1
31 16 19 15
31 18 0 9
31 19 12 13
31 20 15 18
31 21 17 10
31 22 6 18
31 23 20 7
31 24 14 16
31 25 0 14
31 26 19 7
31 30 9 2
31 35 6 8
31 36 0 10
31 37 8 5
31 39 8 2
31 42 9 14
31 44 15 19
31 45 12 9
31 46 7 19
31 48 4 15
31 49 10 15
32 4 14 12
32 6 5 15
32 7 9 10
32 10 3 19
32 13 15 2
32 19 16 15
32 20 15 20
32 24 10 8
32 27 17 12
32 30 14 4
32 31 10 18
32 33 11 13
32 35 9 5
32 36 13 9
32 41 4 10
32 42 15 19
32 44 20 8
32 45 11 8
32 46 15 18
32 47 20 4
33 0 1 1
33 2 5 13
33 3 13 3
33 5 17 20
33 8 15 9
33 12 7 4
33 17 3 19
33 18 12 4
33 19 10 18
33 20 11 14
33 24 13 2
33 26 19 5
33 27 12 8
33 28 4 13
33 30 9 17
33 31 19 6
33 33 18 3
33 34 10 19
33 35 11 20
33 38 5 15
33 40 18 7
33 41 1 9
33 43 10 18
33 45 11 15
33 46 10 10
33 48 17 19
33 49 1 1
34 0 6 15
34 1 5 1
34 2 13 14
34 3 19 13
34 4 2 16
34 6 16 0
34 9 12 4
34 14 7 14
34 15 7 17
34 17 17 16
34 19 15 11
34 24 15 5
34 27 2 11
34 28 6 10
34 33 14 0
34 34 8 9
34 37 18 15
34 38 3 14
34 40 5 1
34 43 0 16
34 44 7 16
34 48 14 4
35 2 16 14
35 3 5 2
35 5 10 18
35 6 17 2
35 7 6 13
35 8 11 16
35 12 7 16
35 14 2 1
35 17 4 1
35 19 19 4
35 21 13 16
35 22 17 6
35 23 15 16
35 25 11 17
35 28 4 9
35 30 9 1
35 31 5 2
35 34 5 6
35 36 7 10
35 40 11 12
35 41 8 20
35 42 4 7
35 43 3 2
35 45 3 5
35 46 0 16
35 47 7 0
35 48 12 5
36 0 0 15
36 1 14 2
36 2 10 2
36 3 16 0
36 6 10 15
36 8 6 12
36 10 11 15
36 11 19 14
36 13 3 7
36 14 3 8
36 19 11 9
36 20 7 16
36 21 2 12
36 23 13 3
36 25 18 1
36 26 17 15
36 27 4 14
36 29 13 6
36 31 17 3
36 34 7 3
36 35 7 17
36 37 8 20
36 38 0 17
36 40 12 11
36 41 2 13
36 45 8 3
36 47 13 13
36 48 4 12
36 49 10 18
37 0 19 11
37 2 6 12
37 3 20 5
37 6 1 16
37 8 13 15
37 9 7 3
37 10 17 20
37 13 4 7
37 14 2 4
37 16 13 9
37 18 18 18
37 21 16 4
37 22 20 2
37 23 10 8
37 24 19 10
37 26 2 6
37 34 4 3
37 39 1 5
37 44 10 16
37 45 20 15
37 46 5 0
37 47 12 20
37 48 13 14
37 49 3 9
38 3 0 7
38 4 7 8
38 5 19 7
38 9 5 10
38 11 20 12
38 15 4 18
38 17 12 2
38 19 0 5
38 20 13 4
38 21 20 1
38 22 9 0
38 23 17 0
38 24 3 20
38 27 17 2
38 28 19 6
38 31 1 2
38 32 7 8
38 33 8 0
38 34 11 13
38 35 2 12
38 36 6 17
38 37 13 15
38 38 17 14
38 39 4 15
38 40 2 0
38 41 14 11
38 45 5 19
38 46 8 2
38 47 8 4
38 48 3 5
39 0 2 9
39 1 17 9
39 3 10 18
39 4 15 1
39 7 1 9
39 10 17 2
39 11 6 10
39 15 2 5
39 17 19 6
39 19 18 14
39 20 7 1
39 25 2 7
39 26 5 4
39 28 16 9
39 30 19 3
39 31 7 4
39 32 12 5
39 36 14 19
39 37 9 19
39 39 6 16
39 43 10 4
39 46 18 12
39 47 11 10
40 1 1 15
40 2 2 11
40 8 20 13
40 11 7 4
40 12 12 14
40 14 7 17
40 15 19 19
40 16 10 17
40 18 3 18
40 19 12 1
40 21 16 1
40 23 11 0
40 24 8 7
40 26 8 3
40 27 4 2
40 28 4 4
40 29 6 10
40 30 1 4
40 31 3 17
40 35 9 17
40 37 17 9
40 39 0 4
40 42 7 1
40 47 8 1
40 48 2 2
41 3 0 1
41 4 0 19
41 5 20 15
41 15 14 16
41 16 16 13
41 18 6 15
41 20 6 14
41 21 13 0
41 22 6 2
41 23 6 4
41 25 7 20
41 26 0 2
41 27 4 1
41 30 14 6
41 33 5 3
41 36 5 3
41 37 6 0
41 38 0 6
41 39 10 15
41 40 6 12
41 41 3 7
41 46 20 11
41 48 1 1
42 5 10 14
42 6 11 11
42 9 9 13
42 10 2 2
42 12 10 17
42 13 19 0
42 15 19 17
42 17 10 11
42 18 0 11
42 20 7 20
42 21 18 2
42 22 13 2
42 26 17 8
42 28 15 0
42 29 5 6
42 30 18 20
42 31 19 6
42 34 12 7
42 35 19 8
42 37 3 16
42 38 7 1
42 40 9 16
42 46 3 1
42 47 11 20
42 48 1 17
42 49 20 4
43 0 12 20
43 2 14 4
43 3 7 1
43 4 0 0
43 6 18 20
43 8 19 3
43 10 15 7
43 11 3 7
43 13 18 17
43 15 9 14
43 16 17 0
43 18 3 19
43 20 17 1
43 21 2 9
43 24 3 5
43 25 7 15
43 26 10 5
43 27 14 9
43 31 4 16
43 32 3 18
43 33 4 13
43 34 5 1
43 35 17 1
43 37 20 0
43 38 12 10
43 42 2 16
43 43 1 8
43 44 1 1
43 45 7 11
44 2 5 15
44 6 6 1
44 10 16 3
44 11 16 20
44 12 14 13
44 13 1 11
44 14 17 20
44 18 8 13
44 21 5 2
44 22 13 5
44 25 12 16
44 29 3 13
44 30 18 17
44 31 6 15
44 32 1 20
44 33 3 20
44 34 1 10
44 38 7 13
44 39 9 10
44 42 10 5
44 44 5 10
44 46 17 18
44 47 14 10
44 48 4 5
45 0 17 6
45 1 0 1
45 4 0 5
45 5 2 16
45 8 4 8
45 10 9 0
45 11 6 10
45 13 11 3
45 14 20 14
45 15 4 1
45 17 9 8
45 22 18 5
45 25 3 0
45 27 0 0
45 30 18 10
45 32 20 3
45 33 20 6
45 34 16 4
45 37 11 10
45 40 15 17
45 41 12 14
45 42 16 16
45 48 17 8
46 0 3 0
46 5 2 10
46 7 14 14
46 12 1 19
46 14 6 6
46 15 11 15
46 16 4 11
46 17 14 13
46 18 3 10
46 20 3 16
46 21 0 9
46 23 0 6
46 24 12 9
46 25 5 17
46 26 20 6
46 27 1 20
46 30 2 16
46 31 17 9
46 33 1 15
46 34 16 0
46 35 8 18
46 36 8 3
46 38 8 8
46 44 11 3
46 47 8 19
46 48 14 18
47 0 11 4
47 4 10 2
47 5 5 15
47 7 18 1
47 8 11 10
47 9 15 14
47 12 12 0
47 15 18 12
47 16 9 17
47 23 18 8
47 24 5 6
47 25 5 2
47 26 1 9
47 28 4 10
47 29 1 11
47 33 2 1
47 34 19 15
47 36 19 7
47 38 10 14
47 40 8 16
47 41 20 16
47 42 16 16
47 43 13 15
47 46 15 3
47 48 16 6
47 49 1 3
48 2 1 3
48 3 16 1
48 5 8 4
48 6 6 6
48 8 19 3
48 9 7 15
48 10 12 0
48 12 17 7
48 14 12 3
48 15 19 4
48 16 6 11
48 19 8 0
48 20 4 12
48 26 15 20
48 29 1 2
48 31 15 7
48 36 4 19
48 37 4 11
48 38 2 3
48 39 4 16
48 41 12 16
48 46 16 6
48 49 14 3
49 0 1 14
49 2 14 12
49 4 13 8
49 6 12 2
49 7 17 0
49 10 2 14
49 11 10 12
49 12 16 9
49 13 15 0
49 16 1 16
49 17 3 9
49 19 19 3
49 22 8 12
49 23 15 10
49 24 18 11
49 28 14 8
49 30 12 1
49 36 18 17
49 37 8 1
49 40 15 10
49 42 4 6
49 44 0 11
