50
2
0 0 3 14
0 1 19 8
0 2 10 13
0 4 12 9
0 6 7 13
0 7 0 19
0 8 11 3
0 9 11 16
0 10 9 17
0 12 1 12
0 14 4 8
0 16 6 16
0 17 10 10
0 20 3 19
0 21 6 16
0 23 5 12
0 24 16 12
0 25 19 13
0 26 14 18
0 27 20 11
0 28 15 20
0 29 11 9
0 30 8 1
0 31 7 4
0 33 11 1
0 34 15 10
0 35 12 18
0 36 1 15
0 37 12 4
0 38 15 11
0 39 8 19
0 40 5 18
0 41 6 18
0 42 20 1
0 43 5 11
0 44 6 13
0 45 4 14
0 46 18 7
0 47 6 13
0 49 11 1
1 0 6 15
1 1 3 7
1 2 6 14
1 3 7 6
1 4 4 14
1 6 8 18
1 7 19 15
1 8 15 18
1 10 8 20
1 13 13 2
1 14 10 1
1 16 0 10
1 17 18 12
1 20 19 12
1 21 18 13
1 22 0 14
1 25 17 12
1 27 7 5
1 28 7 6
1 29 1 20
1 31 0 17
1 32 2 15
1 33 2 11
1 34 7 10
1 35 5 20
1 36 14 7
1 37 6 7
1 39 5 11
1 41 3 20
1 43 18 1
1 45 2 13
1 46 10 1
1 47 13 8
1 49 6 2
2 0 18 1
2 1 4 9
2 3 20 20
2 6 12 13
2 7 10 2
2 8 11 1
2 10 8 16
2 12 11 5
2 14 19 8
2 16 17 15
2 17 8 11
2 18 13 3
2 21 7 15
2 22 4 7
2 23 18 8
2 25 20 1
2 26 15 9
2 27 4 12
2 28 8 0
2 29 3 0
2 30 14 3
2 31 10 20
2 33 13 7
2 34 8 5
2 35 7 15
2 36 0 3
2 37 15 9
2 39 20 10
2 40 19 15
2 41 4 14
2 42 2 1
2 43 20 8
2 44 20 14
2 45 19 17
2 46 17 15
2 47 20 1
2 48 10 9
3 1 0 10
3 2 15 13
3 3 7 3
3 4 13 4
3 5 11 17
3 6 16 9
3 10 8 1
3 11 7 7
3 12 12 4
3 13 20 3
3 15 6 15
3 16 9 15
3 18 3 13
3 19 8 17
3 20 17 5
3 21 20 18
3 22 4 7
3 23 15 13
3 24 17 10
3 26 7 11
3 27 15 1
3 29 15 12
3 30 20 20
3 31 20 6
3 32 19 8
3 35 2 0
3 36 2 8
3 37 10 19
3 38 3 11
3 40 1 0
3 41 17 11
3 42 9 4
3 44 1 1
3 45 7 9
3 46 1 14
3 47 17 6
4 0 16 16
4 3 9 10
4 5 13 3
4 6 16 15
4 8 9 12
4 9 10 17
4 10 18 5
4 11 5 14
4 12 18 10
4 13 6 14
4 14 13 12
4 15 18 9
4 16 18 0
4 17 1 5
4 18 4 15
4 19 13 9
4 21 7 13
4 22 16 15
4 23 9 14
4 25 20 5
4 28 19 19
4 30 0 12
4 31 9 15
4 34 5 2
4 35 16 15
4 36 10 6
4 38 6 18
4 40 11 9
4 42 0 11
4 43 15 5
4 44 20 13
4 45 0 3
4 46 19 4
4 47 19 14
4 48 19 3
4 49 5 12
5 0 1 8
5 1 17 3
5 2 13 12
5 3 15 16
5 5 20 17
5 6 10 12
5 7 5 16
5 8 16 7
5 9 15 2
5 10 20 2
5 11 15 5
5 12 13 9
5 13 16 9
5 15 2 8
5 18 6 1
5 19 13 18
5 20 2 9
5 21 15 5
5 22 0 8
5 23 6 8
5 24 20 4
5 25 14 11
5 26 17 6
5 27 18 9
5 28 10 15
5 29 2 9
5 31 19 10
5 32 9 4
5 35 2 19
5 36 0 7
5 37 14 0
5 38 13 11
5 39 10 17
5 40 4 5
5 41 2 14
5 42 4 11
5 43 9 13
5 44 9 4
5 46 10 4
5 47 1 20
5 48 15 16
5 49 5 10
6 0 4 0
6 1 11 16
6 2 4 11
6 3 13 14
6 4 17 11
6 6 9 15
6 7 9 0
6 8 11 9
6 10 1 12
6 11 3 0
6 12 5 17
6 13 15 16
6 15 7 12
6 16 7 19
6 18 18 4
6 19 17 20
6 21 20 17
6 22 9 8
6 23 8 1
6 24 5 2
6 25 8 12
6 27 0 0
6 28 0 11
6 29 18 1
6 30 13 6
6 31 8 12
6 32 15 17
6 33 10 0
6 34 0 10
6 35 14 6
6 36 9 1
6 38 17 6
6 39 11 4
6 40 17 3
6 41 15 18
6 42 9 2
6 43 3 4
6 44 9 19
6 45 0 15
6 46 7 19
6 47 18 17
6 48 0 0
6 49 11 6
7 0 10 0
7 1 14 18
7 2 11 15
7 3 0 2
7 4 9 8
7 5 16 13
7 6 16 4
7 7 14 17
7 8 12 5
7 9 13 19
7 10 10 5
7 11 18 5
7 12 3 2
7 13 4 8
7 15 3 16
7 16 4 3
7 17 11 4
7 18 0 4
7 19 13 7
7 20 11 16
7 21 17 0
7 23 14 6
7 24 6 8
7 25 7 9
7 27 5 7
7 29 5 20
7 31 18 6
7 32 19 9
7 33 11 5
7 34 18 1
7 35 4 6
7 36 13 1
7 37 19 4
7 38 16 4
7 39 4 1
7 40 18 0
7 41 13 0
7 42 8 12
7 43 14 8
7 44 4 20
7 45 15 7
7 47 1 12
7 48 11 2
7 49 5 19
8 0 0 4
8 2 1 12
8 3 1 13
8 4 4 18
8 5 20 12
8 6 14 9
8 8 6 5
8 9 9 20
8 10 4 12
8 11 0 2
8 12 14 3
8 13 18 8
8 14 1 12
8 15 15 19
8 17 2 5
8 19 10 17
8 20 14 2
8 21 19 16
8 22 14 6
8 23 2 10
8 24 12 0
8 25 12 18
8 26 20 8
8 27 3 17
8 28 3 11
8 29 12 6
8 30 19 19
8 32 12 8
8 33 12 11
8 34 18 6
8 35 7 1
8 36 7 1
8 39 17 12
8 41 7 19
8 42 0 7
8 44 4 18
8 45 8 14
8 46 14 16
8 47 1 12
8 48 13 7
8 49 7 12
9 0 8 2
9 2 3 19
9 3 13 6
9 4 15 20
9 5 17 12
9 6 4 11
9 7 11 7
9 9 19 9
9 10 14 6
9 12 1 5
9 13 14 0
9 15 13 18
9 16 5 7
9 17 9 11
9 18 5 7
9 19 6 3
9 20 15 11
9 21 4 15
9 22 9 2
9 23 7 12
9 24 0 20
9 25 16 19
9 26 14 11
9 28 9 11
9 29 14 11
9 30 20 6
9 31 0 13
9 32 9 15
9 33 11 9
9 36 6 12
9 39 4 19
9 40 6 17
9 41 15 1
9 42 18 18
9 43 14 14
9 44 1 19
9 45 0 9
9 46 18 15
9 47 13 8
9 48 12 17
9 49 17 7
10 0 9 15
10 1 9 17
10 2 5 12
10 3 5 2
10 4 3 20
10 5 5 20
10 6 3 3
10 7 18 18
10 8 17 6
10 9 19 11
10 10 10 19
10 11 15 18
10 12 10 17
10 13 11 10
10 14 6 17
10 15 17 18
10 17 10 19
10 18 6 18
10 19 12 1
10 20 18 16
10 22 3 4
10 23 7 3
10 25 15 12
10 26 7 12
10 28 3 11
10 29 10 8
10 31 3 17
10 32 1 13
10 33 8 12
10 34 6 1
10 35 10 16
10 36 4 12
10 37 11 13
10 38 9 11
10 39 19 9
10 41 13 3
10 42 18 12
10 43 16 5
10 44 19 16
10 45 18 12
10 46 6 3
10 47 7 10
10 48 1 16
10 49 17 6
11 1 1 1
11 2 4 4
11 3 2 4
11 4 12 10
11 5 18 4
11 6 17 8
11 7 16 9
11 9 14 9
11 10 10 13
11 11 16 17
11 13 0 15
11 14 12 20
11 16 1 8
11 17 0 12
11 19 4 3
11 20 12 17
11 22 7 16
11 23 6 20
11 24 7 14
11 25 4 20
11 27 20 0
11 29 13 11
11 31 16 14
11 33 14 19
11 34 13 17
11 35 7 7
11 36 20 18
11 37 15 17
11 39 5 11
11 40 11 7
11 42 1 5
11 43 4 7
11 44 0 14
11 45 16 3
11 47 13 14
11 48 20 20
11 49 19 11
12 1 3 1
12 2 5 19
12 3 10 12
12 4 4 19
12 5 13 8
12 6 4 8
12 7 18 9
12 9 10 19
12 10 4 18
12 12 7 20
12 13 2 19
12 14 2 16
12 15 3 14
12 16 8 20
12 18 16 2
12 19 3 1
12 20 17 1
12 21 11 16
12 22 11 18
12 23 14 14
12 24 10 15
12 25 10 0
12 26 18 0
12 27 19 9
12 28 0 12
12 29 19 14
12 30 14 9
12 31 20 11
12 34 9 1
12 35 20 4
12 36 8 12
12 37 14 11
12 38 20 3
12 39 12 19
12 40 1 7
12 41 3 8
12 42 6 1
12 45 12 19
12 47 16 14
12 48 12 1
12 49 4 2
13 0 14 16
13 1 11 13
13 3 14 14
13 4 6 4
13 5 9 20
13 6 0 5
13 7 0 0
13 8 18 11
13 9 2 7
13 10 14 14
13 11 9 9
13 12 14 20
13 13 14 6
13 14 7 3
13 15 15 13
13 16 12 20
13 17 16 1
13 18 13 7
13 19 3 1
13 20 12 0
13 21 17 16
13 22 19 20
13 24 17 5
13 26 15 2
13 28 11 0
13 29 2 13
13 30 10 8
13 33 7 14
13 34 17 8
13 35 3 2
13 36 13 1
13 37 16 8
13 38 0 18
13 40 7 14
13 41 5 13
13 42 11 5
13 43 15 11
13 44 4 11
13 45 16 2
13 47 6 17
13 48 15 2
14 0 18 4
14 1 9 11
14 2 12 13
14 3 0 18
14 4 4 14
14 7 1 1
14 8 7 17
14 9 12 20
14 10 19 19
14 11 10 20
14 12 5 0
14 14 4 2
14 15 6 9
14 16 5 16
14 17 18 11
14 18 11 4
14 19 18 20
14 20 20 18
14 21 11 16
14 22 13 2
14 24 17 16
14 25 11 15
14 26 3 15
14 27 13 12
14 28 19 18
14 29 3 13
14 30 2 14
14 34 17 10
14 35 20 2
14 36 6 5
14 37 13 1
14 38 17 15
14 39 10 5
14 40 5 3
14 42 15 12
14 44 15 10
14 45 15 14
14 47 7 6
14 49 1 6
15 1 13 17
15 2 10 11
15 3 2 13
15 6 15 8
15 7 9 5
15 8 9 8
15 10 10 13
15 11 3 13
15 12 20 4
15 13 2 12
15 14 13 18
15 16 11 12
15 17 9 16
15 18 6 18
15 19 6 2
15 20 2 9
15 23 15 14
15 24 12 9
15 25 2 12
15 26 12 20
15 27 4 12
15 28 19 18
15 29 13 0
15 30 7 14
15 31 11 17
15 32 12 20
15 33 1 16
15 34 9 7
15 35 5 12
15 37 15 10
15 38 17 12
15 39 0 16
15 40 4 1
15 41 14 10
15 42 5 0
15 43 3 1
15 44 11 19
15 45 15 12
15 46 5 0
15 48 20 17
15 49 4 10
16 0 18 17
16 1 18 18
16 2 18 9
16 3 5 19
16 4 15 5
16 5 19 0
16 6 5 3
16 7 1 19
16 8 1 7
16 9 6 8
16 10 1 1
16 11 2 16
16 12 15 12
16 13 2 12
16 14 13 9
16 16 9 9
16 17 10 4
16 18 17 6
16 19 2 15
16 20 3 11
16 21 20 7
16 22 17 0
16 24 8 17
16 25 14 7
16 26 17 16
16 28 16 16
16 29 2 16
16 30 6 12
16 31 0 9
16 32 16 8
16 33 18 10
16 34 7 13
16 35 6 8
16 36 8 0
16 37 3 14
16 38 9 18
16 39 3 9
16 40 2 5
16 41 7 3
16 42 9 2
16 43 18 8
16 44 0 18
16 45 3 11
16 46 12 16
16 47 10 10
16 48 19 0
16 49 7 5
17 0 5 4
17 1 18 7
17 3 1 1
17 4 6 8
17 5 15 7
17 6 12 10
17 7 3 8
17 8 6 17
17 9 3 10
17 11 5 15
17 12 17 10
17 13 16 3
17 14 14 17
17 15 5 2
17 16 5 2
17 17 14 15
17 18 12 19
17 19 17 17
17 20 3 4
17 23 20 10
17 26 11 12
17 27 19 6
17 28 12 7
17 30 0 17
17 32 19 6
17 33 19 16
17 35 10 14
17 37 9 6
17 38 7 12
17 39 3 1
17 40 2 11
17 41 17 11
17 42 6 2
17 44 10 14
17 46 4 10
17 47 4 20
17 49 12 12
18 0 18 15
18 2 14 19
18 3 13 15
18 4 15 1
18 5 10 19
18 7 18 4
18 8 11 19
18 9 15 7
18 10 11 2
18 11 4 10
18 13 19 19
18 14 15 3
18 16 17 3
18 18 9 17
18 19 9 11
18 21 9 6
18 24 6 2
18 25 11 7
18 26 0 5
18 27 14 5
18 28 0 20
18 29 8 5
18 30 0 8
18 32 11 3
18 33 13 4
18 34 14 13
18 35 3 18
18 37 16 2
18 39 13 12
18 40 0 11
18 41 2 13
18 42 3 14
18 43 2 12
18 44 17 7
18 45 12 18
18 46 8 0
18 47 7 7
18 49 13 4
19 0 14 0
19 1 5 6
19 2 4 16
19 3 11 18
19 4 8 12
19 5 5 17
19 6 7 2
19 7 3 1
19 8 15 0
19 9 1 6
19 10 0 4
19 12 0 1
19 13 6 12
19 14 6 17
19 15 17 15
19 16 1 13
19 18 14 16
19 19 15 10
19 21 8 13
19 22 7 2
19 23 1 18
19 24 8 5
19 25 7 10
19 27 12 20
19 28 3 1
19 29 19 6
19 30 1 6
19 32 11 12
19 33 2 13
19 35 11 10
19 36 14 2
19 37 10 11
19 38 1 5
19 39 9 9
19 41 6 14
19 45 8 1
19 48 2 19
19 49 12 0
20 0 8 4
20 2 3 5
20 5 15 8
20 6 19 12
20 7 1 13
20 8 7 1
20 9 9 19
20 10 3 17
20 11 20 9
20 13 2 10
20 15 18 18
20 16 8 0
20 17 19 11
20 18 6 13
20 20 9 6
20 21 18 3
20 22 17 0
20 23 2 14
20 24 15 18
20 25 16 3
20 27 0 13
20 30 2 9
20 31 9 3
20 32 6 0
20 33 4 5
20 34 4 2
20 35 9 16
20 36 7 15
20 38 15 13
20 39 6 7
20 41 4 11
20 42 12 15
20 43 9 1
20 44 6 14
20 45 9 10
20 46 8 0
20 47 16 5
20 48 2 3
20 49 7 16
21 0 16 3
21 3 11 8
21 4 17 6
21 5 5 0
21 7 12 4
21 8 15 16
21 9 15 12
21 10 12 0
21 11 10 3
21 12 17 5
21 13 19 20
21 14 8 15
21 15 13 5
21 16 12 9
21 17 6 4
21 19 4 17
21 20 20 0
21 21 3 4
21 23 4 13
21 24 0 12
21 25 5 1
21 26 17 14
21 28 5 8
21 29 18 5
21 30 18 8
21 31 19 0
21 32 7 6
21 33 3 7
21 34 18 20
21 35 9 14
21 36 17 20
21 38 11 7
21 39 8 4
21 40 17 18
21 42 1 17
21 43 13 9
21 44 3 0
21 45 1 19
21 46 5 10
21 47 8 7
21 48 9 14
21 49 9 10
22 0 14 4
22 1 12 16
22 2 6 2
22 4 11 18
22 5 1 17
22 7 19 3
22 8 11 4
22 9 8 3
22 11 3 10
22 12 6 7
22 13 13 12
22 14 8 3
22 15 14 15
22 16 9 18
22 20 8 18
22 21 3 3
22 22 9 2
22 23 19 10
22 24 19 15
22 25 18 5
22 26 2 11
22 27 16 13
22 28 11 7
22 29 11 2
22 31 13 7
22 32 5 4
22 34 1 13
22 35 8 19
22 36 7 13
22 37 11 14
22 38 7 17
22 41 10 6
22 42 8 1
22 43 20 2
22 44 2 8
22 45 17 7
22 46 14 15
22 47 1 14
22 48 11 20
22 49 14 7
23 0 14 16
23 1 18 14
23 2 8 1
23 3 20 14
23 4 3 14
23 5 3 2
23 6 16 20
23 8 11 0
23 9 8 4
23 10 1 17
23 11 5 11
23 13 10 6
23 14 10 17
23 17 6 14
23 18 13 14
23 19 20 6
23 20 1 0
23 21 13 20
23 22 14 9
23 23 20 17
23 24 20 16
23 25 20 12
23 26 5 11
23 28 4 3
23 30 16 18
23 31 5 3
23 33 19 2
23 34 3 9
23 35 9 18
23 36 18 7
23 37 20 2
23 38 19 5
23 40 20 5
23 41 20 12
23 42 17 2
23 43 20 4
23 46 3 10
23 47 1 11
23 48 15 4
24 0 20 6
24 1 10 3
24 2 13 13
24 3 12 18
24 4 19 17
24 5 11 11
24 6 6 14
24 7 1 19
24 8 6 13
24 9 20 18
24 10 17 19
24 11 4 7
24 12 5 15
24 14 15 6
24 16 16 11
24 17 18 15
24 18 17 3
24 19 20 4
24 20 14 6
24 21 5 6
24 22 16 12
24 24 19 7
24 26 6 11
24 27 3 12
24 28 17 12
24 29 9 2
24 30 15 13
24 31 3 3
24 32 5 0
24 33 11 1
24 34 18 1
24 35 18 7
24 36 20 14
24 37 9 3
24 38 13 6
24 39 16 5
24 41 7 5
24 42 15 15
24 44 16 4
24 45 0 19
24 46 13 0
24 47 13 15
24 48 3 13
25 0 14 8
25 1 15 16
25 2 12 20
25 4 8 12
25 5 13 19
25 6 4 11
25 7 18 13
25 8 10 2
25 9 10 7
25 10 9 9
25 13 13 4
25 14 17 6
25 15 0 10
25 16 9 4
25 17 18 14
25 18 17 6
25 19 7 5
25 22 11 18
25 23 2 6
25 25 11 10
25 26 19 15
25 28 14 1
25 29 12 19
25 31 16 12
25 32 14 5
25 33 6 12
25 34 12 15
25 35 5 12
25 36 8 14
25 38 19 11
25 39 10 15
25 40 11 0
25 41 19 10
25 42 1 7
25 43 11 3
25 44 3 9
25 45 14 12
25 46 6 9
25 47 18 16
25 48 11 2
25 49 13 13
26 0 8 19
26 1 18 5
26 2 14 17
26 3 20 10
26 4 9 5
26 5 16 14
26 6 13 6
26 8 0 20
26 9 15 10
26 12 3 14
26 13 6 0
26 14 19 6
26 15 5 0
26 16 15 0
26 18 18 20
26 19 19 17
26 20 9 20
26 21 16 17
26 22 6 5
26 25 6 1
26 27 17 15
26 28 10 7
26 29 6 1
26 30 5 6
26 31 10 1
26 33 14 4
26 34 12 15
26 35 7 10
26 37 12 7
26 39 7 4
26 40 5 8
26 41 15 2
26 42 19 17
26 43 0 12
26 44 10 15
26 45 0 12
26 46 16 17
26 47 6 19
26 48 10 13
26 49 3 12
27 3 10 1
27 5 9 12
27 6 16 4
27 7 4 11
27 9 15 11
27 10 18 12
27 11 14 12
27 12 13 2
27 13 5 2
27 14 13 13
27 15 9 18
27 16 7 1
27 17 10 8
27 19 17 7
27 20 20 1
27 21 3 13
27 23 10 13
27 25 14 4
27 26 8 8
27 28 1 10
27 29 3 2
27 30 3 3
27 31 19 0
27 32 3 19
27 34 3 12
27 35 16 10
27 36 5 10
27 38 4 0
27 39 13 14
27 40 4 7
27 41 1 0
27 42 8 12
27 43 2 16
27 44 15 4
27 45 15 16
27 47 11 5
27 48 12 10
27 49 9 19
28 0 0 16
28 1 18 5
28 2 15 12
28 3 14 4
28 4 18 7
28 5 12 1
28 6 17 6
28 7 0 17
28 8 2 15
28 9 11 7
28 10 20 8
28 13 0 1
28 15 6 19
28 16 1 9
28 17 20 15
28 18 2 17
28 19 13 11
28 24 6 16
28 25 9 7
28 26 10 15
28 28 15 18
28 29 10 10
28 30 18 8
28 31 20 20
28 32 18 3
28 33 8 15
28 34 0 3
28 35 8 16
28 36 12 12
28 37 11 9
28 39 17 16
28 40 20 7
28 41 1 18
28 45 7 8
28 46 3 2
28 48 12 6
29 0 12 12
29 1 14 12
29 2 9 20
29 3 20 13
29 5 6 19
29 6 18 4
29 7 3 16
29 8 14 17
29 9 8 16
29 10 13 8
29 11 6 8
29 12 19 17
29 13 3 17
29 14 10 1
29 15 10 12
29 16 10 20
29 17 6 13
29 18 2 17
29 19 19 8
29 20 3 4
29 21 20 11
29 22 16 3
29 23 10 9
29 24 2 1
29 25 18 17
29 26 3 11
29 27 5 3
29 28 7 5
29 29 4 10
29 30 18 3
29 31 18 18
29 32 6 13
29 33 11 12
29 34 16 18
29 35 7 12
29 36 15 20
29 37 0 19
29 38 6 18
29 39 14 5
29 40 0 5
29 41 18 8
29 42 10 0
29 43 6 20
29 44 5 17
29 47 12 2
29 48 14 14
29 49 1 7
30 0 20 18
30 1 3 10
30 2 11 20
30 3 4 0
30 4 10 16
30 5 5 19
30 6 13 19
30 7 2 10
30 8 2 1
30 9 20 8
30 10 15 6
30 11 17 8
30 12 17 17
30 13 20 4
30 14 1 5
30 15 0 12
30 17 4 0
30 18 17 11
30 19 11 19
30 20 3 6
30 21 3 12
30 22 10 5
30 23 17 16
30 24 14 15
30 28 10 20
30 29 15 4
30 31 13 11
30 33 5 1
30 34 16 7
30 36 4 1
30 37 9 18
30 38 14 16
30 39 3 18
30 40 6 10
30 41 2 19
30 42 8 10
30 43 18 16
30 44 18 11
30 45 9 16
30 46 6 6
30 47 5 0
30 48 1 14
30 49 12 19
31 0 13 5
31 1 3 3
31 2 0 11
31 3 3 9
31 4 18 1
31 5 5 14
31 6 5 15
31 7 14 15
31 8 17 14
31 9 6 3
31 11 19 5
31 12 8 18
31 14 10 4
31 16 14 11
31 17 14 2
31 18 5 4
31 19 3 15
31 20 8 17
31 21 7 6
31 23 19 15
31 25 19 4
31 26 17 3
31 27 5 16
31 29 1 0
31 30 0 3
31 31 15 10
31 32 1 5
31 34 3 5
31 35 3 10
31 36 12 15
31 38 10 20
31 40 9 19
31 41 15 10
31 42 10 16
31 43 8 4
31 44 5 11
31 45 17 4
31 46 5 19
31 48 3 14
31 49 10 17
32 0 8 20
32 1 4 17
32 2 8 5
32 4 11 16
32 5 13 14
32 6 17 6
32 9 3 11
32 10 13 18
32 11 16 13
32 12 19 12
32 13 11 18
32 14 6 12
32 15 11 2
32 16 0 2
32 18 16 8
32 22 20 18
32 23 0 14
32 25 19 7
32 26 5 6
32 27 6 6
32 28 9 13
32 29 4 3
32 30 10 13
32 31 20 13
32 32 13 13
32 33 14 4
32 34 3 14
32 35 20 9
32 36 9 18
32 37 6 4
32 38 0 18
32 40 3 11
32 41 12 16
32 42 9 16
32 43 10 8
32 44 7 18
32 47 6 17
32 49 6 2
33 0 8 15
33 2 9 18
33 3 6 7
33 4 1 8
33 5 7 12
33 6 0 8
33 7 15 10
33 8 6 19
33 9 12 16
33 10 0 8
33 11 20 20
33 12 1 0
33 14 12 15
33 15 12 18
33 16 12 6
33 17 19 14
33 18 2 5
33 21 2 15
33 22 9 7
33 23 20 16
33 25 2 2
33 26 5 14
33 27 10 5
33 28 7 15
33 29 3 0
33 30 1 16
33 33 8 4
33 34 13 18
33 35 8 19
33 36 14 11
33 37 4 9
33 38 7 6
33 39 14 6
33 40 10 6
33 41 13 17
33 42 5 15
33 43 19 10
33 44 11 12
33 46 1 10
33 47 5 14
33 48 10 6
33 49 10 7
34 0 10 2
34 1 2 10
34 2 15 0
34 3 10 7
34 5 18 12
34 6 7 14
34 7 3 9
34 10 17 13
34 11 7 14
34 12 20 19
34 13 10 2
34 14 17 0
34 15 9 6
34 16 9 8
34 20 6 15
34 21 11 4
34 22 0 3
34 23 15 1
34 26 6 0
34 27 7 9
34 28 9 5
34 30 10 11
34 31 9 5
34 32 9 19
34 33 12 15
34 34 12 6
34 37 16 4
34 38 10 0
34 39 10 8
34 40 16 6
34 41 6 5
34 42 3 16
34 43 9 8
34 44 4 2
34 46 11 10
34 48 8 12
34 49 18 13
35 0 15 8
35 1 10 18
35 2 6 7
35 3 19 0
35 4 14 6
35 5 18 7
35 6 14 6
35 7 10 16
35 8 1 7
35 9 11 4
35 10 20 16
35 11 0 5
35 12 3 15
35 13 3 5
35 14 17 0
35 15 16 14
35 16 7 9
35 17 20 4
35 18 16 15
35 19 19 0
35 20 6 15
35 21 20 6
35 22 5 13
35 23 13 0
35 24 5 1
35 25 19 1
35 26 10 6
35 29 4 6
35 30 6 20
35 31 20 1
35 32 6 12
35 33 2 9
35 34 9 10
35 35 16 5
35 36 6 5
35 40 16 18
35 41 19 16
35 43 8 1
35 44 12 6
35 45 18 10
35 46 1 11
35 47 15 20
35 48 11 11
35 49 1 9
36 0 12 17
36 1 11 2
36 2 8 6
36 3 0 18
36 4 13 7
36 5 4 16
36 6 12 13
36 7 5 8
36 9 4 10
36 10 6 11
36 11 11 15
36 12 12 19
36 13 0 6
36 14 6 8
36 15 14 14
36 16 6 13
36 17 1 11
36 18 19 9
36 19 15 11
36 20 17 3
36 21 14 4
36 22 1 18
36 23 3 0
36 24 3 9
36 25 8 15
36 27 18 12
36 28 6 9
36 30 19 1
36 31 0 13
36 32 9 10
36 33 11 10
36 34 15 4
36 35 18 16
36 36 7 4
36 38 5 19
36 39 5 17
36 40 3 11
36 41 12 0
36 42 9 6
36 43 20 13
36 44 13 18
36 45 12 13
36 46 0 1
36 47 10 7
36 48 20 8
36 49 16 9
37 2 3 9
37 3 0 1
37 4 16 7
37 6 14 16
37 8 1 9
37 9 17 9
37 10 17 1
37 15 18 16
37 16 1 20
37 17 0 3
37 18 17 3
37 19 9 13
37 20 16 6
37 22 7 18
37 23 7 4
37 24 5 11
37 25 16 6
37 27 11 10
37 28 9 10
37 29 12 10
37 30 14 5
37 34 16 15
37 35 0 14
37 36 19 16
37 37 12 10
37 38 3 6
37 39 7 13
37 40 14 15
37 41 4 15
37 43 5 7
37 44 19 13
37 45 0 17
37 47 19 3
37 48 4 8
37 49 9 4
38 0 12 4
38 2 13 5
38 3 11 4
38 4 8 2
38 5 11 2
38 7 20 9
38 9 20 4
38 10 10 10
38 12 9 13
38 13 12 7
38 14 4 14
38 15 9 12
38 16 1 15
38 17 7 5
38 18 4 6
38 20 8 17
38 21 9 5
38 22 8 11
38 23 15 16
38 24 5 3
38 25 3 5
38 27 13 7
38 28 11 4
38 29 9 10
38 32 11 12
38 33 7 0
38 34 18 4
38 35 18 3
38 36 18 11
38 37 16 9
38 38 4 11
38 39 12 15
38 40 9 7
38 41 18 1
38 42 0 2
38 43 2 4
38 44 6 5
38 45 9 7
38 47 8 15
38 49 15 15
39 0 1 2
39 1 7 10
39 3 3 1
39 7 6 9
39 9 14 6
39 10 1 19
39 12 17 19
39 13 9 19
39 15 8 14
39 17 2 11
39 18 14 18
39 20 13 15
39 21 4 18
39 22 18 5
39 23 2 12
39 24 8 19
39 25 3 4
39 26 15 20
39 27 10 10
39 28 1 9
39 30 0 16
39 32 14 1
39 33 16 12
39 34 5 19
39 35 0 16
39 37 14 16
39 38 0 10
39 39 17 4
39 40 2 17
39 42 0 18
39 43 2 16
39 44 0 0
39 45 10 7
39 46 1 3
39 47 8 5
39 48 2 9
39 49 4 15
40 1 3 1
40 3 2 19
40 4 13 9
40 5 11 7
40 6 11 1
40 7 19 7
40 8 2 6
40 9 11 19
40 10 2 12
40 11 3 6
40 12 13 1
40 13 2 13
40 14 6 3
40 15 3 8
40 17 17 18
40 19 9 6
40 20 8 19
40 21 11 18
40 22 13 1
40 23 9 9
40 25 10 18
40 26 2 17
40 27 4 5
40 28 13 1
40 29 17 16
40 30 9 10
40 31 15 7
40 32 19 4
40 33 19 0
40 34 9 13
40 35 7 12
40 38 2 8
40 39 9 7
40 40 13 13
40 41 10 15
40 42 4 10
40 43 17 12
40 44 15 9
40 45 11 1
40 46 5 12
40 47 3 20
40 49 17 18
41 0 0 8
41 1 17 7
41 2 13 18
41 3 5 5
41 4 15 20
41 5 8 0
41 6 15 18
41 8 1 1
41 9 16 1
41 10 12 10
41 11 0 15
41 12 18 7
41 13 8 19
41 14 9 14
41 16 10 11
41 17 16 18
41 19 9 19
41 20 17 5
41 22 4 20
41 23 7 10
41 24 1 2
41 26 3 9
41 27 14 20
41 28 3 17
41 29 8 7
41 30 0 4
41 31 9 7
41 32 7 14
41 33 3 4
41 34 8 4
41 35 20 0
41 36 9 16
41 37 5 12
41 38 14 9
41 39 19 4
41 40 5 1
41 41 18 15
41 42 16 11
41 43 11 9
41 44 7 10
41 45 4 1
41 47 12 5
41 48 4 16
42 0 10 6
42 1 5 20
42 2 12 17
42 3 8 8
42 4 11 10
42 5 5 3
42 6 17 0
42 7 12 0
42 8 13 9
42 9 9 11
42 10 16 17
42 11 5 17
42 12 16 20
42 13 9 9
42 15 3 17
42 17 16 18
42 18 10 17
42 19 0 4
42 20 9 12
42 22 18 10
42 23 11 12
42 24 19 3
42 27 12 16
42 28 16 7
42 30 18 16
42 32 6 10
42 33 11 17
42 34 16 1
42 35 10 14
42 36 10 16
42 37 14 13
42 38 5 6
42 39 4 19
42 41 3 15
42 43 14 3
42 46 9 9
42 47 7 4
42 48 5 1
42 49 6 9
43 0 9 12
43 1 20 7
43 2 16 15
43 3 11 7
43 4 3 8
43 5 15 20
43 6 20 9
43 7 10 16
43 9 2 19
43 10 11 19
43 11 19 6
43 12 13 11
43 14 4 11
43 16 16 3
43 17 8 19
43 18 15 11
43 19 19 7
43 20 1 0
43 23 11 6
43 24 11 7
43 25 14 1
43 26 19 10
43 27 10 19
43 28 17 5
43 29 20 20
43 30 11 3
43 31 8 7
43 33 20 19
43 34 2 7
43 35 3 18
43 38 14 4
43 39 12 19
43 40 17 11
43 41 0 7
43 42 2 10
43 44 6 18
43 45 16 10
43 46 16 0
43 47 3 10
43 49 2 20
44 0 11 18
44 1 3 5
44 2 20 4
44 4 5 17
44 5 14 4
44 7 4 9
44 8 17 0
44 10 6 17
44 11 14 3
44 12 10 13
44 13 12 0
44 14 10 20
44 15 10 10
44 16 20 15
44 18 18 15
44 20 7 3
44 21 1 1
44 22 16 13
44 23 7 1
44 24 5 16
44 25 5 3
44 26 1 13
44 27 4 8
44 28 1 7
44 29 7 17
44 30 4 15
44 31 19 13
44 32 4 16
44 33 20 17
44 35 15 10
44 36 9 11
44 37 20 5
44 39 18 2
44 40 20 20
44 41 9 15
44 44 6 7
44 45 18 2
44 47 14 15
44 48 18 3
45 0 15 10
45 2 9 1
45 3 0 14
45 4 17 1
45 5 15 7
45 6 0 16
45 7 0 7
45 8 15 6
45 9 0 0
45 10 8 5
45 11 2 5
45 12 5 20
45 13 13 2
45 14 8 14
45 16 3 2
45 17 10 14
45 18 10 7
45 19 5 6
45 20 4 1
45 21 2 5
45 22 19 7
45 23 13 20
45 24 3 6
45 25 18 12
45 27 15 12
45 28 7 7
45 29 2 7
45 30 3 19
45 32 5 12
45 33 6 13
45 34 12 15
45 36 20 11
45 37 3 11
45 38 7 15
45 39 10 14
45 40 16 17
45 41 3 10
45 42 5 13
45 43 8 14
45 44 3 4
45 45 0 6
45 46 16 3
45 47 18 10
45 48 13 8
46 0 2 16
46 1 4 20
46 2 18 7
46 3 3 17
46 4 19 17
46 5 20 0
46 6 8 13
46 7 6 8
46 8 5 18
46 9 16 17
46 10 15 5
46 11 19 17
46 12 17 5
46 13 11 2
46 14 14 9
46 15 12 11
46 16 16 10
46 17 9 14
46 19 10 0
46 20 10 5
46 22 5 16
46 23 0 12
46 24 8 0
46 25 10 7
46 26 5 10
46 27 6 6
46 28 4 11
46 29 7 11
46 30 1 15
46 31 17 0
46 32 5 6
46 33 8 6
46 35 18 8
46 36 14 13
46 37 8 4
46 38 5 17
46 39 14 18
46 40 10 11
46 41 9 18
46 42 0 7
46 43 0 18
46 45 1 3
46 46 17 14
46 47 6 17
46 48 11 0
46 49 20 7
47 0 11 18
47 1 17 1
47 2 9 20
47 5 10 3
47 7 1 2
47 8 6 16
47 9 4 14
47 10 14 1
47 11 9 20
47 13 12 17
47 14 0 11
47 16 18 9
47 17 8 14
47 18 15 0
47 19 15 13
47 20 14 7
47 21 14 15
47 23 10 6
47 25 11 9
47 26 3 6
47 27 5 20
47 28 6 13
47 29 15 20
47 30 12 5
47 31 0 16
47 32 6 10
47 33 15 19
47 34 0 18
47 35 6 15
47 36 12 10
47 39 6 6
47 40 9 11
47 41 19 2
47 43 17 0
47 44 18 13
47 45 12 5
47 46 7 12
47 47 6 16
47 48 2 8
47 49 3 8
48 0 19 9
48 2 1 0
48 3 11 0
48 5 7 7
48 6 13 16
48 8 14 6
48 9 3 3
48 10 20 19
48 11 17 0
48 12 13 10
48 14 1 13
48 15 2 19
48 16 12 9
48 17 3 2
48 18 2 19
48 19 16 1
48 20 13 7
48 21 12 13
48 22 4 19
48 23 5 10
48 24 18 18
48 25 18 20
48 26 5 20
48 27 10 12
48 28 20 15
48 29 0 7
48 30 16 4
48 31 11 5
48 32 20 9
48 33 14 6
48 34 0 10
48 36 12 7
48 38 1 13
48 40 15 14
48 41 5 10
48 42 4 14
48 44 10 7
48 45 15 3
48 46 20 10
48 47 0 15
48 48 9 5
49 0 17 4
49 1 18 2
49 2 4 2
49 3 9 1
49 5 9 0
49 6 13 9
49 7 18 20
49 8 8 16
49 10 3 16
49 11 16 19
49 12 8 11
49 13 16 20
49 15 1 5
49 16 18 9
49 17 4 19
49 18 11 0
49 19 14 10
49 20 16 15
49 21 7 17
49 24 11 9
49 27 2 18
49 29 13 18
49 30 14 19
49 31 6 11
49 34 11 1
49 35 20 19
49 38 17 5
49 39 13 7
49 41 0 8
49 44 12 16
49 45 19 3
49 46 7 18
49 47 1 0
49 48 10 20
49 49 5 15
