50
2
0 0 4 7
0 1 17 13
0 2 5 11
0 3 16 0
0 4 12 5
0 5 13 18
0 6 3 2
0 8 9 1
0 9 14 18
0 10 20 10
0 11 0 5
0 12 11 20
0 14 0 9
0 15 19 14
0 17 13 20
0 18 9 9
0 19 18 19
0 22 20 10
0 23 5 7
0 24 9 20
0 25 3 4
0 26 12 8
0 28 14 19
0 29 1 3
0 30 18 14
0 31 0 15
0 32 14 9
0 34 6 7
0 37 2 19
0 38 11 15
0 39 14 12
0 40 9 13
0 41 8 20
0 43 1 11
0 44 16 6
0 45 3 11
0 46 5 14
0 47 20 6
0 48 10 18
0 49 2 19
1 1 4 9
1 2 2 19
1 3 1 19
1 4 18 9
1 5 12 15
1 7 8 2
1 8 1 14
1 10 2 18
1 11 18 12
1 12 5 13
1 13 18 8
1 14 20 13
1 15 14 15
1 16 16 15
1 18 1 6
1 19 9 12
1 20 10 17
1 21 20 7
1 22 5 10
1 23 3 3
1 25 12 13
1 27 13 15
1 30 16 4
1 31 9 0
1 32 11 12
1 33 8 18
1 34 12 11
1 36 4 12
1 37 20 9
1 38 7 5
1 39 4 8
1 40 13 0
1 41 15 16
1 42 3 13
1 44 12 0
1 45 11 2
2 0 16 3
2 1 3 3
2 2 16 14
2 3 8 6
2 5 19 15
2 6 17 3
2 7 1 19
2 8 9 4
2 9 10 17
2 10 2 8
2 11 10 2
2 12 10 3
2 13 4 15
2 14 15 7
2 16 5 8
2 17 7 8
2 19 3 15
2 20 16 6
2 23 6 15
2 25 15 14
2 26 18 10
2 27 18 0
2 28 1 5
2 30 9 6
2 31 0 0
2 32 7 8
2 33 3 19
2 34 18 2
2 37 4 14
2 38 11 14
2 39 17 7
2 40 2 13
2 41 10 15
2 42 3 10
2 44 20 10
2 45 10 2
2 46 16 0
2 48 5 17
2 49 13 11
3 1 4 1
3 3 3 10
3 4 12 15
3 5 11 19
3 7 13 15
3 8 18 13
3 9 17 8
3 11 6 1
3 12 15 10
3 13 1 17
3 14 13 13
3 15 1 13
3 16 12 5
3 17 20 18
3 18 0 5
3 19 18 5
3 20 14 11
3 22 6 6
3 23 2 19
3 26 3 12
3 27 14 18
3 28 16 7
3 29 3 11
3 31 5 10
3 32 0 8
3 33 1 18
3 35 9 11
3 36 4 19
3 37 5 8
3 38 3 12
3 39 13 17
3 42 17 9
3 43 1 6
3 44 10 12
3 45 12 5
3 46 14 1
3 47 15 1
3 48 9 5
3 49 13 3
4 0 11 5
4 1 17 19
4 2 8 14
4 3 20 10
4 4 18 12
4 5 12 10
4 6 6 20
4 7 13 1
4 8 0 12
4 9 1 8
4 10 19 0
4 11 14 8
4 12 16 2
4 13 14 16
4 14 1 1
4 15 6 18
4 17 10 5
4 18 19 7
4 19 20 4
4 20 10 3
4 21 5 3
4 23 11 20
4 24 10 15
4 25 14 11
4 26 19 12
4 27 6 17
4 28 14 0
4 29 16 6
4 31 11 12
4 32 19 14
4 33 10 9
4 34 12 13
4 36 2 17
4 37 2 8
4 38 10 19
4 39 18 18
4 40 16 2
4 43 19 0
4 44 8 15
4 45 10 0
4 46 12 2
4 47 7 18
4 49 9 2
5 0 11 7
5 2 2 18
5 3 7 20
5 4 8 4
5 5 7 3
5 7 10 20
5 10 10 0
5 11 17 17
5 12 16 2
5 14 16 14
5 15 10 18
5 16 8 17
5 17 4 6
5 19 10 5
5 20 18 3
5 22 14 20
5 23 1 7
5 24 12 9
5 25 12 8
5 27 3 17
5 28 16 6
5 29 1 8
5 30 4 12
5 31 13 20
5 32 14 4
5 33 6 11
5 35 18 17
5 36 4 7
5 37 16 15
5 38 7 14
5 39 17 0
5 40 4 14
5 41 6 5
5 42 1 17
5 43 7 12
5 44 7 15
5 46 12 16
5 48 13 16
6 0 16 8
6 1 17 14
6 2 5 13
6 3 1 8
6 4 1 15
6 5 3 15
6 6 4 12
6 7 19 1
6 8 17 12
6 9 14 6
6 10 2 12
6 11 15 8
6 12 11 5
6 13 13 19
6 14 18 12
6 15 18 11
6 17 0 17
6 18 18 20
6 19 2 4
6 20 9 0
6 21 17 10
6 22 2 1
6 24 2 13
6 25 6 19
6 29 4 1
6 30 8 3
6 31 13 7
6 32 16 18
6 33 14 5
6 34 3 5
6 35 13 18
6 36 16 4
6 37 1 9
6 39 3 16
6 40 14 19
6 41 2 0
6 42 10 17
6 43 5 9
6 45 19 8
6 46 0 18
6 47 13 13
6 49 11 1
7 1 4 6
7 2 2 4
7 3 9 17
7 4 5 13
7 6 14 16
7 7 11 8
7 9 17 13
7 11 16 17
7 12 11 0
7 13 17 2
7 14 15 17
7 16 10 11
7 17 3 12
7 19 20 8
7 20 8 19
7 21 15 11
7 22 14 19
7 25 7 13
7 26 10 4
7 27 2 15
7 28 8 13
7 29 4 11
7 30 2 10
7 31 3 2
7 32 3 6
7 33 5 5
7 34 6 16
7 35 13 15
7 36 16 14
7 37 11 5
7 38 9 11
7 40 0 16
7 41 13 18
7 43 8 7
7 44 1 14
7 45 13 17
7 46 18 15
7 47 1 17
7 49 6 16
8 1 3 16
8 3 10 3
8 4 20 1
8 6 12 12
8 7 6 5
8 8 6 10
8 9 2 6
8 10 8 10
8 12 20 7
8 13 4 11
8 14 2 17
8 16 6 20
8 17 3 14
8 18 3 11
8 19 20 3
8 20 3 10
8 21 11 9
8 22 18 19
8 23 2 10
8 25 13 18
8 26 0 19
8 27 12 16
8 28 1 8
8 30 4 0
8 31 3 6
8 32 9 8
8 33 0 6
8 34 3 9
8 35 10 19
8 37 14 19
8 38 2 9
8 42 2 8
8 43 2 4
8 44 2 19
8 45 12 20
8 48 5 10
8 49 3 10
9 0 12 0
9 2 0 12
9 5 12 17
9 6 7 3
9 8 7 5
9 9 3 20
9 10 6 1
9 11 7 14
9 12 3 0
9 13 6 17
9 14 14 2
9 16 11 12
9 17 7 15
9 18 15 16
9 20 1 3
9 21 15 14
9 22 17 5
9 23 5 7
9 24 11 16
9 25 8 0
9 26 7 17
9 27 18 6
9 28 1 10
9 29 2 7
9 30 8 17
9 31 8 10
9 32 14 14
9 33 13 20
9 34 10 6
9 35 3 5
9 37 13 10
9 38 18 16
9 40 18 4
9 41 20 16
9 42 13 12
9 43 7 18
9 45 2 9
9 46 17 8
9 48 14 13
9 49 14 1
10 3 4 13
10 4 3 11
10 5 4 15
10 6 8 4
10 8 13 17
10 9 20 18
10 10 11 9
10 11 17 18
10 13 3 9
10 14 4 10
10 16 11 11
10 17 1 2
10 18 19 11
10 20 15 5
10 21 9 18
10 22 19 6
10 23 17 3
10 24 16 8
10 25 12 19
10 26 5 16
10 27 7 10
10 29 1 3
10 31 6 16
10 32 19 1
10 37 10 4
10 38 10 9
10 40 11 16
10 41 9 14
10 43 19 2
10 45 8 2
10 46 1 10
10 47 10 16
10 49 14 7
11 0 18 10
11 1 18 15
11 2 0 3
11 3 9 17
11 4 1 4
11 5 4 3
11 6 1 10
11 7 11 17
11 9 5 9
11 10 9 5
11 11 8 19
11 13 7 4
11 14 14 15
11 15 17 6
11 16 0 15
11 17 0 14
11 19 1 16
11 20 11 13
11 21 5 19
11 22 16 12
11 23 15 12
11 25 8 10
11 26 14 13
11 27 7 13
11 28 12 14
11 29 6 7
11 30 15 2
11 31 12 19
11 33 3 0
11 34 10 11
11 35 10 20
11 36 11 16
11 37 6 0
11 38 17 5
11 40 8 0
11 43 20 18
11 44 19 0
11 47 12 4
11 48 2 5
12 0 3 12
12 2 0 1
12 3 2 12
12 4 16 15
12 6 19 0
12 7 2 11
12 8 15 2
12 9 12 14
12 11 3 8
12 13 20 19
12 14 15 14
12 16 15 1
12 17 6 14
12 18 6 3
12 20 14 0
12 21 8 1
12 22 14 17
12 23 14 10
12 24 17 19
12 25 11 14
12 26 20 7
12 28 16 7
12 30 0 20
12 31 9 5
12 33 11 17
12 34 18 4
12 35 12 3
12 36 6 3
12 37 3 8
12 38 1 10
12 39 8 17
12 40 3 11
12 41 6 7
12 42 1 9
12 43 7 2
12 44 1 18
12 45 16 3
12 47 10 15
12 48 11 16
12 49 14 7
13 1 1 10
13 2 10 16
13 3 3 2
13 5 12 1
13 6 11 4
13 7 19 2
13 9 2 18
13 10 7 5
13 11 11 10
13 12 20 14
13 13 9 9
13 14 6 18
13 15 2 2
13 17 3 6
13 18 2 16
13 19 15 16
13 21 19 1
13 24 9 6
13 25 16 2
13 26 20 0
13 27 14 14
13 28 4 18
13 30 7 18
13 32 16 19
13 33 4 3
13 35 18 0
13 36 12 9
13 37 15 10
13 41 17 17
13 43 5 0
13 44 16 1
13 45 20 2
13 46 14 0
13 47 11 6
13 48 1 14
13 49 4 12
14 0 12 16
14 3 8 8
14 4 18 0
14 5 3 20
14 6 3 20
14 9 20 16
14 10 1 8
14 11 18 8
14 12 10 15
14 13 15 5
14 14 5 18
14 15 9 11
14 16 19 19
14 17 18 11
14 18 13 1
14 20 15 10
14 21 16 5
14 22 12 20
14 23 1 12
14 24 14 7
14 26 2 3
14 27 16 18
14 28 1 10
14 29 5 3
14 30 12 3
14 31 12 10
14 32 1 13
14 33 8 19
14 34 13 9
14 35 3 19
14 36 1 20
14 37 2 10
14 38 8 19
14 39 6 4
14 40 7 15
14 41 19 18
14 42 8 11
14 43 0 14
14 44 4 9
14 45 20 4
14 46 20 20
14 48 15 13
14 49 7 10
15 0 9 17
15 2 16 3
15 4 19 7
15 7 2 2
15 10 7 9
15 11 13 7
15 14 0 7
15 15 14 18
15 16 3 17
15 19 8 1
15 20 4 0
15 21 8 7
15 22 5 14
15 23 0 15
15 24 14 17
15 25 15 6
15 27 1 4
15 28 19 18
15 29 17 20
15 30 4 3
15 31 15 7
15 32 9 10
15 33 14 0
15 35 12 14
15 36 5 13
15 37 12 20
15 39 10 6
15 41 1 10
15 42 3 8
15 43 14 2
15 46 13 16
15 47 20 11
15 48 18 18
15 49 20 18
16 0 12 11
16 1 10 10
16 2 9 17
16 3 19 4
16 4 8 13
16 5 0 15
16 7 6 2
16 8 11 10
16 9 12 14
16 10 18 6
16 12 2 14
16 13 9 1
16 14 19 9
16 15 0 9
16 16 8 5
16 17 15 4
16 18 1 8
16 19 4 2
16 21 16 3
16 22 1 7
16 24 0 2
16 25 8 2
16 27 11 6
16 28 8 0
16 29 16 19
16 30 17 5
16 31 10 20
16 32 10 17
16 33 5 6
16 34 0 8
16 36 18 3
16 37 10 1
16 38 19 5
16 39 5 10
16 40 20 12
16 41 8 10
16 42 15 6
16 44 1 6
16 45 18 12
16 47 11 2
16 48 3 1
16 49 10 20
17 1 8 2
17 2 16 17
17 3 6 10
17 4 10 2
17 5 3 11
17 7 20 11
17 8 20 6
17 9 16 9
17 10 11 19
17 11 19 13
17 13 19 11
17 15 13 5
17 16 7 0
17 17 17 6
17 18 8 3
17 19 10 10
17 20 12 4
17 21 4 15
17 22 11 15
17 23 16 8
17 24 11 9
17 25 2 11
17 26 20 9
17 27 10 1
17 28 8 16
17 29 2 12
17 31 6 18
17 32 18 9
17 33 17 10
17 34 18 17
17 38 15 4
17 39 17 7
17 40 1 9
17 41 4 10
17 42 6 16
17 43 13 1
17 44 11 19
17 45 18 18
17 46 11 8
17 47 5 16
17 48 11 2
17 49 18 6
18 0 17 7
18 1 11 16
18 2 8 2
18 5 15 12
18 6 8 13
18 7 12 3
18 8 0 5
18 10 18 13
18 12 11 18
18 14 8 12
18 15 6 6
18 16 3 10
18 17 17 12
18 18 4 2
18 19 5 0
18 20 12 8
18 21 5 20
18 22 17 0
18 24 11 14
18 25 3 6
18 26 18 12
18 27 9 1
18 30 18 10
18 31 3 9
18 32 14 10
18 33 5 17
18 34 14 6
18 35 10 20
18 36 5 18
18 37 19 1
18 38 13 17
18 41 9 9
18 42 16 12
18 43 17 2
18 45 17 10
18 46 13 6
18 48 1 18
18 49 11 15
19 0 20 2
19 2 7 19
19 3 15 3
19 4 12 15
19 5 1 6
19 6 4 5
19 8 8 5
19 11 11 20
19 12 20 6
19 13 8 0
19 14 15 5
19 15 18 15
19 16 1 9
19 21 18 11
19 23 0 6
19 24 2 7
19 25 17 4
19 26 9 5
19 27 0 11
19 30 1 11
19 32 6 17
19 33 6 0
19 34 14 18
19 35 4 6
19 36 19 15
19 38 2 4
19 41 11 10
19 43 20 13
19 44 15 14
19 45 7 15
19 47 8 15
19 48 10 8
19 49 9 8
20 0 2 10
20 1 0 7
20 2 6 11
20 3 13 10
20 4 10 15
20 5 18 12
20 7 0 9
20 9 7 12
20 10 18 2
20 11 3 17
20 12 10 20
20 13 20 2
20 14 13 18
20 15 19 10
20 16 1 14
20 18 11 17
20 19 15 6
20 21 0 6
20 22 2 4
20 23 19 11
20 24 0 14
20 25 1 4
20 27 1 3
20 28 10 17
20 30 5 11
20 31 15 7
20 32 0 6
20 33 0 17
20 34 13 6
20 35 1 13
20 36 0 13
20 37 13 8
20 39 11 10
20 40 5 14
20 41 7 15
20 42 5 16
20 43 15 7
20 44 9 6
20 45 12 14
20 46 16 6
20 47 15 11
20 48 6 19
20 49 14 5
21 2 16 10
21 3 14 10
21 4 18 4
21 5 6 19
21 6 11 6
21 7 6 9
21 8 14 18
21 9 1 18
21 10 6 1
21 11 17 9
21 12 7 7
21 13 6 4
21 14 1 14
21 15 19 1
21 16 14 5
21 17 7 16
21 19 13 19
21 20 15 7
21 21 3 13
21 22 17 14
21 24 12 17
21 25 19 0
21 26 14 3
21 27 17 15
21 28 3 1
21 29 11 20
21 30 16 16
21 31 13 2
21 33 13 0
21 34 0 1
21 35 11 0
21 37 17 10
21 38 3 16
21 39 3 3
21 40 3 6
21 41 11 18
21 42 5 6
21 44 3 15
21 45 13 6
21 46 12 9
21 47 16 13
21 48 13 3
21 49 13 7
22 1 16 3
22 2 17 15
22 3 14 17
22 4 18 14
22 6 9 16
22 7 0 5
22 8 2 2
22 12 12 15
22 13 12 20
22 14 14 18
22 15 0 5
22 17 3 15
22 18 2 19
22 19 5 14
22 20 9 1
22 21 0 9
22 22 4 1
22 23 7 10
22 24 17 19
22 25 4 12
22 26 4 11
22 27 6 10
22 28 13 20
22 29 11 4
22 30 1 20
22 31 3 1
22 32 11 11
22 33 6 5
22 34 5 20
22 35 17 0
22 36 13 8
22 37 4 16
22 38 13 19
22 39 16 9
22 41 3 12
22 42 5 1
22 43 14 1
22 44 1 5
22 45 12 14
22 47 2 5
22 48 2 17
23 0 14 0
23 1 11 1
23 6 13 12
23 7 11 12
23 8 19 13
23 9 8 1
23 10 3 7
23 11 19 14
23 12 7 13
23 13 3 6
23 14 11 14
23 15 9 8
23 16 12 3
23 17 19 10
23 19 16 14
23 20 6 2
23 21 7 14
23 22 14 3
23 23 2 17
23 24 16 9
23 25 10 11
23 26 15 3
23 27 11 17
23 28 15 4
23 29 13 8
23 30 17 9
23 31 18 2
23 32 12 12
23 34 16 12
23 35 15 4
23 36 6 9
23 37 17 13
23 39 13 20
23 40 13 20
23 41 14 4
23 42 13 18
23 43 18 12
23 44 17 11
23 45 14 16
23 47 6 14
23 48 15 9
23 49 9 3
24 1 1 4
24 3 20 5
24 4 20 18
24 5 18 0
24 7 2 8
24 8 12 7
24 9 5 16
24 11 7 3
24 12 13 8
24 13 0 6
24 14 13 1
24 15 13 5
24 16 1 4
24 17 12 5
24 18 11 11
24 19 11 13
24 20 3 2
24 21 16 9
24 22 20 9
24 23 0 10
24 26 20 19
24 27 10 2
24 29 0 5
24 30 11 13
24 31 20 4
24 32 12 16
24 34 4 0
24 35 20 9
24 38 10 10
24 41 13 19
24 42 7 12
24 44 5 13
24 46 16 13
24 47 16 20
25 0 0 15
25 1 0 2
25 2 18 0
25 3 17 10
25 4 13 12
25 5 8 8
25 6 19 7
25 9 9 8
25 10 17 12
25 11 13 9
25 12 17 6
25 13 8 13
25 14 12 1
25 15 5 1
25 16 12 3
25 17 7 7
25 18 4 12
25 20 18 8
25 21 11 16
25 23 10 10
25 24 8 7
25 25 2 18
25 26 14 4
25 29 8 15
25 30 3 3
25 31 0 2
25 32 14 3
25 33 3 0
25 34 16 5
25 35 1 14
25 36 6 4
25 37 10 5
25 38 20 3
25 39 14 13
25 40 13 10
25 41 10 18
25 42 19 14
25 43 2 13
25 45 5 17
25 46 18 17
25 47 16 11
25 48 0 12
25 49 15 20
26 0 0 14
26 1 16 18
26 2 1 18
26 3 3 8
26 4 19 19
26 6 14 13
26 7 11 1
26 8 15 14
26 9 20 6
26 10 8 0
26 11 16 17
26 12 15 5
26 13 4 5
26 16 3 11
26 17 4 1
26 18 9 8
26 22 2 18
26 23 4 20
26 24 4 15
26 26 10 18
26 28 3 12
26 31 12 16
26 32 19 16
26 33 20 13
26 34 5 19
26 35 7 1
26 36 20 4
26 37 9 6
26 38 10 13
26 40 11 3
26 41 4 17
26 42 13 5
26 44 2 4
26 45 9 14
26 46 5 8
26 47 14 1
26 48 10 15
26 49 0 4
27 0 7 1
27 1 3 16
27 2 7 20
27 3 4 19
27 5 8 2
27 6 17 5
27 7 15 6
27 8 4 11
27 9 4 14
27 10 14 13
27 11 17 19
27 12 13 11
27 13 13 5
27 14 2 15
27 15 7 20
27 16 0 1
27 17 7 10
27 18 2 1
27 21 7 3
27 22 5 15
27 23 0 18
27 24 9 14
27 25 0 4
27 26 0 10
27 27 12 9
27 28 4 10
27 30 10 2
27 31 17 18
27 32 2 9
27 33 7 5
27 36 13 11
27 37 1 9
27 38 0 4
27 39 1 0
27 40 10 7
27 41 7 3
27 42 12 8
27 44 14 8
27 45 1 10
27 46 14 8
27 47 1 13
27 49 14 2
28 0 11 17
28 1 11 0
28 3 9 20
28 4 1 6
28 5 1 2
28 6 19 8
28 7 13 9
28 9 7 20
28 10 4 4
28 12 5 15
28 13 13 3
28 14 18 13
28 15 14 13
28 17 11 18
28 18 16 0
28 21 14 4
28 22 0 10
28 23 20 10
28 24 1 6
28 26 4 15
28 27 20 14
28 28 12 13
28 30 8 20
28 31 19 3
28 32 12 7
28 33 8 3
28 34 3 14
28 35 19 6
28 36 13 11
28 40 3 16
28 41 16 13
28 42 11 0
28 43 0 17
28 44 17 10
28 45 6 9
28 46 18 13
28 47 9 5
28 49 11 6
29 0 5 19
29 1 10 5
29 2 11 18
29 3 18 4
29 4 15 15
29 5 2 0
29 6 14 15
29 8 5 6
29 9 18 17
29 10 15 16
29 11 2 20
29 12 5 16
29 13 6 12
29 14 12 20
29 15 18 8
29 16 14 14
29 18 1 11
29 19 17 3
29 20 0 12
29 22 19 12
29 23 6 9
29 24 11 8
29 26 0 15
29 28 16 12
29 29 19 6
29 30 20 3
29 31 17 5
29 32 12 20
29 33 8 9
29 36 16 13
29 37 11 9
29 38 14 14
29 39 15 16
29 40 9 11
29 42 20 13
29 43 20 2
29 44 3 11
29 46 18 0
29 47 11 11
29 49 12 1
30 0 15 2
30 1 3 11
30 2 16 16
30 3 14 17
30 4 0 9
30 5 4 13
30 6 6 15
30 11 17 2
30 12 11 4
30 13 1 16
30 16 14 6
30 17 14 14
30 18 11 3
30 19 0 20
30 20 9 12
30 21 5 10
30 23 13 2
30 24 15 16
30 25 10 13
30 26 16 15
30 27 14 18
30 29 4 6
30 30 17 6
30 32 12 18
30 33 3 17
30 34 2 1
30 36 12 16
30 37 19 14
30 38 1 18
30 39 1 11
30 40 0 5
30 41 13 8
30 42 20 14
30 43 7 1
30 44 4 14
30 46 18 3
30 47 6 19
30 48 4 7
30 49 15 18
31 0 19 17
31 1 0 10
31 2 3 12
31 3 0 11
31 4 6 20
31 5 14 5
31 6 11 19
31 7 9 9
31 9 20 16
31 10 12 20
31 11 5 19
31 12 19 17
31 13 6 17
31 14 10 1
31 15 18 6
31 16 19 11
31 17 6 16
31 18 7 6
31 19 16 15
31 21 10 5
31 22 18 20
31 23 1 5
31 24 8 12
31 26 12 12
31 27 15 18
31 28 0 17
31 29 7 4
31 30 19 9
31 31 10 13
31 32 18 11
31 33 15 20
31 34 15 3
31 35 7 9
31 36 5 4
31 39 17 2
31 40 7 17
31 42 17 6
31 43 0 6
31 46 8 20
31 47 16 19
31 48 3 7
31 49 1 7
32 2 6 3
32 4 15 16
32 5 7 2
32 7 12 10
32 8 10 11
32 9 20 4
32 10 4 19
32 11 4 12
32 12 14 1
32 13 5 16
32 15 17 18
32 18 14 0
32 19 11 10
32 20 15 19
32 21 4 19
32 22 9 16
32 24 9 19
32 25 9 4
32 26 7 13
32 27 18 17
32 28 7 2
32 29 7 12
32 30 14 19
32 31 16 5
32 32 10 2
32 33 6 15
32 34 8 11
32 35 16 2
32 37 15 5
32 39 15 19
32 40 6 0
32 41 20 7
32 43 9 13
32 44 2 8
32 45 16 19
32 46 15 15
32 49 15 15
33 1 11 20
33 3 1 3
33 4 10 8
33 5 12 6
33 6 15 13
33 7 18 10
33 8 13 6
33 9 4 13
33 10 2 16
33 12 5 17
33 13 14 15
33 14 13 8
33 15 5 20
33 16 14 16
33 18 18 11
33 19 15 9
33 20 4 6
33 21 15 3
33 22 0 17
33 24 12 3
33 25 20 13
33 26 16 13
33 27 19 15
33 29 13 2
33 30 6 20
33 31 0 17
33 32 17 16
33 35 18 14
33 36 16 6
33 37 18 18
33 39 19 14
33 40 19 0
33 41 13 10
33 44 14 19
33 45 10 2
33 46 13 11
33 47 8 1
33 48 9 14
33 49 15 10
34 0 18 12
34 1 6 0
34 2 5 10
34 4 20 12
34 6 5 1
34 7 14 13
34 8 6 4
34 10 3 18
34 11 8 7
34 12 17 10
34 13 14 17
34 14 11 2
34 16 19 19
34 17 17 10
34 18 2 4
34 19 16 0
34 20 14 1
34 21 3 2
34 22 20 19
34 23 3 18
34 24 0 13
34 25 0 8
34 26 2 10
34 27 20 17
34 28 10 5
34 29 7 10
34 31 10 2
34 32 4 15
34 33 4 18
34 35 8 20
34 36 18 3
34 37 19 14
34 38 2 16
34 39 7 0
34 41 0 17
34 42 11 6
34 43 13 12
34 44 16 13
34 45 20 10
34 46 6 17
34 48 11 11
34 49 6 3
35 0 16 1
35 1 3 14
35 3 15 14
35 6 6 17
35 7 4 9
35 9 14 13
35 10 13 3
35 11 1 5
35 12 11 0
35 13 7 17
35 14 6 6
35 15 7 10
35 16 10 19
35 17 9 7
35 18 2 5
35 19 16 10
35 20 1 17
35 21 1 7
35 22 2 12
35 24 11 10
35 26 15 7
35 27 10 3
35 28 11 19
35 29 16 2
35 30 3 1
35 32 12 17
35 34 15 8
35 35 17 13
35 36 18 10
35 37 14 10
35 38 16 17
35 39 11 8
35 41 1 5
35 42 3 20
35 43 13 0
35 44 19 0
35 45 18 13
35 46 1 10
35 48 8 8
35 49 5 5
36 0 20 11
36 1 1 6
36 2 11 8
36 3 8 1
36 4 6 3
36 5 6 4
36 7 0 6
36 8 18 18
36 10 18 3
36 11 20 20
36 12 18 8
36 13 18 14
36 14 14 19
36 15 10 3
36 16 9 14
36 17 19 18
36 18 7 11
36 19 12 19
36 20 19 18
36 21 14 20
36 22 0 1
36 23 12 0
36 24 4 9
36 25 12 17
36 26 2 14
36 28 4 15
36 29 2 20
36 30 15 7
36 31 19 4
36 32 14 18
36 33 15 6
36 34 19 8
36 36 17 7
36 37 4 2
36 38 18 2
36 39 18 5
36 40 20 5
36 41 14 3
36 42 13 8
36 43 13 15
36 44 1 6
36 45 17 4
36 47 2 0
36 48 5 0
36 49 11 7
37 0 14 2
37 1 9 19
37 3 8 3
37 4 8 13
37 5 5 6
37 7 1 2
37 8 19 2
37 9 20 2
37 10 20 19
37 11 8 19
37 12 1 8
37 14 20 0
37 15 19 13
37 17 3 0
37 18 16 20
37 20 10 7
37 21 10 15
37 22 16 12
37 23 6 0
37 24 16 18
37 26 15 20
37 27 14 10
37 28 13 5
37 29 12 2
37 30 18 15
37 31 18 19
37 32 5 19
37 33 19 14
37 34 1 17
37 35 1 3
37 36 18 1
37 38 6 19
37 39 17 4
37 40 7 7
37 41 3 17
37 42 12 4
37 43 13 6
37 44 1 7
37 45 18 17
37 46 2 4
37 47 20 18
37 48 19 11
37 49 14 6
38 0 17 15
38 2 9 8
38 4 6 14
38 6 7 18
38 7 20 9
38 9 5 4
38 10 17 8
38 11 1 9
38 14 17 11
38 15 0 20
38 17 8 12
38 18 12 9
38 19 9 2
38 20 18 7
38 21 13 18
38 22 11 5
38 23 16 15
38 24 17 19
38 26 9 11
38 31 9 2
38 33 6 13
38 34 18 11
38 35 19 13
38 36 8 11
38 37 10 17
38 38 19 11
38 40 7 11
38 41 16 19
38 42 6 5
38 43 2 18
38 44 7 5
38 48 12 0
38 49 18 7
39 0 11 18
39 1 11 2
39 2 1 0
39 4 16 11
39 6 8 14
39 7 19 8
39 8 20 0
39 9 17 14
39 10 15 8
39 11 12 18
39 12 7 1
39 13 2 9
39 14 6 17
39 15 9 11
39 16 20 13
39 17 20 17
39 19 14 6
39 20 15 16
39 22 17 20
39 23 11 18
39 24 7 8
39 25 12 17
39 26 8 13
39 28 5 6
39 29 19 8
39 30 14 3
39 31 13 4
39 32 20 13
39 33 17 15
39 34 9 3
39 35 5 12
39 37 17 1
39 38 5 1
39 39 8 11
39 40 0 8
39 41 2 2
39 42 3 10
39 43 19 3
39 44 19 13
39 46 7 8
39 48 4 13
39 49 0 16
40 1 8 12
40 3 2 13
40 4 11 2
40 5 8 19
40 7 16 6
40 8 19 8
40 9 9 20
40 10 15 19
40 11 15 10
40 12 7 2
40 13 14 10
40 14 5 15
40 15 3 10
40 16 0 14
40 18 15 4
40 19 11 12
40 21 0 19
40 23 17 8
40 24 8 13
40 27 16 1
40 28 15 14
40 29 14 13
40 30 16 19
40 31 8 19
40 32 20 16
40 38 10 4
40 39 17 10
40 40 9 4
40 42 13 1
40 44 6 12
40 46 12 14
40 47 6 18
40 48 2 13
40 49 15 16
41 0 13 13
41 1 10 10
41 2 7 19
41 3 17 9
41 4 2 17
41 5 14 19
41 6 3 6
41 7 20 17
41 10 19 10
41 11 6 0
41 12 18 5
41 13 8 18
41 14 10 8
41 16 15 16
41 17 18 18
41 21 14 12
41 22 18 14
41 23 10 7
41 24 1 2
41 25 4 4
41 26 19 13
41 27 18 15
41 30 2 12
41 31 14 15
41 32 7 15
41 33 7 11
41 34 16 4
41 35 7 3
41 38 14 16
41 39 20 8
41 41 18 9
41 43 19 6
41 44 19 2
41 45 15 4
41 47 3 9
41 48 5 0
41 49 5 14
42 1 13 18
42 2 3 6
42 3 7 17
42 4 16 4
42 5 7 1
42 6 5 20
42 7 14 4
42 9 1 15
42 10 18 15
42 11 13 3
42 12 8 8
42 13 13 19
42 14 10 3
42 15 18 12
42 16 9 18
42 17 7 2
42 18 16 11
42 20 19 9
42 21 2 6
42 22 10 3
42 23 6 18
42 24 11 17
42 25 19 11
42 26 9 20
42 27 2 0
42 28 14 0
42 29 18 1
42 30 12 18
42 31 4 14
42 32 8 8
42 34 2 11
42 36 16 0
42 37 6 19
42 38 7 17
42 39 2 19
42 40 18 15
42 41 3 8
42 43 14 0
42 45 20 7
42 47 11 17
42 48 13 5
43 0 19 18
43 1 12 3
43 2 18 1
43 3 10 12
43 4 15 14
43 5 11 18
43 6 20 15
43 7 18 12
43 9 18 16
43 11 10 4
43 13 6 2
43 15 20 1
43 16 7 14
43 17 4 4
43 18 4 7
43 19 17 6
43 20 5 2
43 21 5 10
43 22 4 15
43 23 4 4
43 24 17 5
43 26 20 6
43 27 7 5
43 28 14 3
43 29 11 6
43 30 8 10
43 31 15 15
43 32 0 16
43 33 14 12
43 34 7 14
43 38 17 6
43 39 0 11
43 40 1 17
43 41 12 10
43 42 5 17
43 43 12 18
43 45 5 8
43 46 1 15
43 48 0 16
43 49 8 12
44 0 8 5
44 1 20 8
44 2 19 5
44 3 14 13
44 4 0 0
44 5 18 3
44 6 5 4
44 7 8 13
44 10 9 17
44 11 2 3
44 12 7 11
44 14 3 12
44 15 5 14
44 16 12 17
44 17 18 0
44 19 4 7
44 20 13 9
44 21 7 0
44 22 2 6
44 23 0 12
44 24 4 5
44 25 18 18
44 26 1 8
44 27 1 18
44 28 0 14
44 31 18 0
44 32 8 6
44 33 15 10
44 34 10 12
44 35 13 13
44 36 14 20
44 37 13 17
44 38 16 20
44 39 20 15
44 40 8 11
44 42 10 17
44 44 17 3
44 45 16 8
44 48 2 13
44 49 4 18
45 0 6 1
45 2 3 2
45 3 11 17
45 6 12 16
45 7 3 20
45 8 6 1
45 10 4 17
45 11 14 7
45 12 17 0
45 13 11 1
45 15 16 4
45 16 19 20
45 18 19 0
45 19 15 12
45 20 1 17
45 22 18 12
45 24 12 14
45 25 4 19
45 26 2 0
45 27 17 1
45 28 12 15
45 29 10 4
45 31 17 6
45 32 7 16
45 33 9 15
45 34 18 14
45 35 4 4
45 36 5 0
45 40 4 6
45 43 5 20
45 44 13 3
45 46 7 13
45 48 12 12
45 49 20 19
46 0 10 10
46 1 0 11
46 3 14 0
46 4 10 12
46 5 19 0
46 7 2 6
46 8 17 4
46 9 18 3
46 10 3 6
46 11 2 10
46 12 1 11
46 13 1 5
46 15 11 3
46 16 20 15
46 17 2 18
46 18 11 15
46 19 19 14
46 20 1 11
46 21 13 8
46 22 12 18
46 23 7 17
46 24 1 4
46 25 5 20
46 26 15 16
46 27 0 14
46 30 6 18
46 31 6 18
46 32 14 13
46 34 6 15
46 36 11 17
46 37 0 12
46 38 1 11
46 39 7 8
46 40 7 0
46 41 2 7
46 42 5 1
46 43 11 0
46 44 3 8
46 45 11 10
46 47 14 9
46 48 17 20
46 49 8 9
47 0 12 18
47 1 19 16
47 2 5 14
47 3 15 13
47 4 3 9
47 5 18 20
47 6 11 7
47 7 19 0
47 8 2 18
47 10 8 0
47 11 3 19
47 12 12 10
47 13 18 6
47 15 3 3
47 16 8 10
47 17 3 20
47 19 4 8
47 20 17 8
47 21 0 14
47 22 3 16
47 23 0 11
47 26 16 15
47 27 11 14
47 29 0 12
47 30 13 6
47 31 13 15
47 32 7 3
47 33 16 8
47 34 17 17
47 35 20 7
47 36 6 12
47 38 0 5
47 39 8 19
47 40 6 16
47 41 17 11
47 42 2 20
47 43 7 13
47 44 7 15
47 45 14 0
47 47 6 18
47 48 1 15
47 49 3 16
48 0 15 6
48 1 17 15
48 2 9 19
48 3 11 13
48 4 14 10
48 5 12 1
48 6 13 0
48 7 9 20
48 8 4 10
48 9 5 18
48 11 9 13
48 12 8 19
48 13 9 19
48 15 3 20
48 16 13 20
48 17 16 16
48 18 6 4
48 19 7 9
48 20 15 20
48 21 16 0
48 22 19 12
48 23 14 9
48 26 13 7
48 27 8 3
48 29 4 0
48 30 9 15
48 31 1 1
48 33 0 13
48 35 4 17
48 38 17 6
48 39 7 5
48 40 4 11
48 41 6 6
48 42 10 1
48 44 10 16
48 45 2 4
48 46 6 6
48 47 18 13
48 48 3 16
48 49 7 17
49 0 7 12
49 1 13 16
49 2 3 4
49 3 6 20
49 4 12 19
49 5 10 6
49 6 6 4
49 8 10 20
49 9 18 13
49 11 13 5
49 12 10 1
49 13 5 13
49 14 6 8
49 15 1 18
49 16 7 16
49 17 2 7
49 18 6 16
49 19 0 15
49 20 0 16
49 21 20 4
49 22 12 14
49 23 20 7
49 25 18 17
49 26 16 3
49 29 18 16
49 30 19 7
49 31 7 1
49 32 16 14
49 33 13 8
49 34 3 6
49 35 19 0
49 36 7 4
49 38 1 5
49 41 7 7
49 42 16 4
49 43 6 13
49 44 4 3
49 45 0 14
49 46 10 1
49 47 11 4
49 48 9 17
49 49 20 11
