50
2
0 0 11 5
0 1 14 10
0 2 0 17
0 3 1 2
0 4 15 19
0 5 12 19
0 6 9 7
0 7 13 3
0 8 7 5
0 10 11 7
0 12 4 1
0 13 20 0
0 14 15 11
0 15 1 11
0 16 11 19
0 17 19 15
0 18 9 16
0 20 0 14
0 21 12 7
0 23 16 9
0 24 20 2
0 25 8 1
0 26 19 1
0 27 19 13
0 28 10 19
0 30 3 6
0 31 3 6
0 32 19 2
0 33 10 12
0 36 14 18
0 38 9 12
0 39 9 14
0 40 2 3
0 41 13 2
0 42 4 0
0 44 9 2
0 45 2 11
0 47 0 0
0 48 9 5
0 49 19 6
1 1 6 4
1 2 3 15
1 3 14 19
1 4 10 16
1 5 19 9
1 6 20 11
1 7 19 14
1 8 5 0
1 9 17 19
1 10 11 1
1 11 7 5
1 12 10 0
1 13 10 11
1 14 19 7
1 16 1 4
1 17 4 13
1 18 0 8
1 19 6 16
1 20 12 5
1 21 12 4
1 23 7 3
1 24 15 1
1 25 6 7
1 27 20 10
1 28 7 9
1 29 16 20
1 30 17 7
1 31 9 11
1 33 12 8
1 34 6 18
1 35 16 4
1 36 14 16
1 37 5 4
1 38 1 3
1 41 6 13
1 42 12 16
1 43 15 11
1 46 3 6
1 47 4 2
1 48 6 19
1 49 4 12
2 0 20 20
2 1 4 9
2 2 5 3
2 4 2 1
2 5 13 16
2 6 1 3
2 7 15 11
2 8 9 18
2 9 3 13
2 10 3 0
2 12 16 6
2 14 13 11
2 15 16 0
2 16 14 16
2 18 20 18
2 20 15 15
2 21 11 12
2 22 7 13
2 23 4 20
2 24 20 19
2 26 16 8
2 27 17 9
2 28 3 3
2 29 14 6
2 30 14 1
2 31 19 6
2 32 11 17
2 34 7 18
2 35 0 16
2 36 19 15
2 37 16 10
2 38 12 13
2 39 18 4
2 40 16 6
2 41 7 9
2 42 0 10
2 43 17 7
2 44 8 5
2 45 8 2
2 46 9 10
2 47 7 14
3 0 15 7
3 1 13 0
3 2 10 3
3 3 8 16
3 4 12 5
3 8 16 8
3 11 3 2
3 12 17 20
3 13 11 8
3 15 16 7
3 16 13 13
3 18 10 1
3 19 18 13
3 20 2 15
3 21 19 13
3 22 15 1
3 23 13 14
3 24 9 16
3 25 1 14
3 26 17 19
3 29 15 17
3 30 18 14
3 31 16 4
3 33 19 20
3 34 6 12
3 35 16 5
3 36 7 5
3 37 6 16
3 38 15 4
3 39 20 8
3 40 16 0
3 41 17 18
3 42 1 17
3 43 3 4
3 44 12 10
3 46 14 6
4 0 4 20
4 1 16 12
4 2 12 19
4 3 16 13
4 4 7 17
4 5 13 15
4 6 1 2
4 7 6 12
4 8 7 1
4 9 7 5
4 10 20 17
4 11 15 16
4 12 10 19
4 13 16 6
4 14 3 8
4 15 14 2
4 16 6 6
4 17 9 16
4 18 16 14
4 21 8 10
4 22 15 6
4 23 4 18
4 24 8 13
4 25 18 10
4 27 9 8
4 28 12 3
4 30 11 13
4 31 18 17
4 32 15 19
4 33 15 9
4 36 18 5
4 37 19 15
4 38 11 9
4 39 13 16
4 41 19 15
4 42 8 7
4 43 15 8
4 44 20 20
4 45 16 6
4 46 17 1
4 47 18 15
4 48 4 18
4 49 13 16
5 0 1 19
5 1 6 4
5 2 10 15
5 3 0 16
5 5 20 8
5 6 2 1
5 7 8 2
5 8 6 16
5 9 2 19
5 10 15 20
5 11 14 15
5 12 14 6
5 14 8 17
5 15 4 8
5 16 11 20
5 17 8 15
5 18 14 15
5 19 6 2
5 21 19 7
5 22 9 9
5 23 9 10
5 24 17 0
5 26 5 8
5 28 3 11
5 29 18 5
5 30 1 6
5 32 8 15
5 33 6 17
5 34 0 13
5 35 18 2
5 36 20 9
5 37 16 14
5 39 9 3
5 40 4 0
5 41 1 1
5 42 7 0
5 43 17 1
5 45 9 3
5 47 17 5
5 48 13 18
5 49 13 9
6 0 17 11
6 2 19 20
6 3 16 20
6 4 16 16
6 5 0 0
6 8 8 1
6 11 4 4
6 12 11 6
6 13 19 7
6 15 20 17
6 16 10 20
6 17 13 9
6 18 0 10
6 19 4 9
6 21 4 20
6 22 3 11
6 23 9 0
6 25 9 13
6 27 13 2
6 28 14 6
6 29 16 14
6 30 6 6
6 31 1 1
6 33 18 14
6 34 0 13
6 35 19 17
6 36 19 20
6 37 6 8
6 40 17 18
6 42 5 16
6 43 14 5
6 44 4 0
6 46 5 10
6 49 4 12
7 0 4 9
7 1 6 2
7 2 17 19
7 3 16 2
7 4 14 3
7 6 13 20
7 7 20 18
7 8 19 12
7 9 7 17
7 10 7 2
7 12 11 9
7 13 10 20
7 15 15 3
7 16 3 13
7 18 15 11
7 20 17 9
7 22 20 5
7 23 10 10
7 24 6 11
7 25 6 2
7 26 14 13
7 27 16 19
7 28 17 11
7 30 5 4
7 31 10 16
7 32 13 15
7 33 12 6
7 36 18 3
7 37 13 12
7 39 15 11
7 40 3 0
7 41 7 7
7 42 7 10
7 43 7 15
7 44 6 4
7 45 4 17
7 46 10 8
7 47 0 6
7 48 4 7
7 49 7 19
8 0 8 17
8 1 13 10
8 2 13 18
8 4 11 2
8 5 13 11
8 6 16 1
8 7 7 15
8 9 9 7
8 10 1 15
8 11 2 9
8 12 5 3
8 13 17 18
8 14 17 1
8 15 6 5
8 16 15 12
8 17 16 20
8 18 1 13
8 19 9 6
8 20 14 13
8 21 11 13
8 22 4 1
8 23 8 20
8 24 9 10
8 25 12 18
8 26 20 0
8 32 13 1
8 33 14 13
8 34 0 17
8 35 3 8
8 36 9 14
8 38 7 7
8 39 12 8
8 40 15 13
8 41 20 13
8 42 3 8
8 43 3 7
8 44 0 16
8 46 0 16
8 47 12 4
8 48 8 14
8 49 11 2
9 0 0 20
9 1 15 10
9 2 2 4
9 3 6 8
9 4 3 4
9 5 2 0
9 6 5 14
9 7 8 14
9 9 16 5
9 10 8 5
9 11 18 7
9 12 12 14
9 13 6 11
9 15 8 20
9 16 11 1
9 17 18 1
9 18 7 16
9 19 4 8
9 20 4 20
9 22 17 10
9 23 9 7
9 24 5 20
9 25 10 4
9 26 10 18
9 27 4 4
9 28 2 17
9 30 13 18
9 32 11 2
9 33 2 0
9 34 6 10
9 35 8 5
9 37 18 19
9 38 15 17
9 39 7 4
9 40 1 3
9 41 9 20
9 43 16 9
9 44 0 17
9 45 20 2
9 46 18 6
9 47 17 0
9 48 15 14
9 49 16 7
10 0 20 2
10 1 12 2
10 2 5 0
10 3 17 8
10 4 18 8
10 5 8 19
10 6 9 18
10 7 13 3
10 8 10 15
10 9 5 5
10 10 4 9
10 11 14 9
10 12 6 6
10 13 8 15
10 14 19 3
10 15 11 3
10 16 20 10
10 18 16 5
10 20 5 11
10 23 20 15
10 24 17 3
10 25 17 2
10 26 14 6
10 27 7 20
10 30 17 8
10 32 14 7
10 34 20 20
10 35 8 12
10 36 13 8
10 37 12 17
10 38 2 12
10 39 0 12
10 40 17 0
10 41 13 4
10 42 8 2
10 44 6 5
10 45 13 2
10 46 16 20
10 47 18 0
10 49 8 20
11 0 3 18
11 1 20 14
11 2 1 8
11 3 3 12
11 4 10 3
11 6 0 11
11 8 8 9
11 10 15 8
11 11 0 11
11 12 0 10
11 14 4 15
11 15 17 13
11 16 8 15
11 17 18 2
11 18 9 6
11 19 13 15
11 22 13 12
11 24 0 10
11 25 20 10
11 26 8 14
11 27 9 17
11 29 6 0
11 30 17 7
11 31 15 8
11 32 19 14
11 33 13 18
11 34 19 18
11 35 15 6
11 36 8 19
11 38 16 9
11 40 18 8
11 41 12 15
11 42 18 14
11 43 9 19
11 44 16 14
11 45 12 12
11 46 9 20
11 47 11 1
11 48 16 2
11 49 14 19
12 0 3 11
12 3 12 18
12 5 2 0
12 6 7 18
12 7 11 16
12 8 3 11
12 9 2 20
12 10 9 12
12 11 13 12
12 12 3 2
12 13 15 13
12 14 4 17
12 15 2 10
12 16 4 8
12 17 9 19
12 18 12 19
12 19 5 0
12 20 9 4
12 21 16 11
12 22 10 7
12 23 20 5
12 24 5 19
12 25 12 20
12 26 18 6
12 27 0 5
12 30 10 19
12 31 19 0
12 33 10 10
12 34 5 6
12 35 3 2
12 37 20 2
12 39 6 0
12 40 19 12
12 41 20 12
12 43 0 12
12 44 14 1
12 46 9 3
12 47 8 6
12 48 1 13
12 49 4 9
13 0 0 11
13 2 7 10
13 3 1 15
13 4 11 16
13 5 6 11
13 6 6 20
13 10 15 16
13 11 0 3
13 12 18 3
13 13 17 9
13 14 4 8
13 15 17 11
13 17 5 18
13 18 6 12
13 19 15 18
13 20 2 10
13 21 18 6
13 23 2 9
13 25 19 8
13 27 5 0
13 28 6 3
13 29 11 13
13 30 2 4
13 31 20 1
13 33 0 15
13 34 13 10
13 36 14 11
13 37 14 14
13 38 2 0
13 40 0 19
13 41 6 10
13 42 0 11
13 45 8 8
13 46 15 20
13 47 12 7
13 48 0 4
14 0 18 5
14 1 12 5
14 2 7 18
14 3 7 5
14 4 5 0
14 5 20 2
14 6 20 9
14 7 2 12
14 8 16 6
14 9 12 14
14 10 9 8
14 12 1 5
14 13 17 0
14 14 6 18
14 16 18 10
14 17 20 20
14 18 2 7
14 19 17 17
14 20 6 6
14 21 5 15
14 23 4 0
14 24 10 8
14 25 17 10
14 26 3 7
14 27 20 11
14 28 17 10
14 29 19 4
14 30 1 12
14 31 17 18
14 32 7 11
14 33 16 3
14 34 5 2
14 35 17 18
14 36 11 1
14 38 17 5
14 39 14 17
14 40 3 2
14 41 16 15
14 42 18 8
14 43 1 4
14 44 11 12
14 45 15 12
14 46 15 4
14 47 10 0
14 48 18 10
14 49 6 8
15 0 11 14
15 1 2 8
15 2 13 6
15 3 17 13
15 4 6 12
15 5 2 1
15 6 8 5
15 7 13 17
15 8 1 9
15 9 16 20
15 10 18 4
15 11 13 6
15 12 19 2
15 13 19 13
15 14 17 2
15 15 14 10
15 17 15 4
15 18 2 14
15 19 7 6
15 20 9 0
15 21 2 9
15 22 6 15
15 23 9 20
15 25 18 17
15 26 17 5
15 28 20 6
15 29 17 1
15 30 1 11
15 31 13 5
15 32 14 9
15 33 19 5
15 34 10 16
15 35 7 5
15 36 19 6
15 37 19 17
15 38 10 16
15 40 14 10
15 41 3 4
15 42 8 16
15 43 5 9
15 46 17 13
15 47 3 16
15 48 12 15
15 49 15 10
16 2 6 17
16 3 0 5
16 4 15 17
16 5 0 1
16 6 5 2
16 7 6 19
16 8 2 9
16 9 14 6
16 10 18 15
16 11 14 13
16 12 9 20
16 13 10 17
16 16 5 7
16 19 8 13
16 22 17 19
16 23 12 10
16 25 9 15
16 26 4 15
16 27 6 11
16 28 11 16
16 30 2 7
16 31 0 19
16 32 6 4
16 33 6 14
16 34 5 2
16 35 17 2
16 36 5 14
16 37 14 5
16 40 4 2
16 41 1 1
16 42 14 6
16 43 2 2
16 44 13 15
16 45 11 9
16 46 20 10
16 47 5 3
17 1 8 10
17 2 10 7
17 3 3 11
17 4 8 14
17 5 8 10
17 6 15 10
17 7 15 2
17 9 10 2
17 12 19 11
17 13 20 7
17 14 1 5
17 16 1 2
17 17 7 19
17 18 13 0
17 19 19 13
17 21 10 0
17 22 5 0
17 23 9 0
17 24 17 18
17 25 10 2
17 26 6 7
17 28 16 1
17 29 11 10
17 30 20 10
17 32 17 2
17 33 12 20
17 34 3 15
17 35 19 3
17 37 16 1
17 38 13 20
17 39 7 6
17 41 16 10
17 42 3 18
17 43 7 2
17 44 4 1
17 45 11 18
17 46 0 9
17 47 4 15
17 48 16 19
17 49 1 14
18 0 18 5
18 1 4 17
18 3 11 10
18 4 0 17
18 5 12 3
18 6 12 9
18 7 0 4
18 9 3 0
18 10 14 3
18 12 2 4
18 13 13 4
18 14 9 8
18 16 6 2
18 17 7 6
18 18 6 10
18 19 1 14
18 20 15 18
18 21 2 16
18 22 14 14
18 23 0 11
18 25 8 18
18 26 20 10
18 27 19 14
18 28 3 1
18 30 6 6
18 33 20 11
18 35 6 0
18 36 1 17
18 37 0 13
18 39 20 9
18 40 3 18
18 41 2 9
18 42 13 13
18 43 18 13
18 44 9 7
18 45 18 13
18 46 4 9
18 48 10 9
18 49 6 10
19 0 14 14
19 1 18 16
19 3 0 1
19 6 18 14
19 7 16 11
19 8 16 13
19 10 5 5
19 11 10 15
19 12 14 3
19 13 19 18
19 14 18 4
19 15 2 4
19 16 20 11
19 17 6 5
19 18 3 1
19 19 12 4
19 21 4 16
19 22 4 9
19 23 12 11
19 24 14 14
19 25 19 13
19 26 12 11
19 27 12 11
19 28 0 1
19 29 3 15
19 30 19 20
19 31 11 15
19 32 18 13
19 33 5 6
19 34 15 2
19 35 1 17
19 36 10 14
19 37 14 0
19 38 8 7
19 39 20 7
19 40 4 6
19 41 2 7
19 42 6 5
19 43 18 17
19 44 13 4
19 45 15 1
19 47 16 18
19 48 6 4
20 0 8 19
20 1 5 19
20 4 3 4
20 5 1 17
20 6 12 6
20 7 17 12
20 8 7 19
20 9 6 11
20 10 9 11
20 11 8 18
20 12 8 13
20 13 19 19
20 14 17 9
20 16 3 10
20 17 11 19
20 19 2 9
20 20 13 6
20 22 9 16
20 24 20 4
20 25 16 4
20 26 17 11
20 28 3 17
20 30 15 7
20 31 20 4
20 32 14 13
20 33 3 12
20 35 15 14
20 36 2 16
20 37 16 11
20 38 13 6
20 39 17 0
20 40 17 9
20 41 19 12
20 42 7 14
20 43 4 6
20 44 5 10
20 46 11 9
20 47 11 19
20 48 15 0
20 49 18 11
21 0 10 13
21 1 17 6
21 2 13 14
21 3 5 18
21 4 6 11
21 5 2 9
21 6 12 5
21 8 8 7
21 9 16 1
21 10 6 11
21 11 0 3
21 12 16 2
21 13 12 18
21 15 16 4
21 18 11 15
21 19 5 20
21 20 1 9
21 21 3 16
21 22 5 16
21 23 6 16
21 24 18 17
21 26 18 1
21 27 4 19
21 28 2 16
21 29 17 15
21 31 13 1
21 32 4 20
21 33 16 10
21 34 7 13
21 35 18 0
21 36 19 2
21 37 14 14
21 38 0 9
21 39 17 18
21 40 1 12
21 41 17 13
21 44 16 5
21 46 20 14
21 47 11 18
21 48 5 20
21 49 1 2
22 0 19 11
22 1 3 2
22 3 0 8
22 4 15 10
22 5 17 5
22 6 4 2
22 7 11 6
22 8 4 3
22 12 15 6
22 13 10 5
22 14 0 1
22 15 17 4
22 16 17 1
22 17 10 16
22 18 4 4
22 21 9 8
22 22 11 14
22 23 16 3
22 25 5 0
22 27 15 12
22 28 20 9
22 29 2 6
22 30 4 8
22 31 13 16
22 32 16 10
22 33 11 11
22 34 3 3
22 35 6 1
22 36 14 11
22 37 18 3
22 39 0 10
22 40 15 12
22 42 11 7
22 43 0 11
22 44 20 16
22 45 16 9
22 46 1 10
22 47 17 19
22 48 6 16
22 49 2 2
23 0 7 0
23 3 3 17
23 4 19 16
23 5 20 15
23 8 2 8
23 9 11 3
23 10 5 17
23 11 5 0
23 12 13 1
23 13 1 15
23 14 10 7
23 15 6 15
23 16 14 1
23 17 14 0
23 18 9 2
23 19 13 4
23 21 12 10
23 22 17 7
23 23 7 18
23 24 1 6
23 25 15 14
23 26 14 11
23 27 13 14
23 29 12 2
23 30 12 6
23 31 2 14
23 32 9 6
23 34 2 3
23 36 12 20
23 38 20 0
23 39 10 20
23 40 15 9
23 41 15 12
23 42 6 12
23 44 8 18
23 45 14 13
23 46 18 3
23 47 14 13
23 48 16 7
23 49 4 8
24 0 8 3
24 1 12 7
24 2 12 20
24 4 0 12
24 5 3 1
24 6 20 5
24 7 17 0
24 8 11 9
24 9 11 12
24 10 7 7
24 11 3 16
24 12 2 13
24 13 14 13
24 14 1 15
24 15 0 19
24 18 19 0
24 19 17 19
24 20 18 9
24 22 8 20
24 23 9 3
24 24 7 19
24 25 14 10
24 26 11 19
24 27 15 4
24 28 15 11
24 29 16 0
24 30 0 5
24 32 5 6
24 33 13 3
24 34 6 3
24 35 13 0
24 36 19 10
24 38 15 8
24 39 6 19
24 40 10 1
24 41 3 18
24 42 20 14
24 45 7 6
24 47 19 5
24 49 3 5
25 1 20 18
25 3 9 17
25 4 20 11
25 6 16 19
25 7 9 20
25 8 13 18
25 9 0 16
25 10 17 18
25 11 4 16
25 14 4 8
25 15 9 19
25 16 17 4
25 17 14 16
25 18 18 14
25 19 14 12
25 20 10 17
25 22 8 18
25 23 8 1
25 25 1 2
25 26 8 11
25 27 3 19
25 28 3 4
25 29 1 15
25 31 8 15
25 32 15 5
25 33 10 13
25 34 19 9
25 36 19 10
25 39 11 7
25 40 12 3
25 41 8 7
25 42 19 2
25 43 11 15
25 44 16 2
25 45 0 14
25 46 14 3
25 47 13 20
26 0 18 20
26 1 13 15
26 2 15 5
26 3 16 7
26 4 19 10
26 5 1 6
26 6 15 10
26 7 11 14
26 8 6 13
26 9 16 2
26 10 18 11
26 11 7 1
26 12 13 20
26 13 16 0
26 14 15 4
26 15 14 14
26 16 14 8
26 17 3 6
26 19 9 2
26 20 2 5
26 22 3 3
26 23 2 13
26 24 1 11
26 26 1 10
26 27 18 7
26 28 11 5
26 29 9 5
26 30 3 13
26 31 17 20
26 32 1 11
26 33 10 19
26 34 0 1
26 36 15 18
26 40 1 4
26 41 15 12
26 42 0 11
26 43 19 11
26 44 11 8
26 45 17 18
26 46 14 18
26 47 5 9
26 48 4 13
26 49 1 11
27 0 18 18
27 1 19 3
27 2 8 11
27 3 0 20
27 4 6 10
27 5 4 12
27 6 20 19
27 8 3 3
27 9 1 13
27 12 15 4
27 13 10 14
27 16 7 8
27 18 13 16
27 19 8 16
27 21 1 12
27 22 17 17
27 23 0 15
27 24 14 15
27 25 1 9
27 26 3 0
27 27 14 18
27 28 6 5
27 29 13 18
27 30 6 5
27 31 17 18
27 32 6 4
27 33 1 20
27 34 8 8
27 35 13 1
27 36 2 1
27 37 11 6
27 38 10 6
27 39 17 20
27 40 16 1
27 41 13 16
27 42 16 16
27 44 11 4
27 45 9 14
27 46 4 14
27 47 18 5
27 48 5 0
27 49 15 3
28 0 1 13
28 1 0 1
28 2 9 13
28 4 7 13
28 5 8 1
28 6 10 17
28 7 9 19
28 9 2 5
28 11 4 15
28 12 7 0
28 13 17 19
28 14 8 8
28 15 9 19
28 16 15 15
28 17 12 3
28 18 4 14
28 20 12 18
28 21 12 5
28 23 12 6
28 25 14 9
28 26 4 2
28 27 15 7
28 28 10 0
28 30 12 3
28 31 8 8
28 32 18 17
28 34 2 9
28 35 1 4
28 38 14 11
28 39 4 10
28 40 0 20
28 41 7 3
28 42 17 11
28 43 4 10
28 44 16 6
28 45 18 15
28 47 5 17
28 49 7 0
29 0 14 0
29 1 5 8
29 2 9 18
29 3 4 12
29 4 17 10
29 5 16 17
29 6 18 4
29 7 11 18
29 8 4 13
29 9 20 11
29 12 12 0
29 13 18 2
29 14 2 1
29 15 20 2
29 16 19 0
29 17 9 11
29 18 18 9
29 19 9 9
29 20 13 9
29 21 9 3
29 22 15 9
29 23 20 13
29 24 0 0
29 25 6 6
29 26 3 18
29 27 11 15
29 29 5 8
29 30 8 2
29 32 7 1
29 33 16 13
29 34 18 17
29 35 18 9
29 36 2 15
29 37 11 8
29 38 17 18
29 39 17 17
29 41 1 13
29 42 1 16
29 43 2 10
29 44 12 18
29 45 10 17
29 46 0 9
29 47 9 19
29 48 16 7
29 49 14 1
30 0 8 13
30 1 2 19
30 3 5 6
30 4 19 3
30 5 13 16
30 7 17 14
30 8 12 1
30 9 5 4
30 10 16 17
30 11 20 14
30 13 8 18
30 14 3 4
30 15 2 10
30 16 15 12
30 18 0 3
30 19 8 14
30 21 0 14
30 22 20 19
30 23 0 7
30 24 17 16
30 26 14 16
30 27 17 15
30 28 4 6
30 29 15 14
30 31 7 1
30 32 0 12
30 33 2 20
30 34 10 19
30 35 5 3
30 36 19 8
30 37 20 6
30 38 2 2
30 39 3 9
30 40 0 12
30 41 15 17
30 42 10 16
30 43 6 5
30 44 17 3
30 45 13 10
30 46 10 3
30 48 5 2
31 0 9 13
31 1 4 11
31 5 9 9
31 7 7 0
31 8 5 7
31 10 17 16
31 11 8 14
31 12 17 9
31 13 0 11
31 14 11 6
31 15 9 1
31 16 16 20
31 17 20 3
31 18 2 20
31 19 17 14
31 20 2 0
31 21 7 16
31 22 5 17
31 23 6 3
31 24 13 9
31 25 7 18
31 26 20 16
31 27 1 14
31 28 12 19
31 29 5 6
31 31 1 11
31 32 20 2
31 33 16 0
31 34 14 9
31 35 18 8
31 36 16 9
31 38 5 0
31 40 13 12
31 41 1 13
31 42 0 15
31 43 12 20
31 45 19 5
31 46 12 9
31 48 12 5
31 49 7 18
32 0 19 17
32 1 2 0
32 2 10 14
32 3 7 4
32 4 4 7
32 5 10 2
32 6 6 14
32 7 8 13
32 9 15 14
32 10 12 15
32 11 17 5
32 12 13 5
32 13 4 7
32 14 17 18
32 15 13 9
32 16 2 5
32 17 1 19
32 18 18 4
32 20 8 3
32 22 7 14
32 24 18 10
32 25 14 19
32 26 20 12
32 27 5 19
32 28 12 15
32 29 20 8
32 30 10 12
32 31 1 4
32 33 14 12
32 34 4 2
32 35 5 15
32 36 14 4
32 37 17 17
32 38 4 15
32 39 2 2
32 40 14 6
32 41 8 3
32 42 18 4
32 43 18 6
32 44 12 2
32 45 19 0
32 46 8 11
32 47 15 14
32 48 6 16
32 49 3 19
33 0 11 11
33 1 10 19
33 2 11 5
33 3 4 2
33 4 18 14
33 6 5 3
33 7 6 5
33 9 5 4
33 10 1 15
33 11 10 1
33 12 3 1
33 15 5 20
33 16 5 5
33 18 5 4
33 19 4 9
33 20 6 0
33 21 15 13
33 23 13 11
33 24 0 12
33 25 14 8
33 26 3 19
33 27 11 7
33 28 20 14
33 29 6 1
33 30 4 14
33 31 17 7
33 32 12 4
33 33 9 9
33 35 0 20
33 37 11 9
33 39 6 1
33 41 4 19
33 42 8 16
33 43 2 7
33 44 20 4
33 45 12 6
33 46 17 14
33 47 15 18
33 48 14 2
33 49 15 11
34 3 3 1
34 4 16 9
34 5 15 17
34 6 2 20
34 7 8 4
34 9 16 2
34 10 5 17
34 11 2 6
34 12 5 11
34 13 15 5
34 14 9 14
34 15 0 7
34 16 5 2
34 17 6 17
34 18 5 12
34 19 0 14
34 20 8 16
34 21 2 17
34 22 5 13
34 24 17 18
34 25 12 6
34 26 2 17
34 27 15 12
34 28 12 3
34 29 7 13
34 31 16 9
34 32 18 17
34 33 3 0
34 34 8 15
34 35 16 6
34 37 4 9
34 39 1 4
34 40 15 19
34 41 13 1
34 42 16 10
34 43 7 4
34 44 17 14
34 45 19 1
34 46 20 6
34 47 2 11
34 48 13 18
34 49 0 0
35 0 3 20
35 1 3 10
35 2 3 3
35 3 4 15
35 4 2 8
35 5 20 12
35 6 9 14
35 7 20 16
35 9 4 12
35 10 2 5
35 13 3 11
35 14 2 12
35 15 6 6
35 16 17 19
35 17 13 2
35 18 3 9
35 20 6 15
35 21 6 3
35 22 7 20
35 23 11 2
35 25 5 8
35 26 5 1
35 27 0 10
35 28 14 14
35 29 10 19
35 30 4 12
35 31 15 13
35 32 4 15
35 34 0 0
35 35 1 5
35 36 16 15
35 37 4 12
35 38 3 15
35 39 3 17
35 40 7 8
35 42 1 16
35 43 15 5
35 44 5 19
35 45 20 2
35 46 2 14
35 47 11 12
35 48 16 5
35 49 1 13
36 0 0 8
36 1 3 19
36 2 3 10
36 3 19 17
36 4 5 8
36 5 12 3
36 8 20 4
36 9 5 0
36 10 15 2
36 11 3 15
36 12 20 14
36 13 8 1
36 15 4 10
36 16 4 20
36 17 10 4
36 18 14 16
36 19 1 15
36 20 17 8
36 21 1 15
36 22 13 19
36 24 10 18
36 25 7 10
36 26 13 4
36 27 11 13
36 28 20 9
36 29 14 3
36 30 20 15
36 31 7 0
36 33 19 12
36 34 16 7
36 35 10 14
36 36 5 12
36 37 14 16
36 38 6 7
36 39 18 3
36 40 5 17
36 41 19 10
36 42 8 8
36 44 13 16
36 45 7 6
36 46 16 9
36 47 1 4
36 48 19 0
36 49 0 17
37 0 20 16
37 1 5 15
37 2 0 4
37 3 9 0
37 4 0 5
37 5 16 14
37 6 14 5
37 7 11 9
37 8 17 1
37 9 11 16
37 10 1 13
37 12 0 16
37 13 10 7
37 14 20 3
37 16 18 20
37 17 16 8
37 19 18 3
37 20 1 0
37 21 7 8
37 22 11 19
37 23 8 6
37 25 12 3
37 26 12 11
37 27 2 10
37 28 7 20
37 29 5 14
37 31 14 15
37 32 14 20
37 33 20 16
37 34 14 2
37 35 11 9
37 37 20 7
37 39 14 17
37 40 15 11
37 41 6 5
37 45 10 11
37 47 2 20
37 48 6 8
37 49 8 1
38 1 9 2
38 2 17 20
38 4 6 5
38 5 20 2
38 6 9 2
38 7 16 1
38 8 4 7
38 9 7 13
38 10 11 6
38 11 3 14
38 12 15 19
38 13 17 17
38 14 9 16
38 17 5 11
38 18 9 6
38 20 16 6
38 22 12 20
38 23 0 9
38 24 14 16
38 25 14 9
38 26 20 1
38 27 5 16
38 29 20 15
38 31 8 7
38 34 18 14
38 35 13 6
38 36 8 18
38 37 5 11
38 38 17 1
38 39 10 13
38 40 11 20
38 41 15 19
38 42 3 11
38 43 8 15
38 44 15 14
38 45 10 15
38 46 15 12
38 47 15 13
38 48 13 10
38 49 17 8
39 0 11 0
39 1 17 15
39 3 15 18
39 5 11 17
39 7 17 8
39 8 2 9
39 9 2 17
39 10 9 18
39 11 17 13
39 12 2 14
39 14 1 9
39 16 9 3
39 17 11 13
39 18 0 16
39 20 4 3
39 21 15 15
39 22 5 19
39 23 10 10
39 24 0 1
39 25 8 16
39 27 14 19
39 28 11 18
39 29 12 8
39 30 4 20
39 31 14 2
39 32 3 16
39 33 10 13
39 35 12 7
39 36 8 8
39 37 11 17
39 38 14 6
39 40 20 17
39 41 0 2
39 42 1 15
39 44 6 5
39 45 11 12
39 47 10 11
39 48 15 19
40 0 4 14
40 1 18 13
40 3 3 8
40 4 7 9
40 5 18 17
40 6 4 7
40 7 14 20
40 8 16 5
40 10 8 16
40 11 5 2
40 12 17 10
40 13 8 14
40 14 18 20
40 15 7 11
40 17 14 14
40 18 12 20
40 20 13 17
40 21 11 15
40 23 13 8
40 24 15 5
40 25 15 19
40 28 5 19
40 29 10 10
40 30 5 20
40 31 16 20
40 32 20 7
40 33 4 0
40 34 1 9
40 35 17 4
40 36 2 12
40 37 6 3
40 39 7 8
40 40 6 9
40 41 14 5
40 42 20 4
40 43 13 11
40 45 0 4
40 46 6 0
40 47 3 16
40 48 8 12
40 49 14 4
41 0 16 11
41 1 17 1
41 2 0 7
41 3 8 6
41 4 1 12
41 5 5 18
41 8 17 15
41 9 15 0
41 10 4 7
41 11 14 12
41 13 20 5
41 16 19 6
41 17 1 16
41 18 19 18
41 19 0 19
41 20 6 10
41 22 7 4
41 23 17 12
41 25 10 13
41 27 5 5
41 28 8 17
41 30 6 19
41 31 0 3
41 32 5 19
41 33 5 11
41 34 19 14
41 35 7 15
41 37 9 10
41 38 9 2
41 39 2 11
41 40 12 11
41 42 17 7
41 44 19 8
41 45 9 17
41 46 10 11
41 47 10 9
41 48 18 15
41 49 6 5
42 0 7 12
42 1 14 11
42 2 14 11
42 3 19 12
42 4 18 5
42 5 0 14
42 6 11 5
42 7 9 19
42 8 0 17
42 9 4 5
42 10 1 12
42 11 10 6
42 12 13 9
42 14 5 7
42 15 5 5
42 17 10 14
42 18 19 18
42 21 7 5
42 22 18 10
42 23 6 0
42 24 14 4
42 25 3 5
42 26 5 10
42 27 16 13
42 28 4 11
42 29 13 5
42 30 8 9
42 31 10 17
42 32 1 2
42 33 12 18
42 34 17 8
42 35 20 6
42 36 4 17
42 37 11 4
42 38 17 8
42 39 4 9
42 40 1 17
42 41 0 14
42 42 13 6
42 43 18 15
42 44 2 19
42 46 6 0
42 47 4 3
42 49 9 4
43 0 13 13
43 1 4 9
43 2 18 4
43 3 5 20
43 4 3 4
43 5 20 16
43 6 10 19
43 8 8 9
43 9 10 16
43 11 18 20
43 12 17 13
43 15 16 15
43 16 12 20
43 17 19 3
43 18 8 0
43 19 6 9
43 21 6 7
43 22 2 9
43 24 13 7
43 26 9 7
43 27 5 8
43 28 18 4
43 29 10 3
43 30 11 8
43 31 1 10
43 32 13 13
43 33 12 7
43 34 17 12
43 35 18 12
43 36 8 14
43 38 16 11
43 39 20 7
43 40 0 17
43 41 6 14
43 42 3 15
43 44 5 13
43 45 9 2
43 47 12 9
43 48 9 17
43 49 13 3
44 0 16 9
44 1 3 10
44 2 11 4
44 3 8 10
44 5 8 0
44 7 12 2
44 11 11 15
44 12 8 19
44 13 12 17
44 14 6 1
44 15 16 0
44 18 17 8
44 19 11 6
44 21 2 7
44 22 3 12
44 23 3 18
44 24 0 1
44 25 17 9
44 27 6 15
44 28 15 2
44 29 12 20
44 30 2 11
44 31 17 18
44 32 7 19
44 34 17 11
44 35 5 12
44 36 7 5
44 37 0 2
44 38 3 11
44 39 0 16
44 40 20 1
44 41 9 17
44 42 19 3
44 43 15 14
44 44 3 16
44 45 15 18
44 46 5 2
44 49 4 11
45 0 6 20
45 1 12 8
45 2 9 0
45 3 0 20
45 4 3 20
45 6 2 5
45 7 13 4
45 8 1 17
45 9 17 17
45 10 6 10
45 11 1 9
45 12 6 3
45 13 2 10
45 14 5 14
45 15 14 5
45 16 19 18
45 19 20 11
45 20 12 11
45 21 17 11
45 24 16 12
45 26 19 19
45 27 6 11
45 29 16 9
45 30 20 11
45 31 1 3
45 32 20 18
45 34 5 11
45 36 16 5
45 37 14 20
45 38 8 15
45 39 2 7
45 40 11 5
45 41 3 14
45 42 7 7
45 43 5 9
45 44 4 14
45 45 6 1
45 46 7 6
45 47 20 1
45 48 5 3
45 49 12 15
46 0 12 11
46 1 17 3
46 3 11 11
46 4 20 17
46 5 14 11
46 6 4 0
46 7 11 4
46 9 11 12
46 10 1 20
46 11 3 16
46 12 1 3
46 14 15 13
46 16 7 10
46 17 13 15
46 19 10 0
46 20 1 11
46 21 13 15
46 22 10 17
46 24 19 19
46 25 14 9
46 26 13 7
46 27 18 5
46 28 2 6
46 29 19 10
46 30 7 1
46 31 7 8
46 33 4 12
46 34 11 7
46 35 1 4
46 37 8 12
46 39 11 11
46 41 20 14
46 44 16 9
46 45 12 12
46 48 5 12
46 49 0 16
47 0 4 0
47 2 8 16
47 4 10 4
47 5 7 20
47 6 1 11
47 7 19 7
47 8 14 5
47 9 17 8
47 10 16 7
47 11 8 16
47 12 14 0
47 14 12 16
47 15 5 11
47 16 2 9
47 17 12 0
47 18 13 14
47 19 20 1
47 20 13 5
47 21 10 0
47 22 5 9
47 23 18 8
47 24 15 20
47 25 19 4
47 26 16 0
47 27 1 20
47 28 10 12
47 29 20 16
47 30 1 18
47 31 20 10
47 32 5 7
47 33 15 9
47 34 10 3
47 36 8 9
47 37 11 10
47 38 20 6
47 39 5 10
47 40 1 14
47 41 20 15
47 42 3 5
47 43 8 15
47 44 18 14
47 45 8 6
47 46 14 16
47 47 8 3
47 48 11 18
47 49 15 14
48 0 12 9
48 1 3 19
48 2 11 11
48 3 15 13
48 4 14 10
48 6 2 10
48 8 15 14
48 9 13 14
48 10 1 14
48 11 5 3
48 12 17 18
48 13 2 4
48 14 9 19
48 15 10 16
48 16 5 2
48 17 14 8
48 18 2 12
48 20 15 2
48 22 5 5
48 23 17 19
48 24 4 15
48 25 4 9
48 27 9 11
48 28 4 9
48 29 17 0
48 30 12 7
48 31 17 17
48 34 12 11
48 35 4 0
48 36 12 12
48 37 7 7
48 38 19 0
48 40 11 19
48 42 7 4
48 43 18 1
48 44 7 14
48 45 13 6
48 46 19 3
48 47 9 17
48 48 17 10
48 49 14 19
49 1 18 1
49 2 7 10
49 3 3 4
49 4 15 20
49 5 20 9
49 6 4 5
49 7 15 2
49 8 4 16
49 9 9 17
49 10 12 5
49 11 1 4
49 13 9 2
49 16 1 1
49 17 20 1
49 18 2 10
49 19 2 20
49 22 5 11
49 23 0 7
49 25 4 15
49 26 9 9
49 27 16 18
49 28 16 15
49 29 18 4
49 30 10 18
49 31 17 14
49 32 4 6
49 33 8 1
49 34 7 19
49 35 9 17
49 36 6 12
49 37 7 9
49 39 9 14
49 40 16 2
49 41 20 15
49 42 7 10
49 43 2 10
49 44 7 11
49 45 20 1
49 47 6 2
49 48 5 20
