50
2
0 0 14 6
0 2 5 11
0 3 5 12
0 4 6 0
0 5 6 6
0 6 6 14
0 7 4 10
0 8 14 18
0 9 18 7
0 10 8 5
0 13 15 0
0 14 7 2
0 15 6 2
0 16 10 17
0 17 7 1
0 18 0 18
0 19 20 20
0 20 7 7
0 21 3 2
0 22 17 18
0 23 12 8
0 26 13 7
0 27 15 4
0 29 6 13
0 30 7 12
0 31 15 19
0 32 14 19
0 33 16 18
0 34 13 18
0 35 18 9
0 36 0 5
0 37 16 7
0 38 1 4
0 39 10 12
0 41 19 18
0 42 0 9
0 43 11 17
0 44 4 14
0 45 11 5
0 46 13 16
0 48 0 0
0 49 12 17
1 0 0 19
1 1 3 14
1 2 13 9
1 6 6 15
1 7 11 7
1 8 3 13
1 9 9 12
1 10 20 11
1 12 14 8
1 13 16 16
1 14 20 5
1 15 6 8
1 16 20 16
1 17 17 13
1 18 11 14
1 19 18 19
1 20 9 3
1 21 0 14
1 22 15 17
1 23 15 14
1 25 3 18
1 26 0 10
1 27 10 11
1 28 16 10
1 30 20 18
1 31 4 1
1 32 15 3
1 33 6 18
1 34 19 2
1 37 13 5
1 38 6 8
1 40 8 13
1 41 13 9
1 42 12 4
1 43 18 19
1 44 12 2
1 45 12 20
1 46 15 18
1 47 2 2
1 48 4 8
2 0 11 9
2 1 13 3
2 2 7 17
2 4 17 8
2 5 2 14
2 6 10 3
2 8 4 7
2 9 7 7
2 10 0 11
2 11 18 18
2 13 4 3
2 15 7 3
2 16 10 6
2 18 2 17
2 19 11 9
2 21 8 0
2 23 0 18
2 24 3 3
2 26 7 9
2 27 6 1
2 28 11 7
2 29 8 6
2 30 5 7
2 31 7 15
2 32 19 3
2 33 3 5
2 34 18 16
2 35 10 7
2 36 0 9
2 37 20 4
2 38 0 5
2 41 17 13
2 43 17 13
2 45 20 9
2 46 18 16
2 47 5 6
2 48 6 9
3 0 1 16
3 1 6 16
3 2 3 15
3 4 19 20
3 6 19 1
3 7 19 11
3 8 19 20
3 9 1 13
3 11 14 7
3 12 12 19
3 13 12 10
3 14 10 8
3 15 3 7
3 16 5 5
3 18 1 19
3 21 7 7
3 22 17 11
3 23 0 1
3 24 3 4
3 25 6 10
3 26 0 20
3 27 15 0
3 28 1 14
3 30 16 14
3 31 0 6
3 32 9 12
3 33 18 18
3 34 2 1
3 35 20 9
3 36 2 11
3 37 19 13
3 38 12 20
3 39 6 14
3 40 1 20
3 41 12 17
3 42 18 10
3 43 4 11
3 44 20 19
3 45 19 4
3 46 12 6
3 47 15 14
3 48 5 12
3 49 13 1
4 0 9 16
4 1 8 17
4 2 6 2
4 3 10 16
4 4 1 0
4 5 7 4
4 6 12 19
4 7 17 15
4 9 3 6
4 10 4 5
4 11 19 17
4 12 5 11
4 14 5 1
4 15 19 1
4 16 12 4
4 17 16 18
4 18 14 16
4 19 1 12
4 20 8 18
4 21 14 10
4 22 6 10
4 23 10 0
4 24 18 20
4 26 9 4
4 27 16 13
4 28 4 6
4 30 6 17
4 32 17 1
4 33 18 17
4 34 20 11
4 35 16 4
4 37 6 18
4 39 19 6
4 40 13 5
4 42 9 16
4 43 2 3
4 46 3 9
4 47 8 9
4 48 8 12
4 49 7 19
5 0 13 2
5 1 0 20
5 2 7 8
5 4 0 10
5 5 14 4
5 6 6 16
5 7 10 11
5 8 12 2
5 9 10 16
5 11 14 9
5 12 6 7
5 13 10 10
5 14 16 5
5 16 4 16
5 17 8 9
5 19 7 20
5 21 4 1
5 22 3 18
5 24 14 14
5 26 18 3
5 28 5 17
5 29 8 10
5 30 9 16
5 31 15 5
5 32 11 0
5 33 6 19
5 35 0 3
5 36 15 14
5 37 9 7
5 38 4 15
5 39 17 2
5 40 19 16
5 41 13 8
5 42 16 4
5 44 14 9
5 45 0 17
5 46 9 19
5 47 10 9
5 48 15 1
5 49 18 11
6 0 16 8
6 3 11 12
6 4 2 3
6 5 11 11
6 6 4 1
6 7 5 11
6 8 2 16
6 9 9 6
6 10 10 9
6 13 19 20
6 14 1 0
6 15 18 11
6 16 8 16
6 17 20 5
6 18 8 10
6 19 7 7
6 20 16 12
6 21 12 4
6 23 17 16
6 25 2 9
6 26 12 19
6 27 17 9
6 28 14 9
6 29 3 7
6 30 17 11
6 31 8 20
6 33 4 14
6 36 18 1
6 37 4 3
6 38 10 10
6 40 4 10
6 41 7 2
6 42 9 11
6 43 0 15
6 44 10 2
6 45 15 20
6 48 4 20
6 49 9 12
7 1 20 13
7 2 15 17
7 3 3 12
7 4 11 20
7 5 9 3
7 7 20 9
7 8 14 19
7 9 5 8
7 11 18 10
7 12 10 10
7 13 4 11
7 15 11 10
7 16 5 12
7 19 9 6
7 20 0 16
7 21 15 5
7 22 20 12
7 23 11 6
7 24 15 20
7 25 14 16
7 26 12 19
7 28 0 12
7 29 0 11
7 30 6 9
7 33 0 12
7 37 15 5
7 39 19 0
7 41 18 12
7 42 10 3
7 43 13 1
7 44 6 18
7 45 13 2
7 46 18 18
7 48 13 4
8 0 2 14
8 1 16 8
8 2 13 20
8 4 8 12
8 5 14 10
8 6 18 16
8 8 15 20
8 9 10 14
8 10 15 11
8 12 1 19
8 13 10 7
8 14 6 5
8 15 17 15
8 16 4 8
8 17 19 8
8 19 20 4
8 20 8 15
8 21 18 4
8 22 17 9
8 23 20 6
8 24 10 4
8 26 12 5
8 27 4 4
8 28 11 19
8 29 19 20
8 30 5 11
8 32 15 10
8 34 7 11
8 35 16 15
8 36 12 12
8 37 17 11
8 38 14 6
8 40 10 7
8 41 2 15
8 42 3 10
8 43 1 14
8 44 3 15
8 45 12 2
8 46 6 7
8 47 20 15
8 49 4 13
9 0 7 6
9 2 18 19
9 3 6 8
9 5 12 16
9 6 13 12
9 7 0 2
9 10 9 10
9 13 2 13
9 14 4 4
9 15 7 9
9 17 18 12
9 18 19 9
9 19 13 15
9 20 2 15
9 21 10 13
9 23 8 8
9 24 16 10
9 28 16 12
9 29 12 14
9 31 9 13
9 33 13 14
9 35 15 5
9 37 4 6
9 38 4 5
9 39 18 20
9 41 9 0
9 42 13 15
9 44 5 3
9 45 11 16
9 46 8 11
9 47 5 5
9 48 3 13
9 49 18 3
10 1 7 3
10 2 20 3
10 3 11 2
10 4 1 2
10 6 6 8
10 7 19 17
10 8 18 0
10 9 20 14
10 10 16 2
10 11 20 2
10 12 7 17
10 13 15 6
10 14 2 19
10 15 8 3
10 17 4 5
10 18 9 0
10 19 1 19
10 20 11 8
10 22 3 12
10 23 19 4
10 24 17 11
10 25 12 7
10 26 1 8
10 27 9 4
10 28 15 8
10 30 15 14
10 31 11 15
10 32 7 9
10 33 11 3
10 35 7 5
10 36 12 5
10 37 9 6
10 38 4 13
10 39 17 9
10 40 11 1
10 41 20 7
10 42 9 15
10 43 2 17
10 44 0 18
10 45 18 2
10 47 15 18
10 48 10 7
11 0 1 1
11 1 19 16
11 2 6 16
11 3 14 0
11 4 5 13
11 5 18 19
11 6 0 20
11 7 19 15
11 8 5 12
11 9 6 19
11 10 13 15
11 11 11 13
11 12 8 12
11 13 4 1
11 16 18 10
11 17 17 8
11 18 6 3
11 20 6 4
11 21 3 20
11 22 18 17
11 23 9 18
11 26 0 8
11 27 14 11
11 28 9 1
11 29 20 8
11 31 0 1
11 32 9 10
11 33 1 14
11 34 1 20
11 36 14 1
11 37 7 3
11 38 4 8
11 40 10 8
11 42 3 17
11 43 14 6
11 44 8 17
11 46 5 7
11 47 17 6
11 48 19 1
11 49 6 11
12 1 4 0
12 2 14 15
12 3 5 1
12 4 5 15
12 6 14 6
12 7 2 10
12 8 20 7
12 9 15 14
12 11 2 19
12 12 3 9
12 13 16 12
12 14 9 15
12 15 18 10
12 16 18 0
12 17 4 15
12 20 10 13
12 21 3 13
12 22 9 14
12 23 18 11
12 24 20 0
12 25 14 2
12 27 2 4
12 28 10 16
12 29 4 10
12 30 2 15
12 32 13 20
12 34 19 18
12 37 17 6
12 38 4 17
12 40 3 10
12 41 14 11
12 42 20 8
12 43 1 8
12 44 3 15
12 45 17 12
12 47 0 3
12 49 11 15
13 0 12 18
13 1 5 10
13 2 3 17
13 3 14 13
13 4 18 12
13 5 13 4
13 6 7 9
13 7 12 6
13 9 9 14
13 10 6 8
13 11 2 7
13 12 5 8
13 13 3 15
13 14 1 5
13 15 10 11
13 16 15 4
13 17 6 20
13 18 20 7
13 21 2 6
13 22 17 20
13 23 4 14
13 24 15 10
13 25 5 14
13 26 7 12
13 27 11 1
13 29 20 11
13 30 5 13
13 31 20 14
13 32 14 18
13 33 15 2
13 34 10 9
13 35 7 18
13 36 0 20
13 37 5 14
13 38 3 2
13 39 8 11
13 40 16 13
13 41 17 12
13 42 3 4
13 43 3 17
13 44 16 2
13 45 4 17
13 48 17 14
13 49 2 19
14 0 17 19
14 2 9 6
14 4 19 6
14 5 9 7
14 6 4 5
14 7 6 15
14 8 0 11
14 9 4 5
14 10 9 2
14 11 0 8
14 12 20 0
14 13 13 14
14 14 9 5
14 15 8 14
14 16 7 19
14 17 10 2
14 18 18 8
14 19 7 11
14 20 1 15
14 21 7 6
14 23 6 12
14 24 7 9
14 25 3 19
14 26 9 16
14 27 3 16
14 29 19 4
14 31 19 17
14 32 5 1
14 33 17 16
14 34 15 13
14 35 7 7
14 36 8 1
14 37 11 18
14 38 17 6
14 39 10 19
14 40 1 9
14 41 1 16
14 42 1 4
14 43 7 16
14 44 10 18
14 46 19 7
14 47 8 13
14 49 15 16
15 3 2 12
15 4 0 17
15 5 12 13
15 6 5 15
15 7 12 8
15 8 12 13
15 9 14 17
15 10 8 4
15 11 4 1
15 12 11 5
15 13 6 5
15 14 18 9
15 15 17 15
15 16 16 19
15 19 13 20
15 20 1 3
15 21 3 1
15 23 2 19
15 24 20 15
15 25 6 6
15 26 1 12
15 27 11 6
15 28 10 20
15 29 8 18
15 30 11 4
15 32 14 16
15 33 8 2
15 35 17 4
15 36 5 4
15 37 7 15
15 38 16 2
15 40 6 14
15 41 10 3
15 42 9 3
15 44 5 5
15 45 17 13
15 46 18 16
15 47 5 6
15 49 3 19
16 2 17 4
16 3 13 16
16 4 20 14
16 5 8 1
16 6 4 4
16 7 20 18
16 8 7 14
16 9 4 14
16 11 15 16
16 12 4 13
16 13 12 20
16 14 19 5
16 15 10 6
16 16 19 1
16 17 8 19
16 18 14 10
16 19 8 6
16 21 16 18
16 22 5 0
16 23 18 15
16 24 8 20
16 26 1 20
16 27 2 10
16 28 18 3
16 29 20 20
16 30 14 7
16 31 16 0
16 32 5 12
16 33 20 13
16 35 4 13
16 36 12 13
16 38 18 12
16 39 10 10
16 40 15 4
16 41 3 2
16 42 1 18
16 43 18 9
16 45 10 20
16 47 6 7
16 48 11 3
16 49 10 1
17 0 14 20
17 1 20 6
17 2 12 17
17 3 17 7
17 4 19 5
17 6 7 13
17 7 14 8
17 8 10 16
17 9 9 6
17 10 9 19
17 11 4 20
17 12 0 10
17 13 3 6
17 14 9 19
17 15 19 17
17 16 2 14
17 17 7 10
17 18 15 16
17 19 8 15
17 20 19 11
17 21 7 14
17 22 20 0
17 23 6 0
17 24 15 6
17 25 18 19
17 26 20 11
17 27 7 11
17 28 13 15
17 29 17 0
17 30 2 18
17 32 13 18
17 33 5 11
17 34 11 4
17 35 11 7
17 36 1 18
17 37 18 18
17 38 8 15
17 39 10 10
17 40 7 12
17 41 19 7
17 43 10 15
17 44 7 7
17 45 14 20
17 46 16 16
17 48 15 19
17 49 3 7
18 0 9 19
18 1 6 6
18 2 12 9
18 4 6 18
18 5 13 8
18 6 14 17
18 9 3 7
18 10 20 4
18 11 2 12
18 12 0 16
18 13 5 7
18 14 0 2
18 15 20 11
18 16 1 18
18 18 15 17
18 19 7 4
18 20 8 12
18 21 20 10
18 22 16 9
18 25 9 4
18 28 4 7
18 29 5 2
18 30 8 18
18 31 9 18
18 32 10 19
18 33 18 17
18 34 13 15
18 35 6 19
18 36 15 0
18 37 3 7
18 38 13 9
18 40 0 9
18 41 17 8
18 42 12 14
18 43 7 6
18 44 7 9
18 45 19 14
18 47 5 4
18 48 20 3
18 49 17 5
19 0 14 20
19 2 5 13
19 3 15 7
19 5 10 12
19 7 5 3
19 9 19 1
19 10 7 6
19 11 12 1
19 12 16 19
19 13 1 6
19 14 18 1
19 16 14 9
19 17 7 9
19 18 15 8
19 19 10 6
19 20 6 3
19 22 13 15
19 23 8 16
19 24 6 18
19 25 20 6
19 28 0 5
19 29 10 6
19 30 20 14
19 31 0 5
19 34 0 11
19 35 10 14
19 36 13 18
19 37 6 15
19 38 9 12
19 39 0 11
19 40 16 6
19 42 6 9
19 43 10 4
19 44 15 0
19 46 19 14
19 47 11 8
19 48 8 17
20 0 13 20
20 1 15 7
20 4 9 13
20 5 11 6
20 6 14 8
20 7 14 20
20 8 7 8
20 9 10 16
20 10 0 15
20 11 17 12
20 12 6 7
20 13 0 5
20 14 17 0
20 15 8 5
20 16 16 13
20 17 9 20
20 18 12 11
20 19 18 7
20 20 10 12
20 21 0 12
20 22 12 18
20 24 14 16
20 25 1 19
20 26 14 12
20 27 6 6
20 28 10 8
20 29 13 15
20 30 2 20
20 31 16 5
20 33 7 10
20 34 3 17
20 35 5 2
20 36 8 16
20 37 19 5
20 38 5 6
20 39 17 20
20 41 2 14
20 42 14 9
20 43 10 14
20 44 10 19
20 45 6 9
20 46 13 6
20 47 13 7
20 48 2 19
21 1 19 5
21 2 1 11
21 3 7 6
21 4 8 0
21 5 10 8
21 6 17 1
21 7 13 13
21 8 20 7
21 9 12 8
21 11 18 3
21 12 7 17
21 13 16 6
21 16 9 3
21 17 4 20
21 18 8 18
21 19 10 10
21 21 7 10
21 22 10 4
21 23 8 4
21 24 15 19
21 25 3 17
21 26 13 2
21 27 7 6
21 28 7 17
21 29 11 14
21 31 2 0
21 32 11 11
21 33 17 8
21 34 3 7
21 35 6 15
21 37 18 7
21 38 5 6
21 39 20 8
21 40 18 5
21 41 7 14
21 43 10 3
21 44 2 4
21 45 11 16
21 46 12 0
21 47 5 10
21 48 15 16
21 49 2 13
22 1 2 20
22 2 9 15
22 3 18 2
22 4 1 14
22 5 2 20
22 6 13 14
22 7 18 9
22 8 16 19
22 9 1 17
22 10 16 15
22 11 12 6
22 13 18 7
22 14 11 17
22 15 10 18
22 16 7 1
22 17 17 9
22 18 15 0
22 20 8 18
22 21 5 5
22 22 17 2
22 23 16 7
22 24 1 20
22 25 16 2
22 26 7 3
22 27 1 18
22 28 20 0
22 29 20 2
22 31 2 15
22 32 13 0
22 33 5 1
22 34 11 9
22 35 20 18
22 36 20 18
22 39 9 11
22 40 0 9
22 41 3 14
22 43 15 10
22 44 20 19
22 45 13 12
22 46 12 9
22 47 3 0
22 48 6 2
23 0 6 14
23 1 18 6
23 2 15 12
23 3 10 17
23 4 10 10
23 5 8 3
23 6 4 13
23 7 17 17
23 8 19 9
23 9 3 15
23 10 4 2
23 11 2 3
23 13 2 8
23 14 7 14
23 15 1 1
23 16 4 7
23 17 17 9
23 18 19 20
23 19 10 10
23 20 8 19
23 23 1 19
23 26 15 2
23 27 7 14
23 28 12 17
23 29 6 12
23 30 15 14
23 31 18 18
23 32 4 17
23 33 4 0
23 35 12 18
23 36 19 14
23 37 11 17
23 38 13 7
23 39 1 15
23 40 18 13
23 41 14 9
23 42 14 10
23 43 11 9
23 44 4 3
23 46 16 4
23 47 4 17
23 48 15 19
23 49 5 11
24 0 5 4
24 1 15 19
24 2 14 8
24 3 15 17
24 4 5 19
24 5 10 1
24 6 16 2
24 8 1 18
24 9 14 0
24 10 5 3
24 12 15 9
24 13 1 11
24 14 4 6
24 16 15 7
24 17 3 14
24 18 3 12
24 21 2 12
24 22 13 12
24 23 1 1
24 25 15 11
24 26 1 17
24 28 15 0
24 29 1 7
24 31 14 6
24 32 15 11
24 34 10 4
24 35 10 11
24 37 16 5
24 38 14 3
24 40 6 11
24 41 14 13
24 42 9 5
24 43 11 14
24 44 2 4
24 45 4 4
24 46 15 8
24 47 5 15
24 48 9 8
24 49 2 11
25 0 17 12
25 1 7 8
25 2 6 18
25 3 15 10
25 4 16 12
25 6 10 17
25 8 15 9
25 9 11 9
25 10 7 2
25 11 0 17
25 13 9 16
25 14 20 19
25 15 7 1
25 16 14 18
25 17 5 20
25 18 20 1
25 20 15 4
25 22 11 19
25 23 16 11
25 24 15 15
25 25 19 8
25 27 15 13
25 28 8 1
25 29 12 1
25 30 13 20
25 31 10 1
25 33 5 4
25 34 1 6
25 38 18 19
25 40 5 1
25 41 10 4
25 42 4 16
25 43 12 4
25 44 17 8
25 45 18 20
25 46 18 2
25 49 0 18
26 0 12 4
26 1 15 0
26 2 8 12
26 3 7 8
26 4 13 6
26 5 8 17
26 6 5 11
26 7 12 7
26 8 4 16
26 9 11 2
26 10 8 20
26 11 17 12
26 12 0 15
26 13 14 8
26 14 20 11
26 15 11 8
26 17 10 12
26 18 3 7
26 19 17 11
26 20 14 18
26 21 3 12
26 24 7 19
26 25 17 11
26 27 14 10
26 28 18 9
26 29 5 16
26 30 18 6
26 31 14 8
26 32 13 20
26 33 4 7
26 34 18 10
26 35 13 10
26 37 0 13
26 38 20 13
26 39 3 14
26 40 1 0
26 42 4 6
26 43 4 14
26 44 3 2
26 45 1 8
26 47 3 1
26 48 20 14
26 49 0 14
27 0 17 14
27 1 14 15
27 2 17 12
27 4 16 9
27 7 11 19
27 8 0 11
27 9 14 2
27 11 16 2
27 12 10 5
27 13 6 10
27 14 12 8
27 15 15 15
27 16 9 19
27 17 4 17
27 19 3 8
27 20 1 2
27 21 18 15
27 22 12 0
27 26 4 4
27 27 3 3
27 28 7 10
27 29 12 8
27 30 1 10
27 32 4 10
27 33 13 11
27 34 15 18
27 35 8 2
27 36 5 1
27 37 3 17
27 38 14 15
27 39 11 17
27 40 2 16
27 41 1 0
27 42 5 1
27 43 17 9
27 44 15 14
27 45 12 5
27 46 4 6
27 47 2 11
27 48 12 10
27 49 18 6
28 0 20 5
28 1 6 14
28 2 1 2
28 4 16 10
28 5 5 17
28 6 8 13
28 7 5 0
28 8 5 1
28 9 13 6
28 10 19 11
28 11 18 20
28 12 10 12
28 13 11 17
28 14 14 16
28 15 15 4
28 16 19 4
28 17 10 16
28 18 8 10
28 20 12 0
28 21 15 14
28 23 5 11
28 25 1 15
28 26 3 20
28 27 1 4
28 28 11 1
28 29 14 15
28 30 20 13
28 31 5 20
28 32 11 20
28 33 17 6
28 35 10 6
28 36 17 9
28 37 5 13
28 38 11 12
28 40 5 8
28 41 15 16
28 42 13 19
28 43 6 20
28 44 7 15
28 45 2 13
28 46 11 12
28 47 9 3
28 48 15 5
29 0 8 7
29 1 8 9
29 2 5 7
29 3 18 10
29 4 0 14
29 5 8 16
29 7 6 15
29 8 12 8
29 9 5 15
29 10 5 9
29 12 18 3
29 13 11 4
29 14 16 0
29 15 17 8
29 16 1 16
29 17 8 3
29 18 7 12
29 19 2 8
29 20 11 13
29 23 18 3
29 24 7 16
29 25 14 9
29 26 12 18
29 27 0 19
29 28 7 19
29 29 17 5
29 30 16 4
29 31 2 14
29 32 11 1
29 33 9 17
29 35 3 10
29 36 5 9
29 37 0 3
29 38 6 18
29 40 20 0
29 41 11 3
29 42 19 9
29 43 18 3
29 44 8 8
29 45 15 11
29 46 8 15
29 48 3 5
29 49 1 17
30 0 17 13
30 1 5 4
30 2 19 14
30 3 15 11
30 4 13 16
30 5 9 5
30 7 2 3
30 8 12 19
30 9 10 3
30 11 3 4
30 12 5 17
30 13 14 7
30 15 8 10
30 16 6 3
30 17 15 17
30 18 15 12
30 20 13 3
30 21 12 11
30 22 5 15
30 23 8 18
30 24 14 20
30 25 15 4
30 26 9 12
30 27 19 4
30 28 13 9
30 29 2 10
30 30 18 19
30 31 8 16
30 32 8 3
30 33 17 11
30 34 13 0
30 35 16 14
30 36 9 2
30 37 15 20
30 38 20 16
30 39 8 2
30 40 20 2
30 42 9 16
30 43 8 8
30 45 18 5
30 46 7 20
30 49 4 15
31 0 17 14
31 2 17 6
31 3 6 14
31 4 8 11
31 7 0 11
31 8 11 6
31 9 10 3
31 10 7 20
31 11 2 15
31 12 6 20
31 14 19 2
31 15 14 18
31 16 8 6
31 17 0 10
31 18 11 1
31 19 11 14
31 20 3 6
31 21 4 12
31 22 3 11
31 23 11 12
31 25 0 7
31 26 10 18
31 29 4 3
31 30 18 15
31 31 7 12
31 32 9 5
31 33 7 9
31 34 2 8
31 35 10 18
31 36 9 7
31 37 11 12
31 38 12 15
31 39 13 4
31 41 15 11
31 42 8 6
31 43 14 20
31 44 18 12
31 45 7 3
31 46 10 9
31 47 5 19
31 48 11 18
31 49 0 20
32 0 11 5
32 1 11 20
32 2 16 10
32 3 15 9
32 4 8 13
32 5 15 20
32 7 8 6
32 8 12 0
32 9 9 6
32 10 8 4
32 14 8 18
32 15 20 1
32 16 11 18
32 17 5 5
32 18 15 3
32 19 5 18
32 20 4 2
32 21 6 5
32 22 13 2
32 23 12 8
32 24 13 6
32 25 12 1
32 26 9 15
32 27 5 13
32 29 15 0
32 30 7 15
32 31 11 18
32 32 9 11
32 33 18 12
32 35 19 20
32 40 10 14
32 41 13 20
32 42 20 7
32 43 7 13
32 44 13 4
32 46 8 14
32 49 9 16
33 0 12 8
33 1 14 8
33 2 12 2
33 3 9 20
33 4 2 0
33 5 13 3
33 6 12 14
33 7 6 17
33 8 14 6
33 9 1 19
33 10 2 3
33 11 18 8
33 12 17 10
33 13 11 9
33 14 0 16
33 15 4 4
33 16 0 6
33 18 20 13
33 19 17 7
33 20 17 4
33 21 0 6
33 22 16 10
33 23 14 17
33 24 13 10
33 26 2 18
33 27 19 8
33 28 12 17
33 30 19 4
33 31 0 2
33 33 2 0
33 34 2 14
33 35 0 5
33 36 19 0
33 37 0 2
33 38 4 6
33 41 3 9
33 42 15 9
33 44 19 2
33 45 19 13
33 47 18 5
33 48 8 16
33 49 9 19
34 2 14 8
34 3 4 1
34 4 4 15
34 6 18 7
34 8 11 4
34 9 14 12
34 10 2 17
34 11 15 9
34 14 4 19
34 15 4 9
34 16 2 12
34 17 9 7
34 18 5 11
34 19 12 14
34 20 12 6
34 21 1 6
34 23 13 0
34 24 9 6
34 25 8 10
34 26 14 6
34 27 2 7
34 28 0 14
34 29 9 2
34 30 15 5
34 31 3 17
34 33 4 6
34 34 9 8
34 35 14 8
34 36 14 7
34 37 8 18
34 38 13 19
34 39 8 15
34 40 12 14
34 41 15 17
34 42 4 14
34 44 2 3
34 45 18 1
34 46 18 2
34 47 12 20
34 48 11 15
34 49 12 8
35 0 9 8
35 1 0 6
35 4 13 8
35 5 15 16
35 6 14 1
35 8 6 12
35 9 7 6
35 10 14 7
35 11 2 4
35 12 13 14
35 13 6 3
35 14 4 0
35 16 17 6
35 17 19 19
35 18 1 9
35 20 15 19
35 21 12 15
35 22 19 15
35 23 20 20
35 24 4 5
35 25 8 15
35 26 4 15
35 27 18 14
35 28 13 9
35 29 15 20
35 31 15 11
35 32 19 1
35 34 19 5
35 35 13 7
35 36 7 20
35 37 20 12
35 38 4 3
35 39 2 19
35 40 15 4
35 41 8 17
35 42 16 6
35 43 6 5
35 44 4 13
35 45 19 15
35 47 12 16
35 48 15 15
35 49 16 6
36 0 5 15
36 1 9 9
36 2 4 20
36 4 4 8
36 5 16 4
36 6 5 10
36 7 11 12
36 8 3 18
36 9 9 7
36 10 12 12
36 11 16 20
36 12 17 9
36 13 0 20
36 14 12 14
36 16 5 18
36 17 2 3
36 18 8 8
36 20 10 11
36 21 14 3
36 23 7 3
36 25 17 20
36 26 1 6
36 27 13 4
36 30 19 4
36 32 12 7
36 34 2 15
36 35 9 11
36 36 13 3
36 37 12 1
36 38 15 11
36 39 15 11
36 40 2 9
36 41 18 13
36 42 14 18
36 43 5 9
36 44 16 3
36 45 6 1
36 46 17 9
36 47 16 0
36 48 20 4
36 49 17 7
37 1 17 9
37 2 12 0
37 3 9 4
37 4 7 0
37 5 19 10
37 6 12 11
37 7 3 12
37 8 10 18
37 9 19 11
37 13 1 3
37 14 0 11
37 15 17 12
37 16 8 16
37 17 2 11
37 18 5 18
37 20 0 11
37 21 11 6
37 22 1 20
37 23 8 9
37 24 17 1
37 25 13 11
37 26 5 5
37 28 14 5
37 29 2 8
37 31 14 4
37 32 13 16
37 33 20 9
37 34 10 12
37 35 14 9
37 36 4 20
37 38 7 6
37 39 1 3
37 40 8 3
37 41 2 16
37 43 15 5
37 44 17 2
37 45 0 0
37 46 10 7
37 47 15 6
37 48 2 6
37 49 14 19
38 0 8 9
38 1 10 17
38 2 9 13
38 3 15 11
38 4 19 19
38 5 9 6
38 7 16 10
38 8 18 17
38 9 0 3
38 10 0 2
38 11 14 20
38 12 16 12
38 14 0 10
38 16 13 16
38 17 3 7
38 18 5 17
38 19 19 15
38 20 1 3
38 21 4 3
38 23 15 1
38 24 5 8
38 26 6 1
38 29 7 15
38 30 8 19
38 31 11 1
38 32 14 19
38 33 8 20
38 34 7 10
38 35 3 10
38 36 19 8
38 37 3 20
38 40 14 6
38 41 11 2
38 42 13 13
38 43 9 11
38 45 11 1
38 47 13 11
38 49 7 18
39 1 20 17
39 2 7 18
39 3 8 20
39 4 8 6
39 5 16 0
39 7 3 6
39 8 1 18
39 9 15 14
39 10 13 17
39 11 8 4
39 12 20 2
39 16 3 16
39 17 12 10
39 18 7 17
39 19 5 17
39 20 20 0
39 21 19 18
39 22 17 14
39 23 2 17
39 24 0 3
39 25 10 4
39 26 8 18
39 27 9 11
39 28 12 8
39 29 3 19
39 31 9 10
39 32 9 8
39 33 3 2
39 34 9 11
39 35 17 8
39 36 16 10
39 37 13 13
39 38 14 13
39 39 1 16
39 41 6 7
39 42 3 17
39 43 2 17
39 45 18 9
39 48 9 17
39 49 0 12
40 0 16 10
40 1 13 1
40 2 15 12
40 3 16 17
40 5 19 13
40 7 13 20
40 8 9 8
40 10 0 11
40 11 8 15
40 12 16 7
40 13 2 0
40 15 16 20
40 16 14 11
40 17 17 2
40 18 10 6
40 20 8 16
40 21 11 13
40 22 4 7
40 23 11 6
40 27 9 4
40 28 16 10
40 30 11 19
40 31 9 2
40 34 7 4
40 35 15 6
40 36 13 15
40 37 11 6
40 38 5 2
40 39 17 3
40 40 19 5
40 41 9 20
40 42 15 9
40 44 12 4
40 45 14 5
40 47 19 20
40 48 13 8
41 3 10 5
41 4 14 18
41 5 18 18
41 6 4 7
41 7 11 12
41 8 11 4
41 9 16 8
41 11 0 9
41 12 16 0
41 13 3 8
41 14 3 2
41 15 19 12
41 16 15 0
41 17 15 12
41 20 20 6
41 21 0 16
41 22 11 0
41 23 11 19
41 24 15 15
41 25 10 16
41 27 7 15
41 29 18 6
41 31 4 16
41 33 17 7
41 34 5 14
41 36 7 15
41 37 8 12
41 38 15 9
41 39 14 7
41 41 9 19
41 42 19 10
41 44 3 3
41 45 17 0
41 49 3 4
42 0 15 4
42 1 10 0
42 2 9 12
42 3 17 7
42 4 8 9
42 5 20 19
42 6 1 12
42 7 0 17
42 8 8 6
42 9 15 12
42 10 19 2
42 11 2 11
42 12 19 9
42 13 16 2
42 14 19 5
42 17 18 15
42 18 16 18
42 19 11 17
42 22 20 19
42 24 0 9
42 25 5 15
42 26 0 11
42 28 11 1
42 29 20 4
42 31 14 20
42 32 7 3
42 33 6 7
42 34 17 10
42 37 15 2
42 38 15 9
42 39 17 18
42 40 20 13
42 41 9 6
42 42 2 6
42 43 15 3
42 44 0 6
42 45 14 4
42 47 16 4
42 48 14 17
42 49 13 14
43 0 20 8
43 2 4 7
43 3 1 8
43 4 20 20
43 7 10 12
43 8 8 6
43 9 1 13
43 10 0 15
43 11 8 17
43 12 6 11
43 13 16 0
43 15 5 14
43 16 4 4
43 18 0 13
43 19 1 12
43 21 19 15
43 22 4 5
43 23 11 16
43 24 5 1
43 25 8 4
43 26 16 13
43 27 4 17
43 28 16 2
43 29 10 12
43 30 5 3
43 31 8 2
43 32 10 9
43 34 6 8
43 35 15 3
43 36 9 17
43 40 19 1
43 41 8 10
43 42 5 16
43 43 19 13
43 45 14 17
43 46 0 19
43 47 16 11
43 48 17 10
43 49 16 17
44 0 18 4
44 1 18 13
44 2 6 16
44 3 6 3
44 4 0 17
44 5 15 16
44 7 7 16
44 8 19 4
44 9 10 17
44 10 13 12
44 11 17 13
44 12 15 20
44 13 13 17
44 14 11 0
44 15 2 10
44 16 4 5
44 17 0 1
44 18 13 6
44 19 14 0
44 21 12 11
44 22 1 17
44 23 7 1
44 24 0 10
44 25 1 3
44 26 3 12
44 27 13 6
44 28 5 12
44 29 0 20
44 31 14 17
44 33 20 9
44 34 2 4
44 35 4 8
44 36 16 12
44 37 20 19
44 39 1 17
44 40 11 11
44 41 10 3
44 42 16 13
44 43 20 19
44 44 3 18
44 45 19 3
44 46 19 7
44 47 19 16
44 48 10 8
44 49 12 15
45 0 5 20
45 2 14 18
45 3 20 13
45 4 17 5
45 5 20 7
45 6 19 8
45 7 9 1
45 9 0 17
45 10 11 9
45 12 10 16
45 14 11 11
45 15 5 5
45 16 4 18
45 17 6 14
45 19 10 0
45 20 10 13
45 21 15 0
45 22 9 18
45 23 7 5
45 24 10 8
45 25 19 0
45 27 9 19
45 28 10 6
45 29 8 2
45 30 15 5
45 32 2 11
45 33 9 15
45 34 8 14
45 35 11 12
45 37 1 7
45 38 9 16
45 39 4 2
45 41 15 9
45 44 13 4
45 46 9 16
45 47 10 11
45 48 15 9
45 49 2 9
46 1 7 14
46 2 17 20
46 3 4 3
46 4 7 3
46 5 13 19
46 6 1 9
46 7 17 12
46 8 15 1
46 9 17 16
46 10 18 2
46 12 14 5
46 13 8 19
46 15 3 0
46 16 7 3
46 17 14 9
46 18 8 3
46 19 3 5
46 20 3 12
46 21 6 10
46 22 2 5
46 26 13 16
46 29 0 16
46 30 19 11
46 32 9 18
46 33 17 8
46 34 12 20
46 35 7 18
46 36 18 19
46 37 2 13
46 38 13 17
46 39 18 17
46 40 3 9
46 41 8 13
46 42 6 7
46 43 7 1
46 44 11 5
46 45 13 4
46 46 7 10
46 47 3 0
46 48 9 4
46 49 11 13
47 0 0 16
47 1 7 12
47 2 13 15
47 3 11 19
47 6 14 7
47 7 19 14
47 8 18 3
47 9 14 6
47 10 17 19
47 11 3 13
47 12 1 3
47 13 0 5
47 15 5 6
47 16 8 7
47 17 4 4
47 18 4 20
47 19 19 15
47 20 10 10
47 21 0 5
47 23 14 4
47 24 7 11
47 25 1 4
47 28 3 5
47 29 16 17
47 30 2 2
47 31 17 0
47 32 6 18
47 33 7 1
47 34 4 2
47 35 8 1
47 37 17 15
47 39 0 14
47 40 5 0
47 43 5 13
47 44 7 8
47 45 4 0
47 46 16 5
47 47 16 0
47 49 7 13
48 0 9 20
48 1 19 11
48 2 11 6
48 3 5 15
48 4 13 19
48 5 10 6
48 6 20 6
48 7 18 13
48 9 3 7
48 10 14 0
48 11 17 3
48 12 19 4
48 13 11 7
48 14 2 0
48 15 0 19
48 16 10 18
48 17 17 19
48 20 15 10
48 21 14 17
48 22 14 16
48 23 13 8
48 24 16 1
48 25 7 0
48 26 13 2
48 27 10 9
48 28 11 10
48 29 12 8
48 30 20 18
48 31 12 13
48 34 7 7
48 35 5 8
48 36 6 0
48 37 7 12
48 38 6 0
48 39 0 13
48 40 0 4
48 41 1 16
48 42 18 5
48 43 13 7
48 44 9 5
48 45 20 4
48 47 20 13
48 48 17 20
49 0 6 15
49 1 15 4
49 2 2 19
49 3 10 3
49 4 0 11
49 5 15 3
49 8 6 17
49 9 8 10
49 10 1 14
49 11 10 4
49 12 15 13
49 13 9 2
49 14 2 17
49 17 2 7
49 19 18 16
49 20 6 4
49 21 7 1
49 22 5 19
49 23 11 19
49 24 0 7
49 25 8 11
49 26 12 11
49 27 0 11
49 28 13 5
49 30 6 12
49 31 13 8
49 32 14 11
49 33 12 12
49 34 5 17
49 36 2 7
49 37 3 3
49 39 5 0
49 40 6 9
49 41 20 5
49 42 10 5
49 43 13 4
49 44 1 20
49 45 13 15
49 46 9 18
49 47 4 6
49 48 12 12
