50
2
0 0 8 19
0 1 9 8
0 4 9 16
0 5 9 8
0 7 4 15
0 8 1 13
0 9 11 7
0 12 8 0
0 13 7 13
0 14 7 17
0 15 18 10
0 16 7 16
0 18 18 7
0 19 9 11
0 20 12 10
0 22 7 13
0 23 1 16
0 24 15 11
0 26 7 12
0 27 1 8
0 28 3 10
0 29 8 3
0 30 0 7
0 32 1 1
0 33 8 20
0 34 7 2
0 35 0 6
0 36 20 6
0 37 1 19
0 38 15 5
0 39 15 7
0 40 3 20
0 41 7 8
0 42 0 12
0 44 19 0
0 45 19 0
0 46 9 15
0 47 9 7
0 48 0 13
0 49 16 20
1 0 20 15
1 1 20 2
1 2 10 1
1 3 15 13
1 5 18 17
1 6 10 6
1 7 3 12
1 8 20 17
1 9 1 13
1 10 9 10
1 11 0 6
1 12 1 8
1 13 7 16
1 14 14 9
1 16 7 5
1 17 0 10
1 18 15 18
1 20 19 1
1 21 6 16
1 22 5 12
1 24 9 6
1 25 13 11
1 26 4 5
1 27 9 5
1 28 8 9
1 32 10 4
1 33 2 8
1 34 2 9
1 35 13 1
1 36 3 10
1 37 17 15
1 38 5 7
1 39 20 14
1 40 13 7
1 41 18 17
1 42 7 18
1 43 18 7
1 44 17 14
1 45 11 15
1 46 19 1
1 47 17 14
1 48 5 4
1 49 10 11
2 0 15 15
2 1 8 0
2 2 1 11
2 4 7 6
2 5 7 16
2 6 18 2
2 9 8 19
2 10 15 10
2 11 18 7
2 12 15 14
2 13 16 9
2 15 4 4
2 16 10 13
2 18 20 5
2 19 14 20
2 20 6 11
2 21 14 20
2 22 5 4
2 23 2 0
2 24 10 18
2 25 10 14
2 26 17 11
2 27 2 1
2 29 5 19
2 31 13 0
2 32 6 5
2 33 6 20
2 34 3 10
2 35 20 0
2 36 16 19
2 37 0 11
2 38 2 8
2 39 10 0
2 41 14 15
2 42 1 12
2 43 7 3
2 44 7 17
2 46 8 5
2 47 0 11
2 48 8 16
2 49 0 18
3 0 11 14
3 1 1 13
3 4 0 3
3 6 17 18
3 7 17 4
3 8 11 10
3 9 13 13
3 11 4 20
3 12 14 19
3 14 13 2
3 16 9 20
3 17 6 6
3 18 1 0
3 19 2 20
3 20 2 12
3 21 7 7
3 22 20 13
3 24 16 12
3 25 14 9
3 26 18 10
3 28 8 2
3 29 17 17
3 30 5 19
3 31 16 1
3 32 10 18
3 33 15 20
3 34 0 0
3 35 10 20
3 37 16 15
3 38 17 17
3 39 3 7
3 40 2 5
3 42 13 16
3 43 14 10
3 44 7 14
3 45 6 18
3 46 11 19
3 47 11 17
4 0 11 13
4 2 1 17
4 3 10 13
4 4 18 2
4 5 7 4
4 6 14 4
4 7 0 6
4 8 12 4
4 9 5 19
4 10 16 12
4 12 1 18
4 13 15 8
4 14 11 10
4 18 17 4
4 19 3 0
4 20 3 4
4 21 15 6
4 22 3 4
4 23 14 13
4 24 13 6
4 25 7 6
4 26 8 16
4 27 15 11
4 28 11 11
4 30 15 12
4 31 0 10
4 32 10 11
4 33 10 11
4 34 16 4
4 35 16 4
4 36 14 17
4 37 7 4
4 38 5 9
4 39 10 13
4 42 20 8
4 43 17 7
4 44 1 18
4 45 6 1
4 46 20 4
4 47 18 15
4 48 16 11
5 0 15 12
5 1 8 14
5 3 5 2
5 4 17 3
5 5 0 5
5 6 19 1
5 7 1 5
5 8 8 7
5 10 2 1
5 11 12 6
5 12 20 5
5 13 14 7
5 15 4 12
5 16 1 8
5 17 7 2
5 18 0 10
5 20 6 10
5 21 16 11
5 22 2 10
5 23 11 1
5 25 17 1
5 27 8 11
5 28 8 20
5 29 7 19
5 32 18 7
5 33 15 5
5 36 7 5
5 37 4 13
5 38 2 14
5 40 10 13
5 41 16 17
5 42 13 10
5 43 9 19
5 44 12 17
5 45 7 11
5 46 13 2
5 47 8 5
5 48 19 12
5 49 14 5
6 0 13 2
6 1 9 8
6 2 2 10
6 3 11 13
6 4 13 0
6 5 10 13
6 6 18 8
6 7 4 0
6 8 14 9
6 9 1 19
6 10 10 16
6 12 1 20
6 13 19 4
6 16 5 9
6 17 2 15
6 18 11 12
6 19 20 13
6 20 16 7
6 21 18 4
6 22 19 14
6 23 0 16
6 24 18 9
6 27 4 11
6 29 11 8
6 30 13 12
6 31 20 1
6 35 4 19
6 36 5 5
6 37 6 20
6 39 4 17
6 40 4 0
6 41 18 14
6 42 0 13
6 43 3 0
6 44 15 12
6 45 16 3
6 48 1 7
7 0 5 20
7 1 5 12
7 2 8 16
7 3 2 9
7 4 6 4
7 8 10 12
7 10 10 17
7 11 13 6
7 12 13 7
7 13 20 5
7 14 6 18
7 15 6 0
7 16 18 12
7 17 20 10
7 18 1 9
7 19 14 10
7 20 2 13
7 22 0 11
7 23 19 10
7 24 15 15
7 25 5 15
7 26 4 19
7 27 5 16
7 29 6 18
7 31 2 8
7 32 17 14
7 33 14 20
7 34 2 8
7 35 2 6
7 36 1 9
7 37 13 1
7 38 7 14
7 39 6 19
7 41 12 8
7 42 6 5
7 44 3 9
7 45 2 7
7 46 14 12
7 47 18 13
8 0 19 19
8 1 11 18
8 2 7 7
8 5 0 15
8 6 15 18
8 7 12 4
8 8 14 10
8 9 17 16
8 10 14 17
8 11 20 6
8 12 17 9
8 13 9 18
8 14 12 10
8 15 20 16
8 16 16 1
8 17 5 11
8 18 3 9
8 19 6 9
8 20 5 9
8 21 5 5
8 23 20 9
8 24 4 19
8 26 14 11
8 27 10 6
8 28 1 14
8 29 14 4
8 30 6 5
8 31 18 4
8 33 2 8
8 34 8 8
8 36 2 8
8 37 12 12
8 38 7 12
8 39 9 15
8 40 19 4
8 41 8 0
8 42 9 18
8 43 20 5
8 44 20 10
8 45 1 6
8 46 14 14
8 47 9 19
8 48 7 11
9 0 18 6
9 1 16 4
9 2 6 5
9 3 12 5
9 4 11 12
9 5 2 1
9 7 19 16
9 8 4 10
9 9 19 8
9 10 7 19
9 11 20 6
9 12 9 5
9 13 15 2
9 14 13 9
9 16 14 6
9 17 3 15
9 18 3 14
9 19 17 13
9 20 14 13
9 21 18 19
9 22 19 17
9 23 4 16
9 24 3 9
9 25 5 13
9 26 18 20
9 27 2 13
9 29 18 6
9 30 5 17
9 31 2 11
9 33 6 14
9 35 5 20
9 36 16 7
9 37 6 18
9 38 1 6
9 39 4 17
9 41 6 7
9 43 2 12
9 44 0 6
9 45 18 16
9 47 15 0
10 1 1 0
10 2 18 6
10 3 20 20
10 4 7 10
10 5 18 16
10 6 14 20
10 7 9 4
10 8 4 3
10 9 10 15
10 11 13 17
10 12 18 1
10 13 11 11
10 14 8 4
10 16 7 6
10 17 15 19
10 18 7 18
10 19 3 20
10 20 3 10
10 21 4 4
10 22 12 0
10 23 9 8
10 24 11 8
10 25 10 11
10 27 13 1
10 28 13 8
10 29 20 3
10 31 20 11
10 32 1 10
10 33 8 4
10 34 5 8
10 35 20 2
10 36 11 9
10 37 10 3
10 38 1 6
10 39 1 8
10 40 6 2
10 41 6 9
10 42 9 6
10 43 9 16
10 44 9 18
10 45 7 17
10 46 17 20
10 47 6 9
10 48 12 1
11 0 12 12
11 1 8 19
11 3 13 20
11 4 1 17
11 5 12 10
11 6 12 13
11 7 16 8
11 8 13 2
11 9 3 8
11 10 17 0
11 12 15 11
11 13 6 2
11 14 2 2
11 15 17 17
11 16 20 8
11 17 14 7
11 18 5 18
11 19 3 7
11 20 8 14
11 21 12 14
11 22 19 13
11 24 3 10
11 26 9 6
11 27 18 13
11 28 12 12
11 29 8 5
11 30 16 15
11 32 14 11
11 34 12 9
11 35 11 6
11 38 18 17
11 40 14 0
11 41 17 11
11 42 15 13
11 43 1 17
11 46 9 18
11 47 12 1
11 48 9 3
11 49 5 1
12 1 1 15
12 2 9 18
12 3 2 20
12 5 3 3
12 6 17 17
12 7 8 9
12 8 15 13
12 10 2 1
12 11 17 19
12 12 12 6
12 13 15 5
12 14 20 9
12 15 9 13
12 16 2 7
12 17 17 10
12 21 10 8
12 22 16 13
12 23 7 2
12 25 11 10
12 26 11 7
12 28 9 14
12 29 10 15
12 30 15 15
12 31 13 17
12 32 10 0
12 33 9 2
12 34 9 11
12 35 10 1
12 36 6 6
12 37 11 0
12 38 3 6
12 39 17 3
12 40 2 17
12 42 10 14
12 43 3 15
12 44 19 11
12 46 19 9
12 47 14 5
12 48 17 20
12 49 18 13
13 0 8 19
13 1 19 5
13 2 0 15
13 3 0 11
13 4 19 15
13 5 15 10
13 7 18 1
13 8 6 13
13 9 3 8
13 10 14 12
13 11 5 19
13 12 9 17
13 13 11 2
13 15 17 9
13 16 16 1
13 18 6 8
13 19 10 5
13 20 7 7
13 23 2 3
13 24 11 15
13 25 2 11
13 27 1 9
13 28 14 12
13 29 7 7
13 30 12 8
13 31 12 20
13 32 8 9
13 33 8 5
13 34 8 7
13 35 9 3
13 36 15 0
13 37 16 0
13 39 2 14
13 40 9 5
13 41 15 20
13 42 13 15
13 43 17 0
13 44 19 3
13 45 2 8
13 46 2 3
13 47 18 20
13 48 19 7
13 49 12 4
14 1 4 9
14 2 18 2
14 3 8 17
14 4 19 12
14 7 8 18
14 8 5 4
14 9 13 14
14 10 16 4
14 11 16 3
14 12 2 11
14 13 4 18
14 14 20 13
14 15 16 18
14 16 17 18
14 17 1 0
14 18 15 4
14 22 19 7
14 23 18 13
14 25 18 11
14 26 13 14
14 27 16 17
14 28 8 15
14 29 0 17
14 30 4 8
14 31 13 12
14 34 10 15
14 36 12 11
14 37 5 4
14 38 17 11
14 39 14 14
14 40 14 12
14 42 11 14
14 43 16 11
14 44 0 11
14 45 2 2
14 47 2 1
14 48 17 5
14 49 14 18
15 1 19 3
15 2 10 8
15 3 18 10
15 4 10 7
15 5 13 17
15 7 11 4
15 8 4 18
15 9 6 11
15 10 16 4
15 12 6 3
15 14 4 4
15 15 20 3
15 16 11 4
15 17 5 4
15 18 3 9
15 19 0 6
15 20 14 19
15 21 1 3
15 22 0 6
15 24 11 3
15 25 7 20
15 26 9 11
15 27 5 13
15 28 3 5
15 29 9 4
15 30 2 12
15 31 0 8
15 32 7 12
15 33 20 12
15 35 18 4
15 37 14 4
15 38 17 10
15 39 11 15
15 40 8 9
15 41 14 8
15 42 8 12
15 43 9 6
15 44 17 10
15 45 19 0
15 47 2 14
15 48 17 4
16 0 20 13
16 1 18 4
16 2 8 9
16 4 4 11
16 5 9 10
16 6 6 12
16 7 18 9
16 8 8 7
16 9 9 19
16 10 19 19
16 11 10 13
16 13 12 19
16 14 8 11
16 15 5 1
16 16 8 1
16 17 3 19
16 18 5 16
16 19 12 14
16 20 3 8
16 21 14 4
16 22 8 10
16 23 2 20
16 24 7 7
16 25 9 0
16 26 13 16
16 27 16 6
16 28 6 16
16 29 9 0
16 31 14 1
16 32 18 10
16 33 2 18
16 34 9 19
16 35 3 10
16 36 13 14
16 38 16 7
16 39 11 12
16 40 19 11
16 41 2 11
16 42 10 2
16 45 0 8
16 46 14 11
16 47 6 13
16 48 9 4
17 0 19 9
17 1 18 4
17 2 14 7
17 3 6 6
17 4 1 15
17 5 14 9
17 6 19 5
17 7 1 10
17 8 2 7
17 9 16 11
17 10 10 17
17 13 9 18
17 14 13 1
17 16 19 17
17 17 10 9
17 18 12 3
17 19 8 6
17 20 19 17
17 21 15 17
17 22 12 9
17 23 14 0
17 24 2 3
17 25 17 1
17 26 0 6
17 27 19 13
17 28 2 12
17 29 0 14
17 30 13 10
17 31 7 20
17 33 10 11
17 34 16 7
17 35 16 6
17 36 13 1
17 38 6 4
17 39 12 6
17 40 12 12
17 41 13 19
17 42 11 6
17 43 7 19
17 44 17 8
17 46 0 15
17 47 8 3
17 48 13 11
17 49 5 14
18 0 2 9
18 1 20 3
18 2 10 14
18 3 0 1
18 4 7 12
18 5 7 2
18 6 6 5
18 7 15 20
18 8 2 20
18 9 4 15
18 11 12 11
18 12 8 1
18 13 10 6
18 15 3 12
18 16 8 17
18 17 15 10
18 18 12 8
18 19 6 8
18 20 0 12
18 21 4 17
18 22 16 18
18 23 0 2
18 24 10 3
18 25 2 14
18 26 7 0
18 27 4 8
18 28 10 20
18 29 6 15
18 30 8 2
18 31 18 11
18 32 19 11
18 33 16 0
18 34 0 9
18 35 19 20
18 38 10 6
18 39 13 2
18 40 19 18
18 41 3 16
18 43 20 9
18 44 3 12
18 45 13 1
18 46 2 10
18 47 17 15
18 48 20 20
18 49 5 17
19 3 7 5
19 4 9 12
19 5 7 12
19 6 13 16
19 8 18 1
19 9 3 7
19 10 14 18
19 11 10 11
19 12 7 11
19 13 11 9
19 14 14 19
19 15 5 6
19 18 4 18
19 19 11 5
19 20 8 0
19 21 11 11
19 22 6 19
19 23 8 3
19 24 20 2
19 25 1 0
19 26 9 7
19 27 18 5
19 28 4 7
19 29 12 6
19 31 4 6
19 33 12 8
19 34 19 13
19 36 3 15
19 37 5 20
19 38 5 11
19 39 18 12
19 40 12 5
19 42 6 16
19 44 10 8
19 45 0 14
19 47 3 9
19 48 19 16
19 49 12 12
20 1 6 11
20 2 16 12
20 4 0 1
20 5 16 18
20 6 16 4
20 7 7 19
20 9 4 11
20 11 3 12
20 12 3 9
20 14 7 10
20 15 0 19
20 16 7 2
20 18 11 6
20 19 0 16
20 22 18 10
20 23 0 4
20 24 1 14
20 25 11 12
20 26 3 11
20 28 5 8
20 29 14 6
20 31 17 4
20 32 17 7
20 36 15 20
20 43 18 20
20 45 1 2
20 47 1 15
20 48 11 4
20 49 5 14
21 0 9 15
21 1 9 11
21 2 12 7
21 3 19 20
21 5 0 14
21 6 2 19
21 7 19 7
21 8 19 3
21 9 17 9
21 10 17 10
21 11 20 14
21 12 20 10
21 13 16 18
21 15 3 3
21 16 18 20
21 17 14 3
21 18 1 10
21 19 15 9
21 20 10 18
21 21 8 6
21 22 11 5
21 23 15 11
21 24 19 14
21 26 2 13
21 27 9 19
21 28 5 2
21 29 13 0
21 30 4 2
21 31 3 16
21 32 18 12
21 33 6 6
21 34 15 15
21 35 20 0
21 38 0 15
21 39 6 5
21 41 20 6
21 42 18 6
21 45 0 1
21 46 3 0
21 47 6 17
21 48 5 5
21 49 15 11
22 0 8 3
22 1 12 13
22 2 15 0
22 3 13 18
22 4 5 12
22 6 13 2
22 7 0 4
22 8 19 7
22 9 7 5
22 10 4 18
22 11 12 19
22 12 20 1
22 13 5 3
22 15 18 18
22 17 9 12
22 18 4 10
22 19 4 14
22 20 4 13
22 21 2 16
22 22 0 12
22 23 8 2
22 24 13 15
22 25 2 0
22 26 19 10
22 27 6 10
22 28 11 0
22 29 10 20
22 30 20 10
22 31 1 9
22 32 18 13
22 33 7 17
22 34 0 14
22 36 3 8
22 37 16 15
22 39 10 2
22 40 11 5
22 41 2 14
22 43 11 12
22 47 10 6
23 0 0 8
23 1 12 2
23 4 5 1
23 5 11 1
23 7 17 5
23 8 19 14
23 9 4 11
23 10 4 0
23 11 8 19
23 12 17 1
23 13 7 16
23 14 16 15
23 15 13 2
23 16 17 9
23 17 1 16
23 18 6 12
23 20 9 2
23 21 8 8
23 22 5 17
23 23 1 9
23 24 19 14
23 25 8 6
23 26 19 16
23 27 6 7
23 28 14 0
23 29 14 2
23 31 15 15
23 33 20 14
23 34 10 9
23 36 19 11
23 37 19 11
23 38 3 2
23 39 11 14
23 40 12 3
23 41 1 2
23 42 2 3
23 43 1 18
23 44 14 2
23 45 20 6
23 46 13 13
23 47 17 12
23 49 14 0
24 1 19 13
24 2 17 17
24 3 6 1
24 4 9 3
24 5 11 19
24 6 11 4
24 7 19 7
24 9 1 19
24 10 6 4
24 11 10 19
24 13 15 15
24 14 10 13
24 15 13 1
24 16 17 20
24 17 5 13
24 18 1 8
24 19 1 5
24 20 9 6
24 21 4 11
24 22 0 0
24 23 17 16
24 24 14 5
24 25 19 11
24 26 14 13
24 27 19 20
24 28 7 3
24 29 17 10
24 30 6 13
24 32 2 20
24 34 5 17
24 35 12 7
24 36 17 19
24 37 16 7
24 39 18 14
24 40 10 19
24 41 1 13
24 42 13 2
24 45 11 16
24 46 13 11
24 47 16 19
24 49 19 17
25 0 1 0
25 1 12 0
25 2 4 16
25 3 5 5
25 4 8 8
25 5 4 4
25 6 3 12
25 7 2 1
25 8 20 2
25 9 7 7
25 10 3 10
25 11 17 6
25 12 0 1
25 13 1 13
25 14 14 4
25 15 7 11
25 16 11 16
25 17 17 13
25 20 7 7
25 21 14 12
25 22 20 1
25 23 6 10
25 24 18 4
25 25 6 12
25 27 4 14
25 28 20 18
25 30 6 14
25 31 2 18
25 32 4 0
25 33 6 1
25 34 17 2
25 35 3 15
25 38 17 12
25 39 1 2
25 40 13 11
25 42 18 20
25 44 7 8
25 45 7 9
25 46 18 9
25 47 12 6
25 48 4 2
25 49 6 2
26 0 13 15
26 1 7 0
26 3 3 20
26 4 13 1
26 7 12 15
26 8 20 8
26 9 19 4
26 10 14 4
26 11 6 4
26 12 7 6
26 13 13 5
26 15 15 19
26 16 14 2
26 17 16 12
26 19 6 7
26 20 3 19
26 21 17 9
26 23 11 5
26 24 3 10
26 27 10 0
26 28 17 7
26 29 20 0
26 30 8 17
26 31 3 1
26 32 12 12
26 33 19 9
26 34 6 14
26 36 11 15
26 37 14 7
26 38 16 13
26 39 10 11
26 40 10 9
26 41 11 10
26 42 14 7
26 43 15 5
26 45 2 8
26 47 13 17
26 48 16 18
27 0 11 13
27 2 19 5
27 3 17 12
27 4 11 8
27 5 18 6
27 6 5 6
27 7 9 4
27 9 7 16
27 11 2 7
27 12 0 12
27 13 18 8
27 14 16 6
27 16 7 4
27 17 13 5
27 19 7 19
27 21 10 13
27 22 1 4
27 23 10 1
27 25 15 14
27 26 13 13
27 27 17 15
27 28 5 0
27 29 19 17
27 30 2 4
27 31 14 17
27 32 1 5
27 33 8 7
27 34 19 13
27 35 15 16
27 36 11 16
27 38 8 14
27 39 2 4
27 40 14 18
27 41 7 14
27 43 2 3
27 44 15 2
27 45 9 12
27 46 1 18
27 47 19 1
27 48 17 16
27 49 8 11
28 0 18 19
28 2 11 9
28 3 2 0
28 4 12 14
28 6 2 13
28 7 14 2
28 10 14 8
28 11 14 1
28 12 17 10
28 13 1 11
28 14 5 18
28 15 12 17
28 17 4 17
28 21 14 18
28 22 10 1
28 24 17 4
28 25 11 20
28 26 13 10
28 27 8 10
28 29 15 19
28 31 12 6
28 33 17 12
28 34 0 19
28 36 19 1
28 37 6 17
28 38 8 8
28 39 1 6
28 40 16 20
28 42 8 2
28 43 2 3
28 44 8 14
28 45 11 13
28 46 13 12
28 47 19 8
28 48 19 3
28 49 15 3
29 0 18 13
29 1 9 3
29 2 13 18
29 3 17 8
29 4 7 5
29 5 13 12
29 7 18 6
29 8 5 4
29 9 11 10
29 12 17 16
29 13 6 0
29 14 3 18
29 15 15 4
29 18 2 16
29 19 19 0
29 20 12 7
29 21 13 20
29 23 14 18
29 24 3 7
29 27 20 8
29 28 2 8
29 30 10 1
29 31 16 14
29 32 2 2
29 35 4 1
29 37 17 7
29 38 10 11
29 40 12 3
29 41 16 9
29 42 0 2
29 43 13 17
29 45 3 6
29 48 12 19
29 49 12 2
30 0 13 11
30 1 18 13
30 2 6 16
30 3 1 0
30 5 19 4
30 6 0 10
30 8 10 19
30 9 3 3
30 11 6 18
30 12 5 2
30 13 11 6
30 15 1 6
30 16 15 12
30 17 14 8
30 18 6 7
30 19 19 9
30 20 4 18
30 22 15 10
30 24 6 7
30 25 5 18
30 26 3 3
30 28 0 19
30 29 14 5
30 30 14 5
30 32 5 6
30 33 5 5
30 34 7 9
30 36 3 13
30 37 4 18
30 38 6 14
30 39 2 11
30 40 11 20
30 42 18 20
30 43 17 3
30 44 2 2
30 45 20 17
30 48 7 9
31 0 10 3
31 1 18 14
31 2 12 4
31 4 3 1
31 5 17 3
31 6 15 0
31 7 6 3
31 8 6 16
31 9 20 10
31 10 20 8
31 11 17 11
31 12 8 10
31 13 5 1
31 14 9 10
31 15 8 3
31 16 8 8
31 17 11 18
31 18 8 12
31 19 16 4
31 20 15 15
31 22 2 1
31 23 13 13
31 25 10 10
31 26 6 16
31 27 6 18
31 28 14 20
31 29 2 12
31 30 19 20
31 31 2 1
31 32 19 1
31 33 11 8
31 34 9 10
31 35 20 16
31 36 6 19
31 37 2 5
31 38 1 10
31 39 11 0
31 40 1 18
31 41 16 2
31 45 9 0
31 46 14 12
31 47 18 4
31 48 7 4
31 49 19 9
32 0 5 7
32 1 16 1
32 3 4 19
32 4 16 11
32 5 13 6
32 6 13 0
32 7 14 7
32 9 14 0
32 11 0 15
32 12 11 6
32 13 12 19
32 14 10 0
32 16 11 17
32 17 7 9
32 18 7 12
32 19 10 18
32 20 19 14
32 21 16 9
32 22 13 11
32 23 11 2
32 24 4 14
32 26 7 1
32 27 11 19
32 28 20 13
32 29 0 4
32 31 10 16
32 32 0 2
32 35 7 8
32 36 17 10
32 37 10 12
32 38 1 2
32 39 0 19
32 40 8 9
32 42 7 4
32 43 9 10
32 45 12 18
32 48 9 4
33 0 17 10
33 1 7 10
33 2 14 19
33 4 5 16
33 6 11 17
33 7 10 17
33 9 20 7
33 10 4 0
33 11 16 0
33 12 17 9
33 13 13 6
33 15 16 17
33 16 6 18
33 17 12 8
33 18 19 20
33 19 16 8
33 20 1 12
33 23 7 8
33 24 10 10
33 25 16 0
33 26 15 20
33 27 13 14
33 29 2 13
33 30 16 8
33 32 11 14
33 33 1 17
33 34 7 7
33 35 11 17
33 38 8 6
33 39 11 13
33 40 19 11
33 41 14 8
33 42 2 3
33 43 12 3
33 45 15 7
33 46 13 0
33 48 3 2
33 49 11 6
34 0 5 13
34 1 13 18
34 2 9 6
34 3 19 12
34 4 15 1
34 6 4 20
34 8 5 1
34 10 9 17
34 11 1 16
34 12 0 16
34 13 5 4
34 15 20 7
34 16 18 19
34 18 14 11
34 19 14 19
34 20 3 16
34 21 11 1
34 24 17 16
34 25 16 0
34 27 20 7
34 28 20 19
34 29 5 17
34 30 11 10
34 31 13 13
34 32 15 2
34 33 16 16
34 35 17 4
34 36 2 3
34 37 1 15
34 38 10 19
34 39 2 11
34 40 15 17
34 41 13 15
34 42 6 7
34 43 0 6
34 44 13 5
34 45 20 7
34 47 0 17
34 48 13 0
34 49 4 11
35 0 4 16
35 1 1 11
35 2 5 8
35 3 4 5
35 4 20 13
35 6 2 3
35 7 14 13
35 8 2 15
35 9 12 0
35 10 2 17
35 11 7 16
35 12 11 4
35 13 15 20
35 14 2 7
35 16 6 6
35 17 6 3
35 18 11 5
35 19 17 14
35 20 18 19
35 22 1 9
35 23 18 9
35 24 14 12
35 26 18 4
35 27 20 3
35 30 7 13
35 31 11 2
35 32 9 10
35 33 8 11
35 35 15 16
35 38 19 7
35 39 3 11
35 40 3 3
35 41 12 11
35 42 6 4
35 43 11 3
35 44 8 4
35 46 1 9
35 47 15 8
35 48 12 9
35 49 8 18
36 0 15 18
36 1 15 8
36 2 8 6
36 4 0 1
36 5 19 4
36 6 9 2
36 7 18 2
36 10 1 16
36 11 0 10
36 12 5 9
36 13 3 18
36 15 12 16
36 16 20 16
36 17 13 2
36 18 5 10
36 19 3 4
36 20 15 11
36 21 18 13
36 22 18 5
36 24 17 3
36 25 8 10
36 26 9 7
36 27 10 3
36 29 5 13
36 30 20 14
36 31 9 13
36 32 20 0
36 33 5 7
36 34 18 10
36 35 13 6
36 37 19 15
36 38 8 0
36 39 0 15
36 41 18 9
36 42 5 20
36 44 2 4
36 45 4 11
36 46 13 9
36 47 15 4
36 49 19 4
37 0 7 10
37 1 3 0
37 2 12 2
37 4 14 3
37 5 7 8
37 6 14 13
37 8 8 8
37 9 6 11
37 10 10 13
37 11 7 6
37 12 5 5
37 13 15 5
37 14 5 12
37 15 11 8
37 16 6 16
37 17 17 20
37 18 2 9
37 20 9 20
37 21 18 5
37 22 3 12
37 23 1 3
37 24 1 1
37 26 17 19
37 27 18 20
37 28 17 18
37 29 13 2
37 30 0 15
37 31 11 1
37 32 7 2
37 33 20 3
37 34 12 5
37 35 7 13
37 36 20 8
37 37 20 5
37 38 5 19
37 39 1 9
37 40 14 15
37 41 10 19
37 42 11 15
37 43 6 8
37 45 13 18
37 48 1 19
37 49 0 20
38 0 0 9
38 1 12 20
38 2 15 20
38 5 7 17
38 6 13 16
38 8 2 16
38 9 6 10
38 10 7 10
38 12 1 3
38 15 11 18
38 16 6 0
38 18 10 17
38 19 13 10
38 20 7 3
38 21 9 12
38 23 8 10
38 24 7 8
38 25 14 2
38 26 0 19
38 27 20 10
38 28 8 6
38 30 20 9
38 31 15 9
38 32 17 19
38 33 1 4
38 35 14 9
38 36 5 3
38 37 10 20
38 38 15 3
38 39 14 15
38 40 0 12
38 41 20 6
38 42 14 8
38 46 20 9
38 48 7 20
38 49 12 17
39 1 11 4
39 3 8 8
39 5 5 7
39 6 8 13
39 7 16 17
39 8 9 1
39 9 4 11
39 10 15 10
39 12 0 16
39 13 7 2
39 14 11 8
39 15 0 16
39 16 15 7
39 18 5 3
39 19 10 15
39 21 17 13
39 22 7 19
39 23 0 16
39 24 13 13
39 25 12 11
39 26 0 10
39 27 8 10
39 28 6 14
39 29 20 8
39 31 7 8
39 32 17 19
39 33 19 6
39 34 13 0
39 35 1 8
39 36 4 6
39 37 15 6
39 39 12 2
39 40 10 4
39 41 7 9
39 42 17 18
39 43 1 10
39 44 5 17
39 45 13 4
39 46 9 3
39 47 15 19
39 48 15 12
39 49 14 10
40 0 15 6
40 1 3 11
40 2 18 0
40 4 18 15
40 9 19 13
40 10 16 1
40 11 20 5
40 12 5 4
40 13 19 10
40 14 7 12
40 15 4 4
40 16 16 1
40 17 13 11
40 18 20 12
40 19 18 13
40 20 3 20
40 21 1 3
40 23 1 15
40 24 6 6
40 25 10 17
40 28 10 13
40 29 17 7
40 30 20 13
40 31 10 4
40 32 14 20
40 33 11 5
40 34 18 19
40 35 11 14
40 36 15 4
40 37 11 14
40 38 11 18
40 39 2 10
40 40 0 14
40 41 20 12
40 43 6 17
40 44 19 10
40 45 13 6
40 46 16 7
40 47 2 8
40 48 0 19
40 49 5 8
41 1 14 19
41 2 13 15
41 3 2 17
41 5 11 5
41 6 4 17
41 7 14 16
41 8 18 10
41 9 17 7
41 10 16 19
41 11 11 16
41 12 14 13
41 14 10 14
41 15 0 13
41 16 4 1
41 17 18 19
41 18 2 8
41 20 12 4
41 21 8 5
41 22 8 4
41 23 11 8
41 24 4 20
41 25 18 6
41 27 10 20
41 28 1 13
41 29 17 19
41 30 7 15
41 31 5 6
41 33 20 14
41 34 13 19
41 35 11 4
41 36 13 18
41 37 2 13
41 39 3 19
41 40 6 16
41 41 0 9
41 43 11 19
41 46 12 8
41 47 3 6
41 48 13 11
41 49 19 0
42 0 15 11
42 1 4 0
42 2 16 10
42 3 13 16
42 4 19 19
42 5 3 9
42 7 16 9
42 8 6 19
42 10 6 8
42 11 16 16
42 12 3 4
42 13 2 1
42 17 9 10
42 18 10 7
42 19 17 4
42 20 20 8
42 23 11 9
42 26 1 13
42 28 2 11
42 29 10 2
42 30 20 19
42 31 4 11
42 32 16 10
42 33 2 2
42 34 7 15
42 35 2 2
42 38 13 5
42 40 18 20
42 42 18 7
42 43 13 1
42 44 20 9
42 46 4 2
42 47 19 3
42 48 11 8
42 49 20 17
43 0 13 12
43 1 13 4
43 2 4 10
43 3 13 12
43 5 4 5
43 7 18 19
43 9 10 8
43 10 16 20
43 11 2 20
43 13 10 12
43 14 17 8
43 16 7 9
43 17 19 6
43 18 0 3
43 20 6 15
43 21 20 20
43 22 19 10
43 24 15 15
43 25 2 15
43 26 11 3
43 27 15 9
43 28 0 19
43 29 2 2
43 30 1 15
43 32 16 8
43 33 11 10
43 34 18 6
43 36 17 2
43 38 0 9
43 39 5 7
43 42 5 17
43 43 7 14
43 45 15 9
43 46 18 14
43 48 12 9
43 49 18 12
44 0 15 7
44 1 7 11
44 2 19 14
44 3 5 17
44 4 14 8
44 5 14 6
44 6 16 3
44 7 10 12
44 9 17 11
44 10 4 14
44 12 3 12
44 13 17 8
44 14 16 3
44 15 13 18
44 16 5 17
44 20 15 17
44 21 0 12
44 23 0 17
44 24 12 4
44 25 19 19
44 26 19 3
44 28 10 11
44 29 1 9
44 30 14 4
44 33 4 3
44 34 15 7
44 35 3 0
44 36 12 12
44 38 20 17
44 40 1 18
44 41 10 12
44 44 15 7
44 45 18 5
44 46 9 5
44 48 20 12
44 49 3 8
45 0 13 10
45 1 1 10
45 2 1 16
45 3 12 17
45 4 3 19
45 5 12 9
45 6 0 15
45 7 15 20
45 8 14 0
45 9 0 19
45 10 11 1
45 11 7 9
45 12 20 16
45 13 14 17
45 15 16 11
45 16 2 9
45 17 17 5
45 18 15 11
45 19 5 6
45 20 4 11
45 21 7 3
45 22 6 7
45 24 14 9
45 25 7 16
45 26 6 0
45 27 12 14
45 28 10 6
45 29 4 10
45 30 20 7
45 31 14 10
45 32 8 1
45 36 12 8
45 37 17 4
45 38 0 13
45 40 7 17
45 41 11 4
45 42 4 1
45 43 7 3
45 44 11 7
45 45 7 19
45 46 19 12
45 47 15 6
45 49 17 8
46 0 4 3
46 4 11 9
46 7 4 11
46 8 4 2
46 9 7 2
46 10 3 19
46 11 6 10
46 12 15 20
46 13 20 15
46 14 9 17
46 15 13 3
46 16 4 5
46 18 1 3
46 19 4 0
46 20 3 13
46 21 9 11
46 24 17 4
46 25 1 1
46 26 17 9
46 27 1 8
46 28 14 8
46 29 6 7
46 30 19 13
46 31 6 6
46 32 9 6
46 33 18 13
46 34 5 8
46 36 5 0
46 37 12 14
46 38 12 14
46 40 2 14
46 41 8 2
46 42 7 12
46 43 14 20
46 44 6 16
46 45 4 17
46 46 1 17
46 47 14 7
46 48 5 9
46 49 19 0
47 0 12 5
47 1 8 6
47 2 6 16
47 4 9 12
47 5 19 2
47 6 2 20
47 7 15 1
47 8 15 9
47 9 2 11
47 10 6 14
47 11 5 8
47 12 4 6
47 14 3 12
47 15 17 10
47 16 9 2
47 17 6 13
47 19 15 15
47 20 13 16
47 21 10 0
47 22 5 6
47 23 20 0
47 24 14 0
47 25 12 8
47 26 8 0
47 28 13 15
47 29 8 0
47 30 10 8
47 31 6 4
47 33 10 20
47 34 14 2
47 35 20 10
47 36 4 3
47 38 5 5
47 39 5 5
47 40 15 6
47 41 19 7
47 42 20 16
47 43 8 14
47 44 16 3
47 45 11 9
47 46 14 16
47 48 3 6
47 49 9 2
48 0 4 19
48 1 6 2
48 2 20 18
48 3 13 5
48 5 7 19
48 6 2 1
48 8 1 9
48 9 10 8
48 11 5 19
48 12 11 19
48 15 1 2
48 16 2 0
48 17 9 8
48 19 19 8
48 20 7 8
48 21 18 18
48 22 12 8
48 23 1 3
48 26 2 19
48 27 12 17
48 28 14 19
48 29 1 7
48 30 14 4
48 31 4 18
48 32 5 6
48 33 2 20
48 34 14 2
48 35 4 3
48 36 1 14
48 37 14 7
48 38 4 15
48 39 0 8
48 40 15 12
48 42 17 11
48 43 12 4
48 44 17 5
48 45 3 10
48 46 2 18
48 47 13 7
48 48 6 7
49 0 6 3
49 1 19 4
49 2 11 13
49 3 12 0
49 4 1 10
49 5 3 1
49 6 9 2
49 9 15 15
49 10 0 4
49 12 10 7
49 13 5 1
49 15 9 19
49 17 2 16
49 19 1 2
49 21 8 19
49 22 14 1
49 23 15 6
49 25 18 10
49 26 14 11
49 27 1 18
49 28 8 3
49 29 13 13
49 30 13 18
49 32 7 0
49 33 13 7
49 34 17 4
49 35 19 15
49 36 12 18
49 37 13 18
49 38 7 7
49 39 8 14
49 41 1 13
49 42 20 11
49 43 0 0
49 44 14 14
49 46 17 15
49 47 11 11
