50
2
0 0 14 7
0 1 3 5
0 2 3 18
0 3 0 15
0 5 5 7
0 6 9 5
0 8 2 3
0 9 0 8
0 10 18 8
0 11 18 19
0 15 13 12
0 16 4 4
0 17 6 0
0 18 11 20
0 20 3 8
0 21 2 16
0 22 5 17
0 23 14 0
0 24 8 15
0 25 14 16
0 27 0 17
0 29 16 7
0 31 5 17
0 32 3 18
0 33 7 16
0 34 5 18
0 35 3 11
0 37 6 12
0 38 20 10
0 39 16 1
0 41 18 13
0 45 11 4
0 46 20 1
0 47 5 6
0 48 4 16
0 49 13 11
1 0 20 4
1 1 10 4
1 2 9 18
1 4 4 14
1 6 8 9
1 7 10 17
1 8 6 9
1 9 5 2
1 11 14 2
1 12 9 3
1 13 19 2
1 15 16 15
1 16 20 1
1 17 5 2
1 18 3 9
1 19 19 13
1 20 13 13
1 21 15 7
1 25 6 12
1 26 17 14
1 28 1 19
1 29 9 14
1 30 13 10
1 31 12 4
1 32 15 4
1 33 5 18
1 34 17 6
1 35 18 16
1 36 16 13
1 37 17 10
1 38 16 16
1 39 20 14
1 40 18 8
1 42 17 19
1 44 2 0
1 46 18 19
1 47 13 17
1 48 4 1
2 0 10 3
2 1 20 3
2 4 6 6
2 5 12 0
2 6 9 15
2 9 1 0
2 10 7 17
2 12 19 7
2 14 7 15
2 15 6 6
2 16 18 13
2 17 5 5
2 20 12 2
2 22 8 18
2 23 1 0
2 25 16 20
2 26 10 1
2 27 16 13
2 28 3 13
2 29 19 10
2 31 20 16
2 32 8 4
2 33 16 4
2 34 11 3
2 35 8 4
2 37 2 4
2 38 5 3
2 39 13 10
2 40 16 16
2 41 20 10
2 42 3 14
2 43 7 6
2 44 2 19
2 45 15 16
2 48 19 6
3 0 11 8
3 1 6 6
3 2 4 18
3 3 14 0
3 4 1 5
3 5 1 9
3 7 17 9
3 9 4 4
3 11 0 0
3 12 1 13
3 14 16 14
3 15 19 11
3 16 16 7
3 18 15 4
3 19 13 16
3 20 5 15
3 21 19 6
3 23 2 4
3 24 10 16
3 26 14 13
3 28 10 16
3 29 19 9
3 30 10 13
3 32 4 15
3 33 17 5
3 34 5 10
3 35 4 19
3 36 20 2
3 37 8 0
3 38 18 6
3 39 14 3
3 40 16 16
3 43 16 18
3 44 8 0
3 45 7 10
3 46 8 3
3 47 8 5
3 48 11 17
3 49 4 17
4 0 9 5
4 1 17 16
4 3 3 8
4 5 12 1
4 7 3 16
4 8 5 2
4 9 17 15
4 10 20 10
4 11 11 6
4 12 6 17
4 13 0 0
4 14 5 16
4 15 3 2
4 16 9 15
4 17 18 7
4 18 1 18
4 19 20 12
4 20 4 5
4 22 0 17
4 23 7 12
4 24 16 11
4 25 19 12
4 27 14 9
4 28 15 19
4 29 0 8
4 30 6 0
4 31 20 1
4 32 6 12
4 33 2 0
4 34 4 18
4 35 0 6
4 36 7 8
4 38 1 18
4 39 12 6
4 40 18 11
4 42 8 9
4 43 8 19
4 44 19 17
4 45 7 20
4 46 10 14
4 47 16 18
4 49 1 8
5 0 1 10
5 2 8 7
5 3 4 13
5 4 20 8
5 5 18 1
5 7 14 3
5 8 13 0
5 9 11 5
5 10 17 5
5 12 2 4
5 13 16 19
5 14 20 10
5 15 19 11
5 16 13 5
5 17 16 20
5 18 9 10
5 19 8 8
5 20 12 11
5 21 17 9
5 22 14 11
5 23 8 19
5 24 8 4
5 25 8 14
5 26 1 4
5 29 4 15
5 30 20 6
5 31 0 2
5 32 0 12
5 34 16 14
5 35 3 4
5 36 8 8
5 37 3 11
5 38 8 0
5 39 4 13
5 40 14 4
5 41 20 18
5 42 13 3
5 43 14 8
5 44 15 18
5 45 10 13
5 47 2 3
5 48 14 19
5 49 1 14
6 0 20 15
6 1 15 6
6 2 8 9
6 4 14 9
6 5 3 20
6 6 8 8
6 7 7 14
6 8 14 9
6 9 12 14
6 10 14 16
6 11 16 14
6 12 14 8
6 13 5 2
6 14 13 15
6 15 10 16
6 16 1 12
6 17 19 15
6 18 11 19
6 19 8 9
6 20 15 0
6 21 8 17
6 22 1 14
6 23 15 5
6 24 19 14
6 25 2 13
6 26 2 0
6 27 18 17
6 28 0 8
6 31 16 19
6 32 20 5
6 33 5 19
6 35 17 18
6 36 14 5
6 37 16 16
6 38 14 11
6 39 16 16
6 40 8 5
6 41 5 1
6 42 4 5
6 45 19 1
6 46 18 0
6 47 6 10
6 48 20 12
6 49 6 19
7 1 17 11
7 2 0 3
7 3 17 4
7 4 5 6
7 5 2 2
7 6 3 16
7 8 8 18
7 9 10 3
7 10 3 6
7 11 12 9
7 12 15 7
7 13 7 17
7 14 12 10
7 15 13 13
7 16 19 7
7 18 17 0
7 19 5 16
7 22 16 4
7 23 1 10
7 25 8 13
7 26 17 4
7 28 8 7
7 29 4 17
7 30 9 19
7 31 10 19
7 32 18 12
7 33 11 11
7 34 10 20
7 35 1 9
7 36 2 19
7 37 19 10
7 38 4 10
7 39 7 9
7 40 18 5
7 41 9 4
7 42 20 0
7 43 17 0
7 44 5 7
7 46 4 18
7 47 10 7
8 0 4 14
8 2 10 0
8 4 8 18
8 6 4 19
8 7 0 17
8 8 2 17
8 9 17 19
8 10 4 16
8 11 17 17
8 12 20 6
8 13 16 4
8 14 19 4
8 15 20 5
8 17 1 4
8 18 16 20
8 19 4 10
8 20 19 13
8 22 15 15
8 23 9 13
8 24 10 14
8 26 17 3
8 27 4 12
8 28 7 13
8 29 9 16
8 30 18 8
8 31 2 10
8 33 17 19
8 35 19 8
8 36 5 13
8 37 15 20
8 39 20 5
8 40 20 4
8 41 12 20
8 42 8 1
8 44 16 12
8 45 14 20
8 47 16 5
8 48 3 1
8 49 16 8
9 0 11 1
9 1 14 4
9 2 3 9
9 3 18 20
9 5 16 3
9 6 19 11
9 8 0 13
9 9 17 0
9 10 20 12
9 11 18 2
9 12 12 3
9 15 4 5
9 18 15 13
9 19 5 20
9 20 16 20
9 21 19 16
9 22 2 3
9 23 14 12
9 24 4 11
9 25 3 18
9 26 11 17
9 27 1 3
9 29 5 11
9 30 6 4
9 31 5 4
9 32 0 18
9 33 15 8
9 34 11 1
9 35 10 9
9 36 17 15
9 37 9 8
9 38 5 8
9 39 5 18
9 40 8 6
9 41 7 16
9 42 10 17
9 43 11 7
9 44 8 8
9 45 9 15
9 47 4 2
9 48 14 2
10 0 3 14
10 1 10 9
10 3 7 7
10 5 1 18
10 6 20 2
10 7 10 4
10 8 1 8
10 9 4 8
10 11 10 1
10 12 19 18
10 13 1 16
10 14 14 6
10 16 8 5
10 17 8 15
10 18 7 13
10 19 5 6
10 20 1 15
10 21 15 6
10 22 3 1
10 23 16 3
10 24 2 19
10 25 7 3
10 27 20 8
10 28 15 15
10 29 16 13
10 31 6 2
10 32 10 6
10 33 4 18
10 34 15 19
10 36 12 19
10 38 0 13
10 40 17 6
10 41 0 6
10 42 11 5
10 43 4 7
10 44 10 2
10 45 9 16
10 46 1 18
10 48 4 0
10 49 10 0
11 0 17 3
11 1 16 13
11 2 20 3
11 3 17 2
11 5 14 6
11 6 18 16
11 7 17 17
11 8 2 0
11 9 1 1
11 11 16 12
11 12 10 11
11 13 2 0
11 15 1 19
11 16 9 13
11 17 9 15
11 18 19 16
11 19 13 9
11 21 14 5
11 22 8 2
11 23 19 20
11 24 12 1
11 25 19 17
11 26 17 2
11 27 19 10
11 28 17 4
11 30 0 3
11 32 3 18
11 34 12 11
11 35 1 17
11 36 10 13
11 38 19 20
11 39 14 7
11 40 1 14
11 41 11 3
11 42 17 19
11 43 3 3
11 44 8 13
11 45 17 19
11 46 6 2
11 47 15 7
11 48 14 4
12 1 20 10
12 2 10 1
12 3 18 7
12 4 0 0
12 5 14 19
12 6 16 1
12 7 1 4
12 9 2 0
12 10 19 8
12 11 4 7
12 12 15 11
12 13 6 2
12 15 18 20
12 17 5 15
12 18 19 13
12 19 4 3
12 20 2 8
12 21 7 13
12 22 16 16
12 25 16 20
12 27 8 14
12 28 15 16
12 29 10 4
12 33 13 14
12 34 11 7
12 35 18 14
12 36 17 17
12 37 2 15
12 38 3 5
12 39 14 8
12 40 2 7
12 43 10 11
12 44 7 1
12 46 11 10
12 47 14 12
12 48 11 20
12 49 7 20
13 0 9 15
13 1 2 3
13 3 17 15
13 4 0 11
13 5 9 18
13 6 10 16
13 7 13 0
13 8 16 20
13 9 5 5
13 11 5 10
13 12 1 7
13 13 1 18
13 14 0 4
13 15 4 14
13 17 17 2
13 18 4 13
13 21 6 0
13 22 7 0
13 24 15 13
13 25 14 6
13 26 18 9
13 28 9 14
13 29 1 9
13 30 1 5
13 31 3 3
13 32 18 2
13 34 14 16
13 36 17 9
13 38 4 3
13 39 19 14
13 40 1 20
13 41 18 15
13 42 18 14
13 43 17 5
13 44 12 19
13 45 4 4
13 47 1 12
13 48 13 17
13 49 1 15
14 0 2 14
14 1 11 10
14 2 12 19
14 3 8 20
14 5 11 0
14 6 20 16
14 7 20 16
14 9 20 13
14 11 20 10
14 12 13 13
14 13 20 7
14 14 2 8
14 15 13 10
14 16 13 0
14 17 20 12
14 19 16 11
14 20 9 2
14 22 7 5
14 23 1 0
14 24 15 6
14 25 4 2
14 26 19 18
14 27 18 12
14 28 4 1
14 30 17 1
14 31 9 14
14 32 12 20
14 33 4 10
14 34 13 2
14 35 15 15
14 36 10 8
14 37 15 15
14 38 15 4
14 39 14 10
14 40 20 9
14 42 12 6
14 43 16 17
14 45 19 18
14 46 3 16
14 47 14 15
14 48 16 15
14 49 17 17
15 0 17 12
15 1 8 0
15 2 20 7
15 3 13 12
15 4 10 20
15 5 19 7
15 6 17 7
15 8 16 11
15 9 12 20
15 10 18 13
15 11 12 8
15 13 20 10
15 14 6 3
15 15 11 2
15 17 14 17
15 18 11 19
15 19 2 18
15 20 17 8
15 21 8 12
15 22 3 2
15 23 9 15
15 24 11 20
15 25 10 1
15 26 11 15
15 27 3 4
15 29 14 8
15 30 15 3
15 31 5 12
15 32 3 3
15 35 1 6
15 36 2 2
15 37 15 5
15 38 19 8
15 39 15 11
15 40 13 0
15 41 20 20
15 42 19 0
15 43 18 18
15 44 5 6
15 45 13 19
15 46 6 14
15 47 17 10
15 48 1 13
16 0 13 9
16 1 20 20
16 2 17 12
16 3 6 9
16 4 4 18
16 5 19 18
16 6 13 2
16 8 19 13
16 10 1 4
16 11 5 5
16 12 18 1
16 14 17 9
16 15 9 10
16 16 20 1
16 17 0 2
16 18 10 15
16 19 9 15
16 20 4 12
16 21 12 6
16 22 20 7
16 23 19 10
16 24 13 1
16 25 12 1
16 28 0 12
16 29 3 3
16 30 2 7
16 31 8 5
16 33 15 12
16 34 3 7
16 35 0 18
16 36 14 5
16 37 14 7
16 38 9 8
16 41 7 4
16 42 16 11
16 44 13 20
16 45 1 6
16 46 6 8
16 47 2 2
16 48 12 19
16 49 8 6
17 0 15 4
17 2 3 14
17 3 18 17
17 4 15 10
17 5 20 20
17 6 10 0
17 7 14 12
17 8 8 3
17 9 0 15
17 11 18 7
17 12 8 17
17 13 18 10
17 14 17 4
17 16 13 6
17 17 19 12
17 18 12 19
17 19 13 10
17 20 6 13
17 21 12 14
17 22 13 1
17 24 13 2
17 25 19 2
17 28 8 12
17 29 2 12
17 30 10 14
17 31 4 6
17 32 18 12
17 35 2 12
17 36 12 1
17 39 9 15
17 40 14 13
17 42 5 1
17 43 10 12
17 45 15 8
17 46 15 15
17 47 19 5
17 48 20 2
17 49 7 9
18 1 12 14
18 3 7 20
18 4 13 1
18 5 3 17
18 7 1 2
18 8 19 1
18 9 10 19
18 11 5 1
18 12 12 20
18 13 6 13
18 14 7 5
18 18 11 7
18 20 0 13
18 23 10 4
18 24 4 3
18 26 18 9
18 27 3 7
18 28 13 12
18 29 15 2
18 30 18 11
18 33 4 1
18 34 7 9
18 35 11 8
18 36 4 16
18 37 5 10
18 38 6 15
18 39 8 10
18 40 7 6
18 41 9 0
18 42 0 1
18 43 15 4
18 44 15 15
18 46 13 16
18 47 2 2
18 48 19 9
18 49 5 8
19 1 1 13
19 2 4 19
19 3 14 0
19 4 1 20
19 5 19 4
19 6 19 15
19 7 11 14
19 8 10 20
19 10 19 19
19 11 1 7
19 12 13 15
19 14 13 4
19 15 19 13
19 16 11 0
19 17 9 16
19 18 11 18
19 19 0 10
19 21 11 2
19 22 13 20
19 24 0 18
19 25 19 5
19 26 11 5
19 27 18 16
19 28 2 5
19 29 4 5
19 30 5 7
19 31 13 6
19 32 9 4
19 33 7 11
19 34 16 18
19 35 7 12
19 37 19 20
19 38 4 2
19 39 12 14
19 40 19 11
19 41 17 15
19 42 15 15
19 44 6 14
19 45 20 10
19 46 5 1
19 48 14 5
19 49 11 11
20 1 10 16
20 2 3 15
20 3 1 20
20 4 0 15
20 5 3 10
20 6 10 6
20 7 16 11
20 8 2 3
20 10 1 19
20 12 11 15
20 14 3 4
20 15 19 16
20 17 3 18
20 18 16 16
20 19 0 11
20 20 10 13
20 21 14 4
20 22 0 16
20 23 4 7
20 24 1 6
20 25 6 4
20 26 3 9
20 30 10 2
20 31 3 8
20 32 19 19
20 33 5 4
20 34 8 15
20 35 14 20
20 36 5 19
20 37 19 10
20 38 3 9
20 39 5 4
20 40 8 0
20 42 13 13
20 43 5 3
20 44 11 3
20 45 6 11
20 46 12 9
20 47 15 13
21 0 14 7
21 1 16 13
21 3 6 12
21 4 16 20
21 5 9 16
21 6 16 16
21 7 11 11
21 8 3 13
21 9 14 5
21 10 12 0
21 12 1 9
21 15 12 4
21 17 1 11
21 18 13 13
21 19 12 20
21 20 13 14
21 22 5 13
21 23 19 18
21 25 7 15
21 26 18 15
21 27 11 8
21 28 15 19
21 29 1 2
21 30 6 16
21 31 16 10
21 32 6 2
21 33 20 12
21 34 19 18
21 35 18 16
21 36 0 8
21 38 7 2
21 40 0 3
21 41 0 8
21 42 6 4
21 43 19 17
21 44 10 7
21 45 19 0
21 46 7 1
21 48 18 6
22 0 13 14
22 1 1 7
22 2 12 10
22 3 17 10
22 5 5 2
22 6 11 6
22 7 6 20
22 9 9 17
22 11 19 18
22 14 2 0
22 15 19 9
22 16 10 4
22 17 19 17
22 18 17 7
22 19 18 16
22 20 1 7
22 21 10 7
22 22 18 14
22 23 8 12
22 25 1 18
22 26 0 7
22 27 16 15
22 28 17 0
22 29 3 15
22 30 12 16
22 31 12 10
22 32 18 11
22 33 8 1
22 34 3 20
22 35 8 19
22 36 10 20
22 37 7 7
22 39 19 6
22 40 6 20
22 41 3 16
22 42 17 1
22 43 12 10
22 44 18 7
22 45 18 5
22 46 10 1
22 48 2 2
22 49 6 17
23 0 14 10
23 2 11 3
23 3 20 19
23 4 2 3
23 6 7 9
23 7 5 13
23 8 16 19
23 9 1 2
23 12 14 0
23 13 18 20
23 14 13 8
23 17 5 0
23 18 9 11
23 19 2 9
23 20 3 16
23 21 12 6
23 25 13 16
23 26 12 8
23 27 18 13
23 28 0 18
23 29 7 7
23 30 17 18
23 31 18 7
23 32 15 15
23 33 15 0
23 35 20 6
23 36 10 8
23 37 18 20
23 38 8 19
23 39 8 10
23 40 4 6
23 41 11 16
23 42 1 4
23 44 17 2
23 45 18 20
23 46 11 8
23 47 0 15
23 48 7 18
24 0 4 15
24 2 13 7
24 5 3 5
24 6 5 0
24 7 0 16
24 8 2 18
24 9 18 17
24 11 4 17
24 12 5 18
24 14 13 7
24 15 19 14
24 17 12 17
24 18 20 9
24 19 13 14
24 21 18 3
24 22 1 14
24 23 6 16
24 24 16 2
24 25 14 7
24 26 19 17
24 28 5 18
24 29 19 11
24 30 0 20
24 31 16 7
24 32 1 17
24 33 20 13
24 34 17 13
24 35 5 10
24 36 10 13
24 38 7 0
24 39 5 12
24 40 14 12
24 41 13 3
24 42 19 9
24 43 8 19
24 47 0 9
24 48 15 11
24 49 12 19
25 0 9 15
25 1 19 2
25 2 2 13
25 5 7 11
25 6 10 2
25 7 10 14
25 9 10 6
25 10 18 20
25 11 6 13
25 12 0 19
25 13 8 5
25 16 6 3
25 18 17 9
25 19 4 6
25 20 16 19
25 21 10 10
25 22 7 13
25 23 2 4
25 25 14 18
25 26 15 4
25 28 7 18
25 29 1 1
25 30 18 3
25 31 14 16
25 32 17 20
25 34 0 3
25 35 16 19
25 36 16 16
25 38 16 5
25 39 1 0
25 41 20 20
25 42 16 4
25 44 7 14
25 45 14 4
25 46 16 14
25 47 0 12
26 1 7 19
26 2 12 14
26 3 2 19
26 4 0 6
26 5 14 19
26 6 11 14
26 7 13 4
26 8 9 20
26 9 11 5
26 10 16 17
26 11 19 8
26 12 6 14
26 13 4 11
26 14 16 19
26 15 8 13
26 16 19 2
26 17 5 17
26 18 2 20
26 19 10 8
26 21 11 9
26 22 7 15
26 23 3 11
26 24 14 19
26 26 19 19
26 27 6 6
26 28 5 13
26 29 4 9
26 30 13 1
26 31 16 19
26 32 7 12
26 33 14 16
26 34 5 19
26 36 8 1
26 37 0 20
26 38 1 0
26 39 0 5
26 40 7 6
26 42 4 1
26 43 18 1
26 44 9 1
26 45 12 0
26 46 14 6
26 47 5 13
26 49 15 8
27 0 9 2
27 1 3 9
27 2 8 3
27 3 0 8
27 4 12 9
27 5 15 6
27 6 4 5
27 8 6 3
27 10 5 3
27 11 12 20
27 14 19 6
27 15 14 20
27 16 4 2
27 17 7 18
27 18 13 2
27 20 1 12
27 23 9 1
27 24 13 17
27 25 8 17
27 26 20 5
27 29 4 12
27 30 16 3
27 31 5 19
27 32 15 13
27 33 8 1
27 34 17 5
27 35 4 18
27 36 18 17
27 37 12 8
27 39 5 5
27 40 18 15
27 41 20 3
27 42 9 6
27 44 6 18
27 46 4 4
28 0 17 18
28 2 6 19
28 3 2 12
28 4 8 15
28 5 4 0
28 6 11 2
28 7 3 9
28 9 3 12
28 10 11 12
28 11 1 16
28 12 20 7
28 13 13 8
28 14 8 8
28 15 6 8
28 16 10 12
28 17 4 7
28 18 5 7
28 19 9 15
28 20 13 16
28 22 3 7
28 23 13 1
28 24 0 15
28 25 6 7
28 27 20 13
28 29 12 15
28 30 16 2
28 31 15 15
28 32 15 8
28 33 20 14
28 34 17 3
28 35 1 1
28 36 6 1
28 38 13 20
28 39 0 4
28 41 7 19
28 43 10 11
28 45 5 10
28 46 12 11
28 47 14 0
28 49 0 13
29 0 16 9
29 2 4 7
29 3 11 13
29 4 18 18
29 5 13 6
29 6 5 19
29 7 13 9
29 8 9 2
29 9 0 2
29 10 18 20
29 11 13 18
29 12 3 10
29 13 20 6
29 14 17 0
29 15 11 3
29 16 15 17
29 18 7 8
29 19 7 14
29 20 17 10
29 21 6 2
29 22 20 9
29 24 19 19
29 26 14 7
29 27 11 17
29 28 2 3
29 29 20 11
29 30 17 13
29 31 8 9
29 32 16 15
29 33 16 6
29 34 3 12
29 35 4 4
29 37 14 12
29 38 19 16
29 39 4 8
29 40 18 10
29 41 5 13
29 42 9 20
29 43 16 20
29 44 1 18
29 46 2 0
29 47 4 4
29 48 17 12
29 49 12 5
30 0 16 11
30 1 9 20
30 3 12 11
30 4 18 11
30 5 14 14
30 6 16 17
30 7 9 3
30 8 0 3
30 9 8 17
30 10 7 19
30 12 4 17
30 13 15 6
30 14 1 14
30 15 13 17
30 18 2 0
30 19 10 20
30 20 6 10
30 21 7 12
30 23 10 19
30 25 19 12
30 27 12 3
30 28 12 0
30 29 14 2
30 30 1 19
30 31 15 8
30 32 0 7
30 33 0 8
30 34 8 17
30 36 11 14
30 38 9 17
30 40 0 14
30 41 4 20
30 42 9 1
30 44 2 14
30 45 1 14
30 46 17 12
30 47 6 14
30 48 12 17
30 49 16 18
31 1 15 8
31 2 12 13
31 5 17 7
31 7 8 17
31 8 10 7
31 10 2 17
31 11 17 20
31 12 5 12
31 16 18 14
31 17 18 10
31 18 8 10
31 21 3 7
31 23 4 1
31 24 15 9
31 25 17 2
31 26 3 12
31 27 11 7
31 28 13 18
31 30 1 5
31 31 7 14
31 32 18 16
31 33 20 16
31 34 5 16
31 35 15 0
31 36 17 0
31 38 20 4
31 40 5 16
31 42 16 16
31 45 0 15
31 46 1 4
31 49 14 9
32 0 0 0
32 1 12 7
32 2 5 0
32 3 10 5
32 4 13 0
32 5 20 6
32 8 5 7
32 9 17 6
32 10 15 10
32 11 7 1
32 12 8 16
32 13 16 3
32 14 17 16
32 17 17 9
32 19 8 17
32 20 13 13
32 22 7 5
32 23 20 8
32 24 10 3
32 25 3 2
32 26 10 12
32 27 3 4
32 28 15 19
32 29 6 1
32 30 17 17
32 31 1 5
32 32 17 2
32 34 9 7
32 35 12 20
32 36 10 1
32 37 12 9
32 39 15 3
32 40 2 18
32 41 19 15
32 42 5 12
32 43 19 16
32 46 9 0
32 47 8 10
32 48 8 10
32 49 18 4
33 0 5 19
33 1 6 17
33 2 8 14
33 3 20 16
33 4 7 9
33 5 1 8
33 7 0 15
33 8 7 14
33 9 13 2
33 10 10 4
33 11 6 20
33 12 13 18
33 13 2 9
33 17 11 12
33 18 12 3
33 19 8 7
33 20 14 15
33 21 0 10
33 22 14 0
33 23 4 5
33 24 2 10
33 25 14 18
33 26 3 15
33 27 10 11
33 28 19 3
33 29 3 8
33 30 14 9
33 31 6 19
33 32 6 14
33 33 2 3
33 34 0 4
33 35 9 9
33 36 17 14
33 38 20 4
33 40 5 0
33 41 8 3
33 42 16 5
33 43 16 17
33 44 7 10
33 45 18 16
33 46 3 3
33 48 15 7
33 49 5 19
34 1 1 18
34 2 5 15
34 3 11 14
34 4 10 19
34 7 13 11
34 8 13 14
34 9 5 14
34 10 4 1
34 11 15 20
34 13 4 13
34 14 7 0
34 15 18 8
34 16 13 5
34 18 12 8
34 19 6 12
34 20 1 1
34 21 18 4
34 23 10 19
34 25 13 13
34 28 17 3
34 30 0 14
34 31 0 5
34 32 7 20
34 33 13 4
34 34 5 10
34 36 11 16
34 37 15 12
34 40 1 17
34 43 0 8
34 44 2 2
34 47 9 14
34 48 7 10
34 49 17 8
35 0 20 14
35 1 8 14
35 3 6 3
35 4 19 10
35 5 10 7
35 6 16 3
35 7 4 10
35 9 7 3
35 10 5 8
35 11 10 13
35 12 18 1
35 13 12 12
35 14 4 10
35 16 12 14
35 17 16 13
35 18 11 14
35 19 7 20
35 20 0 6
35 21 9 13
35 22 19 10
35 23 9 9
35 25 1 10
35 26 14 10
35 27 5 12
35 28 18 2
35 29 14 18
35 30 11 19
35 31 20 11
35 32 0 11
35 34 16 9
35 35 16 2
35 36 12 14
35 37 10 13
35 39 8 17
35 40 13 16
35 42 15 1
35 43 11 10
35 44 10 10
35 45 6 16
35 47 6 6
35 48 18 4
36 1 9 8
36 4 18 15
36 5 0 4
36 6 9 4
36 7 0 16
36 8 1 1
36 9 0 7
36 10 8 11
36 12 1 19
36 13 10 20
36 14 18 6
36 15 5 17
36 16 1 0
36 17 11 18
36 18 3 16
36 19 9 12
36 20 11 12
36 22 1 15
36 23 7 2
36 24 20 9
36 25 19 15
36 26 3 17
36 27 7 0
36 28 6 1
36 29 13 7
36 30 14 3
36 31 10 6
36 32 13 20
36 33 13 17
36 34 17 16
36 35 5 1
36 36 16 10
36 37 1 6
36 38 11 11
36 39 20 19
36 40 6 4
36 41 6 4
36 42 7 1
36 43 11 20
36 45 1 12
36 47 3 12
36 48 6 8
36 49 16 17
37 0 19 5
37 1 13 12
37 2 16 12
37 3 8 9
37 4 5 15
37 5 0 2
37 6 20 3
37 7 8 11
37 8 20 0
37 9 17 5
37 10 4 10
37 11 7 4
37 12 13 3
37 13 1 7
37 14 9 2
37 15 12 10
37 16 0 10
37 17 1 4
37 19 16 8
37 20 20 10
37 21 5 14
37 22 17 12
37 23 3 11
37 24 17 20
37 25 12 20
37 26 14 1
37 27 7 12
37 28 18 13
37 29 7 6
37 31 6 12
37 33 15 6
37 34 1 6
37 37 4 1
37 38 16 6
37 39 6 7
37 40 16 5
37 41 19 9
37 42 6 5
37 43 11 9
37 44 17 2
37 45 15 20
37 46 3 10
37 47 18 17
37 49 14 19
38 0 10 3
38 1 16 11
38 2 5 13
38 4 0 12
38 5 3 4
38 7 10 20
38 8 0 5
38 9 1 3
38 10 13 14
38 11 12 3
38 13 19 14
38 15 17 15
38 16 18 13
38 17 8 19
38 18 20 4
38 19 13 14
38 20 20 12
38 21 12 3
38 22 5 14
38 23 14 3
38 25 0 12
38 26 18 16
38 27 5 20
38 28 17 16
38 29 7 7
38 30 8 19
38 31 8 15
38 32 13 3
38 33 19 19
38 36 6 0
38 37 4 11
38 38 14 14
38 39 1 4
38 40 16 0
38 41 15 15
38 42 11 16
38 43 12 16
38 44 12 16
38 45 7 0
38 46 6 19
38 47 0 7
38 49 5 15
39 0 20 18
39 2 0 14
39 3 19 19
39 4 20 19
39 5 15 15
39 6 17 12
39 7 1 19
39 8 19 17
39 9 7 12
39 10 9 14
39 11 17 3
39 12 12 17
39 13 1 17
39 14 13 2
39 15 15 13
39 16 0 13
39 17 15 3
39 18 10 17
39 19 15 3
39 20 14 10
39 21 9 0
39 22 18 19
39 24 16 7
39 25 0 0
39 27 14 4
39 28 14 15
39 29 13 5
39 30 15 14
39 31 3 1
39 32 13 2
39 33 19 9
39 34 7 4
39 35 1 10
39 36 6 3
39 37 20 11
39 38 7 2
39 39 1 6
39 40 13 2
39 41 2 10
39 42 7 19
39 43 9 11
39 44 8 5
39 46 14 17
39 47 4 6
39 49 17 14
40 1 7 18
40 3 4 11
40 4 12 18
40 5 13 19
40 6 18 1
40 7 19 9
40 8 12 9
40 9 8 6
40 10 12 6
40 11 8 5
40 12 12 2
40 13 2 19
40 14 3 9
40 15 15 2
40 17 9 8
40 18 1 7
40 20 17 14
40 21 3 1
40 22 11 20
40 25 0 20
40 27 11 11
40 29 2 9
40 31 3 11
40 32 12 20
40 33 10 15
40 34 17 11
40 35 14 19
40 36 14 19
40 38 9 19
40 39 19 19
40 42 12 15
40 44 1 19
40 45 2 18
40 46 7 18
40 47 5 5
40 48 3 1
40 49 8 11
41 0 12 6
41 1 0 10
41 2 11 15
41 3 11 7
41 4 18 13
41 5 16 0
41 6 8 17
41 7 17 18
41 8 16 11
41 10 13 10
41 11 13 12
41 12 13 4
41 13 5 10
41 14 20 0
41 17 19 13
41 18 6 10
41 20 14 3
41 21 20 1
41 22 20 2
41 24 18 8
41 25 8 18
41 28 0 0
41 29 0 14
41 30 17 17
41 32 14 14
41 33 3 12
41 34 0 2
41 35 13 5
41 36 11 16
41 37 3 6
41 40 6 5
41 41 9 5
41 42 14 11
41 43 16 15
41 44 16 7
41 45 19 19
41 46 0 13
41 47 3 17
41 48 8 8
41 49 15 19
42 0 20 4
42 1 0 4
42 3 7 6
42 4 12 7
42 5 13 8
42 6 6 9
42 7 10 4
42 8 18 19
42 9 15 4
42 11 11 0
42 12 1 19
42 14 12 11
42 15 9 5
42 16 19 16
42 19 18 13
42 20 0 8
42 21 10 4
42 22 11 19
42 23 1 3
42 26 1 1
42 28 0 5
42 29 19 4
42 30 11 14
42 31 11 18
42 33 20 3
42 34 13 0
42 35 9 14
42 38 11 5
42 39 16 17
42 40 13 12
42 42 19 9
42 43 6 18
42 44 20 3
42 45 9 5
42 46 14 11
42 47 20 7
42 48 13 14
43 0 14 15
43 1 15 9
43 4 5 11
43 5 14 16
43 6 16 14
43 7 2 11
43 8 19 1
43 9 1 17
43 10 1 2
43 11 14 3
43 12 20 10
43 14 3 18
43 15 11 16
43 16 14 18
43 17 3 4
43 19 9 12
43 20 2 7
43 21 19 3
43 23 20 4
43 24 20 8
43 25 4 14
43 26 0 1
43 27 19 6
43 28 9 13
43 30 15 2
43 31 18 11
43 32 3 4
43 33 1 20
43 34 19 2
43 35 5 6
43 37 2 3
43 38 1 16
43 39 7 0
43 40 3 7
43 41 4 13
43 42 0 16
43 43 14 0
43 46 4 5
43 47 13 2
43 49 13 11
44 0 20 6
44 1 19 2
44 3 6 3
44 4 15 16
44 5 1 9
44 6 4 15
44 7 11 2
44 8 7 18
44 9 3 16
44 10 10 0
44 11 13 19
44 12 3 1
44 14 20 11
44 15 2 9
44 16 1 18
44 17 11 13
44 18 10 20
44 19 6 0
44 20 2 16
44 21 18 4
44 22 16 9
44 23 0 2
44 26 18 2
44 27 2 6
44 28 16 12
44 29 15 3
44 30 7 11
44 31 4 11
44 32 9 6
44 33 17 2
44 34 12 13
44 35 1 9
44 36 20 4
44 37 15 18
44 38 6 18
44 39 14 15
44 40 15 5
44 41 14 2
44 42 5 6
44 43 0 19
44 45 0 0
44 46 12 11
44 47 3 14
44 48 18 10
44 49 6 4
45 0 18 20
45 1 12 18
45 4 19 4
45 5 4 15
45 8 16 17
45 9 16 6
45 10 7 2
45 11 16 18
45 12 12 14
45 14 4 17
45 15 19 2
45 16 16 5
45 17 0 15
45 18 17 15
45 19 17 18
45 20 1 17
45 21 20 20
45 22 20 14
45 24 10 5
45 26 1 14
45 27 4 13
45 29 6 20
45 32 16 4
45 33 9 19
45 34 11 13
45 36 17 12
45 37 9 15
45 39 12 15
45 40 6 9
45 41 18 13
45 42 20 6
45 44 17 9
45 45 18 11
45 47 2 14
45 49 20 15
46 0 15 0
46 1 6 0
46 2 11 11
46 3 18 6
46 4 15 20
46 5 18 3
46 6 20 20
46 7 15 4
46 8 0 12
46 9 8 13
46 11 16 18
46 12 4 4
46 14 20 0
46 16 16 16
46 17 16 4
46 19 5 4
46 20 19 12
46 21 6 18
46 22 17 18
46 23 4 0
46 24 9 15
46 25 5 0
46 26 10 16
46 27 15 11
46 28 16 0
46 30 17 1
46 31 16 0
46 32 15 10
46 34 1 10
46 35 7 14
46 36 5 10
46 37 17 12
46 38 9 9
46 40 5 6
46 41 9 5
46 42 0 19
46 43 10 8
46 44 0 7
46 48 10 7
46 49 1 17
47 0 1 17
47 1 8 17
47 2 8 6
47 3 3 5
47 4 2 15
47 5 15 12
47 6 18 9
47 7 3 5
47 8 10 8
47 10 9 7
47 11 4 18
47 12 1 17
47 14 16 3
47 15 18 13
47 16 3 13
47 17 18 3
47 18 1 17
47 19 20 13
47 20 20 17
47 21 20 18
47 22 18 1
47 24 10 14
47 25 3 17
47 26 2 11
47 27 3 19
47 28 7 1
47 29 20 7
47 30 3 10
47 31 6 7
47 33 10 7
47 34 4 15
47 36 3 17
47 37 18 3
47 38 19 10
47 39 14 12
47 40 15 17
47 41 10 13
47 44 6 3
47 45 16 20
47 46 7 17
47 47 5 0
47 48 10 0
48 0 7 20
48 1 14 3
48 2 15 2
48 3 7 10
48 4 3 14
48 5 7 4
48 6 10 7
48 7 5 13
48 8 3 4
48 9 2 12
48 10 13 8
48 11 6 20
48 12 0 16
48 14 5 6
48 16 15 5
48 17 18 5
48 18 13 6
48 19 9 20
48 20 7 16
48 21 6 2
48 22 16 20
48 23 8 16
48 25 2 19
48 26 4 18
48 27 2 16
48 28 7 14
48 30 20 13
48 31 14 17
48 32 9 9
48 33 17 15
48 34 17 12
48 35 0 4
48 37 8 14
48 38 14 8
48 39 13 16
48 40 14 18
48 41 5 9
48 42 6 3
48 43 6 17
48 44 13 1
48 45 8 19
48 48 18 10
49 0 8 4
49 1 16 6
49 2 16 14
49 3 1 0
49 4 20 19
49 5 16 11
49 6 6 16
49 8 16 9
49 9 14 8
49 10 18 3
49 11 18 10
49 12 0 14
49 14 6 4
49 15 7 19
49 16 7 6
49 17 13 12
49 18 10 8
49 19 18 4
49 20 2 5
49 21 13 10
49 22 6 13
49 23 9 8
49 24 17 1
49 26 8 18
49 27 19 11
49 28 16 2
49 29 7 3
49 30 7 19
49 32 17 18
49 33 13 15
49 34 15 0
49 35 1 17
49 36 17 12
49 37 4 5
49 38 12 1
49 39 15 9
49 41 15 11
49 42 19 0
49 43 7 16
49 44 20 10
49 45 19 8
49 46 16 11
49 47 13 19
49 48 20 18
49 49 10 4
