50
2
0 0 15 0
0 2 17 3
0 3 7 7
0 4 15 11
0 5 15 15
0 6 0 19
0 7 16 3
0 8 3 8
0 10 4 19
0 11 12 12
0 13 16 9
0 14 17 4
0 15 20 14
0 16 19 3
0 18 11 5
0 20 6 7
0 21 4 18
0 22 20 20
0 23 15 3
0 24 18 12
0 26 14 14
0 27 18 1
0 28 3 9
0 29 3 14
0 30 3 1
0 31 3 16
0 32 12 6
0 33 3 13
0 34 13 15
0 36 18 14
0 37 1 18
0 38 8 7
0 39 3 6
0 40 15 7
0 41 9 9
0 42 4 11
0 43 3 2
0 44 9 4
0 45 3 18
0 46 20 18
0 47 15 1
0 48 20 15
1 0 6 14
1 1 3 5
1 2 11 8
1 3 14 5
1 4 12 4
1 7 10 19
1 8 3 6
1 9 8 16
1 10 5 6
1 11 15 5
1 12 15 17
1 13 5 15
1 14 18 13
1 15 4 20
1 16 15 14
1 17 11 19
1 18 19 11
1 19 16 8
1 20 18 3
1 21 9 12
1 22 3 19
1 23 8 19
1 24 14 19
1 26 20 2
1 27 19 14
1 28 9 8
1 29 9 6
1 30 0 17
1 31 3 11
1 32 18 7
1 33 2 19
1 36 0 4
1 38 13 17
1 40 15 5
1 41 18 20
1 42 17 10
1 43 0 3
1 44 6 8
1 45 14 20
1 46 4 4
1 47 18 11
1 48 4 0
1 49 0 0
2 1 1 17
2 4 15 8
2 5 20 1
2 6 4 3
2 7 19 5
2 8 15 6
2 10 11 8
2 11 3 5
2 13 8 9
2 14 1 11
2 17 14 14
2 18 10 0
2 19 0 4
2 20 5 9
2 21 4 5
2 23 19 17
2 24 11 17
2 25 1 0
2 26 2 1
2 28 15 4
2 30 8 12
2 32 19 10
2 33 3 15
2 35 20 7
2 36 20 17
2 38 20 4
2 39 2 17
2 41 12 18
2 42 6 15
2 43 15 8
2 45 7 16
2 46 5 4
2 47 9 7
2 49 15 0
3 0 20 12
3 1 10 8
3 2 20 18
3 3 16 8
3 4 3 18
3 5 8 12
3 6 19 18
3 7 12 18
3 8 17 3
3 9 18 4
3 12 17 11
3 13 0 20
3 14 5 11
3 15 10 0
3 16 9 12
3 17 20 17
3 18 2 1
3 20 19 5
3 21 0 17
3 22 10 17
3 23 15 17
3 24 16 12
3 25 18 11
3 26 4 19
3 27 19 14
3 28 1 5
3 29 8 18
3 30 18 6
3 31 13 7
3 32 9 7
3 33 0 4
3 34 4 16
3 35 3 13
3 36 8 15
3 37 12 19
3 39 20 8
3 42 6 9
3 43 15 16
3 44 5 17
3 46 10 5
3 47 20 4
3 48 3 10
3 49 13 11
4 1 0 14
4 2 2 16
4 3 13 20
4 4 1 13
4 7 18 13
4 8 12 3
4 10 12 17
4 11 6 10
4 12 9 14
4 13 16 13
4 14 6 9
4 15 18 17
4 16 9 13
4 17 6 15
4 18 12 15
4 19 10 10
4 20 13 7
4 21 7 16
4 22 15 14
4 23 1 5
4 24 4 17
4 25 0 5
4 26 14 7
4 28 18 3
4 29 4 7
4 30 5 19
4 31 0 19
4 34 3 11
4 36 13 13
4 37 14 9
4 38 2 3
4 39 11 15
4 40 19 19
4 41 2 10
4 43 14 8
4 44 1 8
4 45 1 10
4 48 20 17
4 49 4 7
5 1 11 18
5 4 19 6
5 5 13 18
5 6 10 10
5 8 8 7
5 10 14 8
5 11 3 15
5 12 6 6
5 13 13 19
5 14 0 1
5 15 14 1
5 16 18 1
5 17 9 19
5 18 15 1
5 19 12 9
5 21 4 17
5 22 18 2
5 23 2 18
5 24 5 0
5 25 10 18
5 27 13 20
5 29 5 16
5 30 7 13
5 31 15 9
5 32 4 5
5 33 14 4
5 34 3 6
5 35 15 17
5 38 6 18
5 39 13 14
5 40 8 3
5 42 11 19
5 44 19 15
5 47 9 17
5 48 19 5
5 49 1 14
6 0 3 15
6 2 9 16
6 3 11 15
6 4 3 18
6 5 20 20
6 6 9 2
6 7 9 14
6 8 13 0
6 9 11 12
6 11 17 4
6 12 1 4
6 14 15 17
6 15 15 7
6 16 2 8
6 18 20 14
6 19 4 6
6 20 7 0
6 21 7 8
6 22 2 6
6 23 5 8
6 24 8 9
6 25 5 11
6 26 8 14
6 28 15 1
6 31 11 19
6 33 3 19
6 34 0 1
6 35 15 8
6 36 19 9
6 37 4 11
6 38 12 13
6 39 10 13
6 40 19 12
6 41 1 18
6 43 6 0
6 44 15 11
6 45 3 9
6 46 11 17
6 47 1 16
6 48 10 0
6 49 7 10
7 0 11 6
7 1 0 15
7 2 17 15
7 4 3 9
7 5 16 7
7 6 8 1
7 9 0 7
7 10 2 15
7 11 12 17
7 13 20 3
7 14 5 4
7 16 15 2
7 17 13 17
7 18 19 16
7 19 11 7
7 20 17 4
7 21 0 9
7 22 18 14
7 24 14 19
7 25 4 1
7 26 17 4
7 27 1 13
7 28 0 0
7 29 14 9
7 30 3 2
7 31 4 12
7 32 9 11
7 33 17 7
7 34 16 18
7 35 10 18
7 36 9 7
7 38 7 17
7 39 17 20
7 40 6 11
7 41 1 15
7 42 15 4
7 43 8 13
7 44 6 7
7 45 15 2
7 49 5 2
8 0 15 0
8 2 16 18
8 4 10 5
8 5 19 15
8 6 14 11
8 7 5 15
8 9 13 10
8 11 18 20
8 12 16 2
8 13 18 11
8 14 12 0
8 15 1 2
8 16 5 6
8 17 15 19
8 19 19 13
8 20 9 5
8 21 2 11
8 22 16 1
8 24 8 0
8 25 9 16
8 26 13 5
8 27 13 16
8 28 5 5
8 29 1 4
8 30 12 8
8 32 1 6
8 33 14 16
8 34 8 7
8 36 14 9
8 37 17 18
8 38 19 12
8 39 17 18
8 40 3 7
8 41 8 5
8 43 14 1
8 46 4 5
8 47 1 9
8 49 9 6
9 0 9 10
9 1 3 10
9 3 18 12
9 4 11 6
9 5 20 0
9 6 12 3
9 7 13 0
9 8 9 4
9 9 16 13
9 10 20 17
9 11 13 17
9 12 1 1
9 13 4 2
9 14 10 20
9 16 13 4
9 17 9 7
9 18 6 20
9 20 17 7
9 21 5 18
9 22 16 7
9 23 12 6
9 24 19 5
9 25 10 3
9 26 13 11
9 29 12 11
9 30 6 3
9 31 20 10
9 33 5 18
9 34 11 4
9 35 15 12
9 36 5 15
9 38 20 12
9 39 5 4
9 40 17 14
9 41 12 19
9 42 15 17
9 43 7 13
9 44 6 18
9 45 0 11
9 48 12 4
9 49 6 11
10 0 5 0
10 1 13 1
10 2 9 8
10 3 20 3
10 5 11 2
10 6 18 17
10 7 6 15
10 8 2 20
10 9 1 13
10 10 15 9
10 11 5 20
10 12 0 3
10 13 9 14
10 14 10 7
10 15 18 3
10 16 2 13
10 17 14 9
10 19 4 8
10 20 1 19
10 23 11 5
10 24 10 0
10 25 2 19
10 26 4 14
10 27 16 9
10 28 9 9
10 29 5 8
10 30 17 9
10 31 19 7
10 32 3 7
10 33 13 1
10 34 0 20
10 35 7 16
10 36 10 11
10 37 14 0
10 38 3 11
10 39 6 4
10 40 5 0
10 41 8 16
10 42 12 12
10 43 12 6
10 44 4 9
10 46 0 13
10 48 19 12
10 49 3 4
11 0 8 19
11 1 13 5
11 2 4 7
11 3 5 18
11 4 11 0
11 5 17 11
11 7 14 16
11 8 10 2
11 10 14 3
11 11 7 19
11 12 7 20
11 14 14 10
11 15 1 20
11 16 6 11
11 17 5 12
11 19 6 17
11 21 18 14
11 22 5 13
11 23 7 20
11 24 1 10
11 25 20 7
11 26 19 19
11 27 14 0
11 28 18 1
11 29 14 19
11 30 17 6
11 31 6 19
11 32 17 3
11 34 3 11
11 35 9 14
11 37 16 10
11 38 8 3
11 40 17 3
11 41 5 5
11 42 16 5
11 43 14 19
11 45 13 11
11 47 15 1
11 48 8 19
11 49 8 2
12 0 2 0
12 1 9 0
12 2 6 4
12 3 14 19
12 4 8 13
12 5 4 14
12 6 3 9
12 7 1 18
12 8 6 14
12 9 4 1
12 10 20 0
12 11 2 19
12 12 0 10
12 13 4 19
12 14 18 14
12 17 4 10
12 19 15 14
12 20 16 4
12 21 4 10
12 22 16 9
12 23 8 17
12 24 14 17
12 25 16 0
12 26 15 1
12 27 6 9
12 28 20 7
12 29 8 0
12 30 11 13
12 31 4 4
12 33 16 7
12 34 15 12
12 35 12 19
12 36 12 17
12 37 19 20
12 39 19 2
12 40 17 19
12 41 8 5
12 42 10 1
12 43 13 16
12 45 19 17
12 46 8 8
12 47 4 6
12 48 15 13
12 49 10 11
13 0 2 20
13 1 19 16
13 2 12 18
13 4 16 4
13 6 8 19
13 7 6 7
13 8 20 2
13 9 9 12
13 10 17 3
13 12 18 15
13 13 4 19
13 14 12 8
13 15 6 3
13 16 11 10
13 17 0 5
13 18 7 10
13 19 8 1
13 20 6 17
13 23 20 6
13 24 9 1
13 25 16 9
13 26 9 2
13 27 0 0
13 29 19 11
13 30 14 20
13 31 8 19
13 33 0 18
13 36 2 17
13 38 12 17
13 40 20 8
13 41 13 5
13 42 1 14
13 44 6 10
13 45 13 14
13 47 6 16
13 48 13 5
14 0 19 2
14 1 6 15
14 2 4 20
14 3 16 15
14 5 13 14
14 7 13 13
14 8 5 20
14 9 14 18
14 10 13 13
14 11 12 12
14 12 14 0
14 13 2 18
14 14 17 0
14 15 3 19
14 16 20 11
14 17 11 3
14 18 18 9
14 19 16 15
14 20 6 19
14 21 9 20
14 22 14 15
14 23 13 15
14 24 10 8
14 25 10 14
14 26 19 4
14 27 14 11
14 28 14 4
14 29 1 9
14 30 18 9
14 31 9 13
14 32 1 19
14 33 9 10
14 34 14 11
14 35 1 20
14 36 16 14
14 37 14 0
14 38 17 1
14 39 15 7
14 41 17 8
14 42 1 5
14 43 0 19
14 44 2 0
14 45 16 0
14 47 6 7
14 48 2 17
14 49 3 3
15 0 2 9
15 1 19 11
15 2 18 6
15 3 13 5
15 4 6 4
15 6 8 11
15 7 9 19
15 8 19 2
15 11 1 5
15 13 14 16
15 15 5 9
15 16 11 12
15 17 11 0
15 18 7 14
15 19 12 16
15 20 5 20
15 23 11 10
15 24 14 10
15 25 10 9
15 27 8 10
15 28 18 7
15 29 2 10
15 30 20 10
15 33 7 10
15 36 8 17
15 37 2 2
15 38 15 18
15 39 19 1
15 40 14 6
15 41 9 11
15 42 6 7
15 44 14 18
15 45 6 17
15 46 16 7
15 47 14 6
15 48 8 8
15 49 20 19
16 1 3 7
16 2 5 8
16 3 14 17
16 4 8 11
16 5 18 8
16 6 8 20
16 8 13 3
16 9 1 5
16 10 0 10
16 13 5 9
16 14 2 2
16 15 5 3
16 16 1 5
16 17 10 13
16 18 17 13
16 19 16 18
16 20 12 5
16 21 13 3
16 22 17 4
16 23 0 0
16 24 14 4
16 27 3 9
16 28 7 6
16 30 18 17
16 31 19 9
16 32 8 1
16 33 4 13
16 34 9 10
16 35 2 0
16 36 17 16
16 37 2 13
16 39 2 7
16 40 2 13
16 41 3 11
16 42 2 10
16 43 7 8
16 44 1 17
16 45 5 13
16 46 2 9
16 47 7 14
16 48 6 4
16 49 0 8
17 0 16 19
17 1 11 0
17 2 6 1
17 3 4 19
17 4 20 20
17 5 15 17
17 9 0 13
17 10 11 16
17 11 12 12
17 12 20 4
17 13 10 11
17 14 16 8
17 15 6 16
17 16 5 16
17 17 5 8
17 19 17 2
17 22 19 14
17 23 3 13
17 26 4 3
17 27 2 4
17 30 19 10
17 33 10 4
17 34 20 9
17 35 4 12
17 36 18 17
17 38 7 13
17 39 6 20
17 40 8 17
17 42 0 12
17 43 5 0
17 45 11 19
17 46 7 11
17 48 20 6
17 49 11 4
18 0 7 13
18 1 19 19
18 2 12 12
18 4 9 6
18 5 1 7
18 6 16 2
18 7 5 9
18 9 17 13
18 11 14 1
18 12 7 7
18 13 18 13
18 14 15 14
18 15 20 17
18 16 5 19
18 17 11 12
18 19 7 11
18 20 16 16
18 21 14 4
18 22 5 8
18 23 13 13
18 24 15 0
18 25 10 15
18 26 20 6
18 27 3 18
18 29 18 0
18 30 15 2
18 32 6 12
18 33 16 19
18 34 5 4
18 35 14 10
18 36 16 9
18 38 17 18
18 39 6 7
18 40 14 0
18 41 8 7
18 43 10 0
18 45 7 18
18 46 0 19
18 48 6 12
18 49 1 0
19 3 10 20
19 5 19 12
19 6 12 13
19 8 17 3
19 9 13 14
19 11 6 8
19 12 16 3
19 13 17 7
19 14 13 20
19 15 6 11
19 16 19 11
19 17 4 11
19 18 18 4
19 21 17 11
19 22 0 15
19 23 16 14
19 25 2 5
19 26 18 11
19 27 18 15
19 28 0 3
19 29 12 8
19 30 8 14
19 31 16 5
19 32 6 4
19 36 15 1
19 37 1 0
19 40 19 13
19 41 3 19
19 42 4 7
19 44 19 5
19 45 1 2
19 46 9 12
19 48 19 18
20 0 13 5
20 2 20 18
20 3 6 4
20 4 4 15
20 5 9 9
20 6 11 4
20 7 10 0
20 8 20 20
20 10 19 1
20 12 8 8
20 13 13 2
20 14 0 12
20 15 4 16
20 16 15 16
20 17 8 9
20 18 0 19
20 20 10 12
20 21 2 7
20 22 10 9
20 23 13 18
20 24 0 17
20 25 2 14
20 26 8 3
20 27 18 5
20 29 14 1
20 30 9 3
20 31 7 11
20 32 15 1
20 33 10 8
20 34 7 14
20 35 5 13
20 36 20 7
20 37 18 18
20 39 20 9
20 40 17 11
20 41 16 20
20 42 15 12
20 43 16 16
20 44 11 7
20 45 11 6
20 46 13 10
20 47 2 4
20 48 0 4
20 49 0 5
21 0 2 14
21 1 17 10
21 2 3 18
21 3 0 16
21 4 10 8
21 5 17 17
21 9 17 17
21 10 13 7
21 11 15 9
21 13 13 3
21 14 17 0
21 15 2 7
21 16 10 7
21 17 9 2
21 18 12 19
21 19 19 6
21 20 13 3
21 21 6 1
21 22 12 3
21 23 1 9
21 24 19 10
21 25 16 4
21 26 7 9
21 27 9 1
21 28 11 8
21 29 0 15
21 30 11 17
21 31 1 14
21 32 14 10
21 33 14 10
21 35 15 4
21 36 7 1
21 37 15 4
21 39 15 0
21 40 5 4
21 42 9 2
21 44 10 18
21 45 15 11
21 46 17 10
21 47 7 4
21 48 18 5
21 49 9 7
22 0 19 20
22 1 2 13
22 2 20 5
22 3 18 9
22 4 10 0
22 5 2 2
22 6 1 2
22 7 11 17
22 8 0 17
22 9 9 5
22 10 10 8
22 11 11 15
22 13 17 11
22 14 20 8
22 15 7 8
22 16 19 20
22 18 16 12
22 20 12 1
22 21 3 3
22 22 6 8
22 24 20 11
22 25 20 4
22 26 8 5
22 27 3 4
22 28 6 19
22 29 11 8
22 30 5 14
22 31 6 0
22 32 5 13
22 33 4 8
22 34 1 1
22 35 4 18
22 36 11 0
22 37 5 15
22 38 8 9
22 39 15 17
22 40 0 5
22 41 12 6
22 42 11 11
22 43 13 10
22 44 17 13
22 45 18 16
22 46 2 1
22 47 11 19
22 48 9 9
22 49 9 5
23 0 19 20
23 1 10 14
23 2 16 3
23 3 15 17
23 4 5 14
23 5 10 4
23 6 20 5
23 9 10 14
23 10 2 19
23 12 17 17
23 13 18 19
23 14 12 9
23 15 16 1
23 16 0 3
23 17 16 2
23 18 4 9
23 20 15 4
23 21 7 15
23 23 17 12
23 25 13 2
23 26 6 2
23 27 10 4
23 28 15 14
23 29 0 13
23 30 5 6
23 32 6 14
23 33 6 10
23 34 6 4
23 35 3 6
23 36 15 1
23 37 10 13
23 39 12 7
23 41 16 15
23 43 20 7
23 46 11 6
23 48 10 18
23 49 13 10
24 0 2 15
24 1 5 14
24 2 17 11
24 3 18 12
24 5 16 8
24 6 17 14
24 8 8 8
24 9 18 6
24 10 1 0
24 12 13 12
24 13 8 0
24 14 14 4
24 15 13 19
24 16 8 9
24 17 15 5
24 19 18 1
24 20 3 7
24 21 9 18
24 22 14 4
24 23 13 8
24 24 4 12
24 25 3 4
24 26 10 4
24 27 18 15
24 28 9 0
24 29 6 8
24 30 20 19
24 31 0 15
24 32 11 11
24 33 0 4
24 34 19 17
24 35 4 6
24 36 18 11
24 37 17 7
24 39 5 19
24 40 8 9
24 42 17 3
24 43 18 18
24 46 12 12
24 47 18 4
24 48 17 18
24 49 8 6
25 1 11 0
25 2 11 5
25 4 20 16
25 8 19 7
25 9 16 8
25 10 3 14
25 12 2 20
25 14 6 11
25 15 0 17
25 16 12 13
25 17 8 11
25 19 2 6
25 20 16 19
25 21 20 7
25 22 11 15
25 25 3 5
25 26 7 0
25 28 3 14
25 29 5 3
25 31 19 9
25 32 18 18
25 34 11 11
25 35 9 14
25 36 18 7
25 37 14 9
25 38 1 4
25 40 17 15
25 41 14 5
25 43 16 10
25 44 17 9
25 45 4 1
25 46 10 11
25 47 2 11
25 49 0 7
26 1 4 3
26 2 7 12
26 3 19 11
26 4 1 1
26 5 4 0
26 6 19 1
26 7 15 12
26 8 12 0
26 9 1 18
26 10 15 14
26 11 1 20
26 12 10 4
26 13 12 19
26 14 7 16
26 15 18 1
26 16 15 10
26 17 10 20
26 18 4 0
26 19 16 4
26 20 8 11
26 21 12 6
26 22 11 4
26 23 15 13
26 24 10 18
26 25 13 6
26 26 12 9
26 28 3 10
26 29 5 15
26 30 11 16
26 32 3 13
26 33 0 17
26 34 4 12
26 35 5 1
26 37 8 9
26 39 11 17
26 40 18 17
26 41 4 15
26 42 6 5
26 43 0 16
26 45 18 3
26 46 20 1
26 47 9 19
26 48 8 12
26 49 2 5
27 0 14 13
27 2 0 0
27 3 9 0
27 4 13 8
27 5 15 19
27 6 6 16
27 7 20 3
27 8 8 13
27 9 8 7
27 10 17 11
27 11 14 4
27 12 7 11
27 13 15 2
27 14 1 17
27 16 10 13
27 17 1 2
27 18 7 0
27 19 18 13
27 20 7 5
27 21 17 7
27 22 14 17
27 25 19 9
27 26 18 20
27 27 18 13
27 28 6 10
27 29 8 0
27 30 0 4
27 31 0 10
27 33 18 2
27 35 19 15
27 37 5 0
27 38 12 2
27 39 1 10
27 40 0 4
27 42 1 6
27 44 5 10
27 45 10 4
27 48 8 19
27 49 5 16
28 0 8 11
28 1 0 4
28 2 3 18
28 3 7 1
28 4 10 14
28 5 1 6
28 7 20 12
28 8 14 6
28 10 15 12
28 11 10 20
28 12 7 6
28 13 15 2
28 15 18 12
28 16 12 16
28 17 17 12
28 18 19 6
28 19 10 5
28 21 13 20
28 22 1 20
28 23 1 0
28 24 8 8
28 25 12 5
28 27 1 15
28 28 1 18
28 29 10 15
28 30 20 16
28 32 9 17
28 33 10 7
28 34 20 9
28 35 1 7
28 36 1 18
28 37 3 15
28 38 16 2
28 40 4 17
28 41 5 15
28 42 1 6
28 43 14 5
28 44 3 2
28 46 6 2
28 47 2 9
28 48 14 12
29 0 12 11
29 1 16 3
29 2 14 15
29 3 4 14
29 4 6 6
29 5 6 2
29 7 14 9
29 9 8 19
29 10 8 7
29 11 19 20
29 12 20 18
29 13 1 11
29 14 9 2
29 16 10 16
29 18 5 5
29 19 10 5
29 20 8 8
29 23 20 9
29 24 7 5
29 25 4 18
29 27 2 18
29 28 6 19
29 29 1 11
29 30 4 10
29 31 20 16
29 33 10 3
29 34 3 11
29 37 0 17
29 38 8 2
29 39 2 12
29 40 17 15
29 41 1 15
29 42 9 13
29 43 20 13
29 44 15 15
29 45 11 20
29 46 11 14
29 48 13 12
29 49 4 5
30 0 4 4
30 1 14 14
30 2 7 19
30 4 7 6
30 5 12 7
30 7 17 1
30 8 0 3
30 10 18 3
30 11 2 13
30 12 1 20
30 13 3 4
30 14 13 16
30 15 16 1
30 16 12 6
30 17 11 17
30 18 8 18
30 19 12 3
30 20 5 17
30 21 13 3
30 22 12 4
30 23 19 17
30 25 16 16
30 26 13 6
30 27 1 12
30 28 16 0
30 29 7 16
30 30 20 1
30 31 14 15
30 32 13 2
30 33 8 14
30 34 2 6
30 35 6 14
30 36 10 8
30 37 19 16
30 38 5 5
30 39 18 13
30 40 2 5
30 41 12 17
30 42 0 2
30 43 13 5
30 44 4 17
30 45 14 4
30 46 10 0
30 47 1 5
30 48 19 11
30 49 17 1
31 0 14 18
31 3 7 5
31 4 3 1
31 5 4 9
31 6 19 3
31 7 2 4
31 8 16 8
31 9 5 0
31 10 3 9
31 11 17 12
31 12 17 2
31 13 3 16
31 14 10 13
31 15 2 12
31 16 12 16
31 17 13 15
31 18 11 17
31 19 16 6
31 20 17 15
31 21 4 10
31 23 10 7
31 25 17 7
31 26 18 13
31 28 6 15
31 29 3 20
31 30 6 12
31 31 2 7
31 32 2 5
31 33 8 3
31 34 20 10
31 35 10 18
31 36 14 20
31 39 4 1
31 40 10 18
31 41 15 14
31 42 6 5
31 43 0 17
31 44 13 3
31 45 13 4
31 46 7 3
31 47 7 20
32 0 0 3
32 1 0 0
32 2 17 13
32 3 11 12
32 4 0 6
32 5 17 8
32 7 9 2
32 8 4 0
32 9 10 6
32 10 7 16
32 11 14 8
32 12 11 11
32 14 7 11
32 15 9 10
32 16 5 5
32 18 7 19
32 19 2 18
32 20 8 2
32 21 0 7
32 22 6 2
32 23 10 11
32 24 4 12
32 25 5 7
32 26 8 11
32 28 3 17
32 29 15 13
32 30 9 6
32 31 4 10
32 32 1 19
32 33 1 6
32 34 8 11
32 35 13 10
32 38 4 3
32 40 16 1
32 41 17 20
32 42 3 0
32 43 20 14
32 46 10 6
32 47 15 16
32 48 5 2
32 49 10 7
33 3 2 15
33 4 18 7
33 5 13 11
33 6 9 17
33 7 7 1
33 8 10 6
33 12 12 13
33 13 19 9
33 14 7 6
33 15 2 8
33 16 15 1
33 18 6 3
33 19 3 4
33 21 8 14
33 22 2 14
33 23 18 16
33 24 19 9
33 25 6 1
33 26 10 6
33 27 10 13
33 29 19 18
33 30 8 6
33 31 5 15
33 32 7 9
33 33 18 9
33 34 12 8
33 35 1 17
33 36 19 15
33 37 7 7
33 39 9 11
33 40 7 4
33 41 13 18
33 42 7 14
33 43 14 18
33 44 13 4
33 45 19 1
33 46 11 7
33 48 8 16
33 49 1 12
34 0 4 3
34 1 6 15
34 2 15 12
34 4 6 14
34 5 10 0
34 7 15 14
34 8 10 11
34 9 4 7
34 11 7 5
34 12 15 19
34 13 11 17
34 14 8 20
34 16 6 20
34 17 11 17
34 20 20 6
34 23 14 12
34 24 8 5
34 25 9 14
34 26 16 3
34 27 3 0
34 28 15 10
34 29 3 13
34 30 16 1
34 31 14 0
34 32 15 9
34 33 3 11
34 34 5 1
34 35 8 19
34 36 6 10
34 38 0 10
34 39 3 2
34 41 12 9
34 42 2 8
34 43 8 7
34 44 16 7
34 45 20 7
34 47 12 6
34 48 10 19
35 0 16 1
35 1 1 4
35 2 14 12
35 3 9 2
35 6 13 16
35 8 0 15
35 9 18 19
35 10 6 4
35 11 14 20
35 14 13 3
35 15 8 4
35 16 6 4
35 17 9 15
35 18 1 9
35 19 10 11
35 20 3 20
35 23 16 8
35 25 9 20
35 26 0 7
35 28 11 1
35 30 4 17
35 31 11 3
35 32 10 17
35 33 15 14
35 35 9 12
35 38 9 2
35 39 8 2
35 40 5 1
35 41 3 2
35 42 8 12
35 43 6 7
35 44 20 14
35 45 13 6
35 47 14 4
35 48 6 16
35 49 6 15
36 0 4 19
36 1 18 19
36 2 4 3
36 3 13 3
36 4 18 9
36 5 4 17
36 6 10 1
36 7 17 1
36 8 8 7
36 9 13 2
36 10 13 8
36 11 20 5
36 12 0 7
36 13 10 18
36 14 7 6
36 15 19 19
36 16 4 0
36 17 3 3
36 18 11 2
36 21 5 7
36 22 17 17
36 23 20 16
36 25 17 14
36 26 7 16
36 27 15 13
36 28 4 10
36 29 11 14
36 30 15 7
36 32 17 5
36 34 20 6
36 35 3 11
36 37 9 16
36 39 7 15
36 40 12 3
36 41 5 12
36 45 0 5
36 48 0 12
36 49 11 12
37 0 12 6
37 2 18 18
37 3 6 2
37 4 16 2
37 7 2 0
37 8 11 17
37 11 8 14
37 12 3 7
37 13 8 7
37 14 6 17
37 15 3 12
37 16 3 10
37 17 2 7
37 18 7 12
37 19 2 17
37 20 9 5
37 22 13 14
37 23 0 5
37 24 1 7
37 25 17 9
37 26 6 14
37 27 8 0
37 28 15 12
37 29 10 13
37 31 12 5
37 32 17 13
37 33 16 17
37 34 11 13
37 35 20 7
37 36 11 9
37 37 2 0
37 38 5 12
37 40 5 5
37 42 3 3
37 43 6 5
37 45 2 5
37 47 20 20
37 48 15 5
37 49 13 18
38 1 6 2
38 5 5 13
38 6 1 6
38 7 0 8
38 8 15 3
38 9 19 4
38 10 15 14
38 11 11 4
38 12 13 12
38 16 10 11
38 17 16 3
38 18 9 7
38 19 17 8
38 21 20 5
38 22 2 2
38 23 5 14
38 24 0 8
38 25 8 5
38 26 1 10
38 27 6 2
38 30 20 13
38 31 0 8
38 33 3 7
38 34 0 20
38 35 0 16
38 36 16 15
38 37 10 6
38 38 4 1
38 39 2 1
38 40 2 20
38 41 9 17
38 42 13 9
38 43 2 20
38 44 13 10
38 45 10 0
38 46 16 14
38 47 9 12
38 48 3 3
38 49 7 8
39 0 9 2
39 1 6 6
39 2 2 17
39 3 18 17
39 5 17 10
39 6 8 16
39 7 1 3
39 8 7 3
39 9 17 18
39 10 2 4
39 12 18 16
39 13 13 19
39 14 1 16
39 15 0 4
39 17 0 9
39 19 18 3
39 20 10 0
39 21 20 10
39 22 1 0
39 24 17 20
39 25 5 19
39 27 14 15
39 28 18 11
39 29 18 15
39 30 18 8
39 31 1 6
39 33 3 4
39 34 11 9
39 35 13 12
39 36 1 3
39 37 16 3
39 39 9 20
39 41 13 20
39 42 9 10
39 43 12 0
39 44 6 20
39 48 5 3
39 49 4 1
40 2 14 7
40 3 0 17
40 4 13 17
40 5 3 12
40 6 14 4
40 7 12 9
40 8 8 8
40 9 3 15
40 10 13 15
40 13 14 0
40 14 9 8
40 15 19 5
40 16 10 5
40 18 2 4
40 19 13 10
40 20 20 12
40 21 1 18
40 22 3 11
40 23 10 5
40 24 5 2
40 25 19 0
40 27 19 8
40 28 13 20
40 29 20 15
40 31 18 16
40 32 7 5
40 33 10 7
40 34 16 17
40 35 0 14
40 36 3 0
40 37 6 15
40 38 1 1
40 40 15 3
40 41 8 9
40 42 16 11
40 45 19 6
40 46 17 3
40 47 12 1
40 48 8 3
40 49 19 15
41 0 13 7
41 1 0 19
41 3 19 0
41 4 9 8
41 7 0 0
41 8 7 18
41 10 8 10
41 11 19 17
41 14 2 19
41 15 0 8
41 17 15 8
41 18 6 2
41 19 9 0
41 20 16 9
41 21 8 5
41 22 14 19
41 23 9 7
41 24 19 1
41 25 2 9
41 26 4 18
41 27 6 18
41 28 11 17
41 29 14 11
41 30 2 17
41 31 1 19
41 32 2 1
41 34 10 12
41 35 19 14
41 37 12 12
41 38 17 4
41 39 3 2
41 40 9 7
41 42 8 11
41 43 4 20
41 44 17 19
41 45 7 9
41 46 13 15
41 48 1 19
41 49 5 12
42 0 16 9
42 1 0 7
42 2 17 0
42 3 13 16
42 4 8 11
42 5 6 3
42 6 6 19
42 7 12 14
42 8 18 4
42 9 12 11
42 11 10 15
42 12 12 14
42 14 0 15
42 15 14 10
42 16 15 4
42 17 14 10
42 18 14 16
42 19 14 10
42 20 15 17
42 21 16 13
42 23 3 5
42 24 4 9
42 25 16 18
42 26 11 11
42 27 14 12
42 29 3 15
42 31 7 8
42 32 8 7
42 33 13 15
42 34 9 11
42 35 19 14
42 36 3 10
42 37 8 17
42 39 15 13
42 40 17 9
42 42 4 7
42 45 16 9
42 46 2 13
42 48 16 10
42 49 3 16
43 0 7 9
43 3 11 13
43 4 19 10
43 5 14 9
43 6 8 16
43 8 4 16
43 12 4 20
43 13 20 19
43 14 17 5
43 15 9 9
43 16 15 16
43 18 4 12
43 19 13 2
43 21 4 3
43 22 8 20
43 23 3 3
43 24 20 10
43 25 10 12
43 26 6 2
43 27 3 20
43 28 17 14
43 29 19 15
43 30 15 14
43 31 17 7
43 32 8 2
43 33 7 20
43 34 6 19
43 35 13 14
43 36 18 14
43 37 9 11
43 38 10 5
43 39 9 10
43 40 10 12
43 41 10 16
43 42 20 11
43 43 4 14
43 44 10 16
43 45 15 5
43 46 10 11
43 48 11 15
44 2 2 3
44 3 19 14
44 4 7 17
44 6 11 4
44 7 7 0
44 9 7 18
44 10 13 12
44 11 14 10
44 12 16 14
44 13 10 1
44 15 15 6
44 17 3 17
44 18 4 12
44 19 9 2
44 20 18 7
44 21 13 16
44 22 0 18
44 23 2 20
44 24 11 18
44 25 19 6
44 26 9 0
44 28 12 7
44 29 11 16
44 30 10 5
44 31 2 11
44 32 5 6
44 33 18 4
44 35 18 17
44 37 7 15
44 38 10 8
44 40 15 1
44 41 8 3
44 43 7 4
44 44 2 13
44 45 16 8
44 46 8 15
44 48 16 13
44 49 3 12
45 1 3 5
45 2 9 17
45 3 16 13
45 4 7 15
45 5 15 15
45 6 0 19
45 8 12 18
45 9 19 13
45 11 4 10
45 12 14 1
45 14 11 19
45 15 6 13
45 17 4 10
45 18 19 17
45 20 18 4
45 23 15 0
45 24 18 5
45 26 14 16
45 27 9 15
45 28 16 12
45 29 16 7
45 30 11 0
45 33 11 10
45 34 18 9
45 35 15 15
45 36 11 2
45 37 3 7
45 38 6 5
45 39 14 13
45 41 20 4
45 42 0 2
45 43 15 20
45 44 19 18
45 45 20 6
45 47 1 5
45 48 7 17
45 49 13 5
46 0 9 19
46 1 11 6
46 3 8 1
46 4 2 11
46 5 4 8
46 6 18 9
46 7 7 19
46 8 10 18
46 9 7 15
46 10 6 15
46 12 12 14
46 14 15 2
46 15 17 15
46 16 10 9
46 19 2 17
46 20 6 8
46 22 11 17
46 24 10 3
46 25 4 13
46 26 16 13
46 27 7 6
46 30 16 7
46 31 6 3
46 32 9 19
46 33 1 6
46 34 9 1
46 36 8 5
46 37 19 14
46 38 5 8
46 39 8 18
46 40 0 17
46 41 17 11
46 42 10 2
46 43 11 0
46 44 14 20
46 46 18 11
46 48 12 6
46 49 10 3
47 0 1 15
47 1 14 0
47 2 16 13
47 3 11 12
47 4 5 11
47 5 13 20
47 6 11 18
47 7 7 7
47 8 3 9
47 9 15 17
47 11 14 11
47 12 16 2
47 14 1 20
47 15 3 10
47 16 13 17
47 17 14 8
47 18 11 3
47 20 5 12
47 21 12 20
47 22 18 18
47 23 1 16
47 24 17 15
47 25 15 8
47 26 2 19
47 29 18 9
47 30 0 7
47 31 12 11
47 34 0 3
47 35 11 11
47 36 4 8
47 37 19 9
47 39 11 9
47 40 18 18
47 42 17 0
47 43 3 0
47 46 9 14
47 47 5 8
47 48 3 16
47 49 4 16
48 0 9 0
48 1 7 1
48 2 11 18
48 4 19 13
48 5 9 13
48 6 17 3
48 8 18 18
48 9 10 4
48 11 8 8
48 13 11 8
48 14 9 11
48 15 4 6
48 16 0 17
48 17 6 10
48 18 3 6
48 20 20 7
48 21 12 12
48 23 3 8
48 24 13 19
48 25 4 17
48 26 6 5
48 28 17 17
48 29 7 14
48 31 8 10
48 32 14 1
48 34 13 8
48 35 15 20
48 36 6 20
48 37 1 20
48 38 11 19
48 39 18 17
48 41 17 10
48 42 9 14
48 43 14 20
48 44 5 19
48 46 14 6
48 47 10 3
48 48 9 8
48 49 19 14
49 0 19 19
49 2 7 1
49 3 5 11
49 5 17 10
49 6 10 10
49 7 1 1
49 8 6 19
49 9 17 15
49 11 16 19
49 13 5 2
49 14 18 10
49 15 11 18
49 16 2 16
49 17 3 3
49 18 16 6
49 19 10 18
49 20 16 18
49 21 15 11
49 22 19 11
49 23 2 2
49 24 9 17
49 25 11 20
49 26 9 8
49 27 16 12
49 28 9 15
49 30 13 4
49 31 2 8
49 32 18 20
49 33 4 9
49 35 20 13
49 36 3 4
49 37 3 7
49 38 2 8
49 39 17 15
49 40 19 5
49 41 5 16
49 42 3 6
49 43 16 1
49 44 20 16
49 45 18 4
49 47 13 13
49 48 1 1
49 49 20 9
