50
2
0 0 2 2
0 1 18 12
0 2 9 1
0 3 14 20
0 4 2 16
0 7 4 0
0 9 10 4
0 10 12 18
0 11 20 19
0 12 8 0
0 13 19 6
0 14 11 14
0 15 15 8
0 16 18 5
0 18 3 2
0 21 3 19
0 22 9 8
0 23 10 1
0 24 15 9
0 25 20 10
0 26 16 7
0 29 1 6
0 30 14 17
0 31 11 8
0 32 5 9
0 33 2 11
0 34 7 0
0 36 11 0
0 37 15 19
0 38 14 14
0 39 2 14
0 40 6 20
0 42 17 17
0 44 19 20
0 45 1 7
0 46 3 5
0 47 15 7
0 48 10 10
0 49 15 8
1 0 1 11
1 3 0 14
1 5 4 17
1 6 1 12
1 7 7 7
1 9 15 14
1 10 3 19
1 11 10 0
1 12 17 8
1 13 18 9
1 14 14 8
1 15 8 9
1 16 18 4
1 22 15 11
1 24 4 12
1 25 0 8
1 27 18 7
1 29 20 17
1 31 3 15
1 32 0 16
1 33 17 12
1 34 6 3
1 37 10 15
1 38 1 0
1 39 17 11
1 41 14 16
1 42 7 13
1 45 4 16
1 46 11 7
1 47 8 5
1 48 16 14
1 49 13 18
2 0 6 16
2 1 10 7
2 2 17 7
2 3 14 20
2 4 1 11
2 5 12 2
2 6 5 14
2 7 11 4
2 8 14 0
2 9 18 9
2 11 3 3
2 12 15 14
2 13 3 8
2 14 5 16
2 16 3 8
2 17 18 1
2 18 10 1
2 19 16 20
2 20 18 17
2 23 16 4
2 25 18 11
2 26 1 3
2 28 10 16
2 29 16 4
2 31 4 8
2 33 19 11
2 34 8 16
2 35 8 12
2 36 13 16
2 38 19 7
2 39 0 2
2 40 12 12
2 41 0 6
2 42 12 10
2 45 2 12
2 46 12 3
2 48 13 20
3 0 4 10
3 1 14 10
3 2 14 14
3 5 1 13
3 6 4 1
3 7 10 3
3 8 17 17
3 9 20 1
3 10 12 6
3 12 8 11
3 13 0 6
3 15 17 20
3 16 11 9
3 17 6 0
3 18 3 5
3 20 0 8
3 21 15 15
3 22 14 5
3 23 18 5
3 24 10 12
3 25 14 9
3 26 19 3
3 27 1 5
3 30 4 13
3 31 14 3
3 32 1 6
3 33 17 13
3 35 2 8
3 36 11 14
3 37 6 12
3 38 5 0
3 39 18 16
3 40 15 11
3 41 20 2
3 42 7 17
3 43 1 9
3 44 11 0
3 45 9 17
3 46 18 5
3 48 0 1
3 49 17 17
4 0 3 14
4 1 2 15
4 2 12 7
4 3 3 13
4 4 19 9
4 5 2 19
4 7 18 20
4 8 2 19
4 9 7 20
4 10 4 15
4 12 20 6
4 13 8 9
4 14 19 18
4 16 18 20
4 17 17 20
4 19 10 11
4 20 14 6
4 22 16 11
4 23 2 1
4 24 0 4
4 25 2 9
4 27 1 17
4 28 8 14
4 31 11 2
4 32 15 20
4 33 20 15
4 34 14 14
4 35 10 4
4 36 7 2
4 37 10 1
4 38 8 12
4 39 7 9
4 40 13 9
4 41 1 18
4 43 1 10
4 44 16 17
4 45 14 20
4 46 13 2
4 47 12 7
4 48 20 0
4 49 11 6
5 0 12 11
5 1 2 17
5 2 19 3
5 3 20 10
5 4 20 1
5 5 20 12
5 6 12 2
5 8 9 5
5 9 18 5
5 12 14 20
5 13 8 5
5 14 0 4
5 15 2 8
5 16 2 1
5 17 8 0
5 18 19 2
5 19 1 17
5 20 6 13
5 21 16 15
5 22 10 10
5 23 5 20
5 24 7 13
5 26 16 9
5 27 7 18
5 28 13 11
5 29 9 18
5 30 3 10
5 31 20 15
5 32 19 11
5 33 18 15
5 34 17 1
5 35 11 19
5 36 13 20
5 37 20 11
5 38 15 14
5 39 11 0
5 40 1 6
5 41 10 17
5 42 13 7
5 43 13 17
5 44 2 18
5 45 9 10
5 46 3 5
5 47 10 10
5 48 16 10
5 49 2 19
6 1 20 0
6 2 1 13
6 4 12 13
6 5 7 13
6 6 0 18
6 7 0 10
6 8 0 9
6 9 20 8
6 10 20 15
6 11 1 16
6 14 9 0
6 15 19 13
6 16 3 10
6 17 17 8
6 18 9 9
6 19 4 12
6 20 10 4
6 21 12 14
6 22 3 8
6 23 20 9
6 24 17 3
6 25 9 15
6 26 17 1
6 27 7 11
6 28 6 9
6 29 5 2
6 30 18 7
6 32 17 9
6 34 0 2
6 36 7 5
6 37 11 8
6 38 6 13
6 41 8 12
6 42 6 20
6 43 16 15
6 44 16 1
6 45 0 2
6 46 5 17
6 47 16 16
6 49 9 2
7 0 17 2
7 1 6 17
7 3 3 15
7 4 11 1
7 5 17 12
7 6 5 5
7 10 16 1
7 11 6 20
7 12 19 12
7 14 11 12
7 17 5 11
7 18 20 9
7 21 16 18
7 22 6 5
7 23 5 0
7 24 8 11
7 26 8 13
7 27 18 6
7 31 8 18
7 33 11 5
7 35 13 14
7 37 0 5
7 38 6 4
7 39 6 19
7 41 13 10
7 42 14 11
7 43 15 16
7 44 17 8
7 45 6 1
7 46 13 11
7 47 17 11
7 48 6 3
8 0 11 1
8 1 12 12
8 2 7 1
8 4 8 15
8 5 12 14
8 6 17 4
8 7 2 9
8 9 1 6
8 10 19 14
8 11 13 10
8 13 6 10
8 14 9 12
8 16 1 13
8 17 3 15
8 18 3 6
8 19 6 13
8 20 15 8
8 21 1 10
8 22 8 12
8 25 15 5
8 26 9 14
8 28 7 3
8 29 1 15
8 30 17 11
8 31 17 17
8 32 5 15
8 33 3 10
8 34 10 5
8 35 15 16
8 36 6 8
8 37 13 6
8 40 11 8
8 41 9 6
8 42 4 4
8 43 19 10
8 44 1 7
8 45 13 7
8 47 13 5
8 48 4 18
8 49 19 19
9 0 18 10
9 1 5 18
9 5 15 3
9 6 5 13
9 7 15 14
9 8 1 15
9 10 7 14
9 11 0 11
9 12 1 12
9 13 13 16
9 15 15 16
9 16 19 3
9 18 7 0
9 19 19 13
9 20 7 4
9 21 9 5
9 22 0 4
9 23 10 7
9 26 17 18
9 27 13 13
9 28 0 20
9 29 14 14
9 30 10 19
9 32 10 6
9 33 8 14
9 34 10 2
9 35 11 8
9 36 10 20
9 37 16 7
9 38 12 9
9 39 6 2
9 40 9 1
9 41 14 7
9 42 19 7
9 43 13 3
9 44 12 3
9 45 5 0
9 48 1 4
9 49 0 2
10 0 7 3
10 1 20 3
10 2 4 11
10 3 2 8
10 4 11 15
10 5 3 19
10 6 4 15
10 7 6 2
10 8 7 9
10 10 1 4
10 12 3 19
10 13 19 17
10 14 12 10
10 15 19 14
10 17 10 10
10 18 6 8
10 19 18 20
10 20 17 11
10 21 20 2
10 23 5 9
10 24 16 4
10 25 14 12
10 26 19 14
10 27 9 12
10 30 19 8
10 31 11 16
10 33 6 12
10 34 5 10
10 35 6 12
10 36 8 10
10 37 4 5
10 38 11 18
10 39 19 4
10 40 1 18
10 41 4 18
10 42 20 19
10 43 19 17
10 44 0 10
10 45 13 9
10 46 7 6
10 47 14 11
10 48 3 10
10 49 4 15
11 1 8 9
11 3 3 8
11 4 1 1
11 5 12 7
11 6 5 7
11 7 15 20
11 8 11 18
11 9 17 6
11 10 4 4
11 11 1 2
11 13 17 0
11 14 2 8
11 15 15 9
11 17 11 12
11 18 10 17
11 20 4 6
11 21 13 15
11 22 12 11
11 24 13 4
11 26 6 1
11 27 15 2
11 28 15 14
11 30 16 18
11 31 13 14
11 32 17 4
11 33 16 15
11 34 18 1
11 35 6 13
11 36 16 17
11 37 4 19
11 38 20 11
11 41 2 20
11 42 7 3
11 43 11 4
11 44 20 13
11 45 7 8
11 46 13 11
11 47 9 4
11 48 8 12
11 49 4 4
12 0 11 9
12 1 13 14
12 4 7 12
12 5 17 18
12 6 4 18
12 7 18 20
12 8 10 2
12 9 15 19
12 11 11 3
12 14 18 18
12 15 2 3
12 16 6 14
12 17 1 12
12 18 18 1
12 19 16 19
12 22 2 7
12 23 12 3
12 24 2 12
12 25 16 12
12 26 8 8
12 27 15 9
12 29 14 4
12 30 4 3
12 32 4 14
12 33 18 19
12 34 2 8
12 35 10 13
12 36 8 16
12 37 10 10
12 38 3 12
12 39 12 9
12 40 9 7
12 42 13 9
12 43 20 13
12 44 12 9
12 45 17 12
12 46 16 1
12 47 4 7
12 48 7 13
12 49 8 12
13 0 17 14
13 3 6 18
13 4 12 19
13 5 8 6
13 6 18 16
13 7 9 14
13 8 8 6
13 9 8 13
13 10 6 20
13 11 15 11
13 12 4 16
13 13 6 2
13 14 13 14
13 15 14 11
13 16 9 17
13 17 9 4
13 19 17 20
13 20 13 3
13 22 6 10
13 23 8 7
13 24 5 2
13 25 3 5
13 26 12 18
13 27 18 6
13 29 7 15
13 30 2 11
13 31 19 19
13 32 4 14
13 33 11 9
13 34 12 16
13 35 2 10
13 36 15 3
13 37 18 12
13 39 9 3
13 41 12 15
13 42 10 7
13 43 3 7
13 44 20 14
13 45 13 0
13 46 0 19
13 47 12 17
13 48 19 8
13 49 20 6
14 0 20 18
14 2 7 5
14 3 9 7
14 4 1 13
14 5 13 16
14 6 2 11
14 8 11 17
14 9 17 2
14 10 1 8
14 11 0 13
14 13 7 12
14 14 2 3
14 15 3 17
14 16 9 20
14 18 4 15
14 19 4 4
14 20 13 7
14 21 13 16
14 22 2 20
14 23 1 9
14 24 20 16
14 25 6 7
14 27 10 2
14 28 2 20
14 29 9 12
14 30 6 9
14 31 9 19
14 32 14 10
14 34 17 10
14 35 13 12
14 38 11 6
14 39 6 18
14 41 11 8
14 42 0 7
14 43 18 17
14 44 20 19
14 46 9 8
14 47 11 2
14 49 20 15
15 1 19 3
15 2 1 11
15 7 18 7
15 9 12 16
15 10 1 2
15 12 17 4
15 13 1 17
15 15 8 7
15 16 15 20
15 18 14 17
15 19 15 16
15 20 12 18
15 21 8 5
15 22 11 17
15 23 16 9
15 24 1 12
15 25 10 16
15 27 7 5
15 29 1 1
15 30 3 20
15 31 9 15
15 32 0 18
15 33 3 20
15 34 20 16
15 35 20 14
15 37 13 16
15 39 18 14
15 41 15 12
15 42 16 4
15 43 14 13
15 45 9 10
15 47 18 6
15 48 6 12
15 49 0 4
16 0 6 0
16 1 8 4
16 2 17 14
16 3 15 16
16 4 0 2
16 5 10 10
16 6 15 1
16 7 14 10
16 9 10 9
16 10 17 3
16 11 20 4
16 12 11 5
16 13 3 2
16 14 14 12
16 15 7 16
16 16 13 20
16 17 20 7
16 19 1 13
16 20 18 12
16 23 10 4
16 24 12 1
16 25 18 5
16 27 19 12
16 28 8 18
16 29 16 9
16 30 15 7
16 32 3 5
16 33 0 2
16 34 3 0
16 35 14 17
16 37 17 1
16 38 12 16
16 39 6 2
16 40 11 6
16 41 6 13
16 42 10 3
16 43 5 16
16 44 10 6
16 45 10 18
16 46 11 0
16 47 17 14
16 48 11 13
16 49 1 14
17 0 14 12
17 1 4 10
17 2 13 13
17 3 18 17
17 5 19 12
17 6 10 6
17 7 17 18
17 8 14 9
17 9 12 20
17 11 10 17
17 14 2 11
17 16 19 11
17 17 14 4
17 18 10 11
17 19 7 17
17 20 2 3
17 21 5 11
17 22 11 4
17 23 4 0
17 24 16 11
17 25 20 6
17 26 13 13
17 27 9 10
17 28 6 4
17 29 15 14
17 30 6 12
17 31 19 8
17 33 2 0
17 34 10 5
17 35 1 9
17 36 17 10
17 37 17 5
17 38 10 7
17 39 16 1
17 40 2 15
17 41 11 4
17 42 19 3
17 43 1 0
17 44 10 3
17 45 13 5
17 46 3 1
17 47 18 1
17 48 9 17
17 49 15 7
18 1 10 14
18 2 5 15
18 3 12 14
18 4 1 15
18 5 2 7
18 6 11 17
18 7 0 4
18 8 13 19
18 9 15 3
18 10 2 12
18 11 14 8
18 14 1 0
18 15 11 11
18 17 16 20
18 18 6 7
18 19 19 13
18 21 4 18
18 22 18 6
18 23 13 20
18 25 1 9
18 27 6 5
18 28 3 3
18 29 0 18
18 31 10 18
18 33 3 3
18 35 14 7
18 36 19 19
18 37 14 16
18 38 17 12
18 40 0 10
18 41 16 7
18 42 9 13
18 43 8 15
18 44 18 7
18 46 4 15
18 47 16 3
19 1 13 6
19 2 19 9
19 3 12 12
19 4 0 3
19 5 15 4
19 6 9 3
19 7 4 4
19 8 9 20
19 9 7 8
19 10 11 11
19 11 5 12
19 12 3 13
19 13 12 17
19 14 20 12
19 15 5 18
19 18 3 20
19 20 17 20
19 22 9 6
19 24 2 1
19 25 10 7
19 26 12 5
19 27 10 15
19 28 5 8
19 29 17 1
19 30 13 4
19 32 14 13
19 33 4 13
19 34 7 20
19 35 0 4
19 36 8 14
19 37 6 16
19 38 2 9
19 39 15 8
19 41 2 12
19 43 0 13
19 44 7 7
19 45 15 15
19 46 11 5
19 48 14 15
19 49 7 2
20 0 16 9
20 1 20 14
20 2 0 12
20 4 1 2
20 5 0 10
20 7 7 11
20 8 14 5
20 9 6 20
20 11 9 4
20 13 5 8
20 14 2 18
20 16 1 15
20 17 6 20
20 18 13 0
20 19 17 15
20 20 3 0
20 21 10 8
20 22 2 11
20 23 4 0
20 24 11 20
20 25 3 0
20 26 13 16
20 28 2 7
20 29 12 2
20 30 0 13
20 31 6 14
20 32 7 6
20 33 12 16
20 34 12 0
20 35 2 4
20 36 2 1
20 37 11 13
20 38 13 11
20 39 12 1
20 40 12 4
20 42 16 8
20 43 15 13
20 44 17 20
20 45 10 7
20 46 6 15
20 47 0 0
20 48 1 17
20 49 13 10
21 0 16 8
21 1 13 15
21 2 10 18
21 4 16 8
21 5 19 17
21 6 15 14
21 8 6 3
21 9 20 20
21 11 2 1
21 12 9 9
21 13 6 13
21 14 15 4
21 15 20 13
21 16 1 17
21 17 18 12
21 18 13 15
21 19 17 15
21 20 4 15
21 21 9 20
21 22 19 0
21 23 17 6
21 24 6 3
21 26 1 15
21 27 17 11
21 28 13 4
21 29 19 1
21 30 18 10
21 31 15 8
21 32 20 18
21 34 7 3
21 35 2 12
21 36 17 2
21 37 12 2
21 39 17 6
21 40 15 0
21 41 14 5
21 42 2 11
21 43 18 15
21 44 15 8
21 46 0 8
21 48 14 15
21 49 10 12
22 0 6 7
22 3 20 7
22 4 12 3
22 5 14 1
22 6 16 0
22 7 10 2
22 8 3 2
22 9 5 3
22 10 9 13
22 11 14 4
22 12 16 7
22 15 9 19
22 16 15 3
22 17 17 17
22 18 1 4
22 20 15 13
22 21 4 16
22 22 19 18
22 23 3 5
22 24 6 5
22 26 6 2
22 27 7 2
22 28 16 16
22 29 3 4
22 30 14 19
22 31 9 4
22 32 15 11
22 34 12 5
22 35 4 2
22 36 5 20
22 38 5 12
22 39 2 9
22 40 11 12
22 41 12 15
22 43 3 12
22 44 19 18
22 45 5 2
22 46 0 17
22 47 2 8
22 48 18 9
22 49 17 5
23 0 19 2
23 2 17 17
23 3 4 12
23 4 1 20
23 5 16 10
23 7 1 14
23 8 20 18
23 9 4 3
23 10 4 7
23 12 15 6
23 13 15 9
23 14 20 3
23 15 12 10
23 16 2 3
23 17 20 9
23 18 1 17
23 19 4 7
23 20 13 13
23 21 10 16
23 22 20 11
23 25 13 10
23 26 12 13
23 27 2 11
23 28 18 16
23 29 1 16
23 30 10 10
23 31 14 20
23 32 12 11
23 33 18 0
23 34 7 18
23 35 12 18
23 37 15 20
23 38 5 3
23 39 3 2
23 41 14 20
23 42 14 18
23 43 14 19
23 46 1 0
23 47 3 17
23 48 1 13
23 49 7 18
24 0 18 7
24 2 20 16
24 3 7 5
24 4 1 19
24 5 15 19
24 6 9 20
24 7 20 2
24 8 9 8
24 9 17 5
24 10 17 15
24 12 11 17
24 13 11 13
24 14 1 17
24 15 3 4
24 16 20 3
24 17 4 10
24 18 0 8
24 19 6 6
24 21 8 3
24 22 14 1
24 23 11 10
24 24 17 2
24 25 19 18
24 26 12 4
24 27 0 6
24 28 10 6
24 29 1 2
24 30 3 2
24 32 19 7
24 33 7 2
24 34 8 6
24 35 18 1
24 36 3 0
24 37 13 16
24 38 7 7
24 39 18 6
24 40 12 19
24 41 17 4
24 42 4 18
24 44 18 18
24 46 18 7
24 48 8 19
24 49 19 13
25 0 18 8
25 1 8 9
25 3 8 20
25 5 12 10
25 6 12 6
25 7 13 13
25 8 9 6
25 9 1 3
25 10 3 20
25 11 16 2
25 12 20 15
25 13 5 12
25 14 14 3
25 15 4 14
25 16 15 13
25 17 5 6
25 19 17 18
25 21 11 19
25 22 9 5
25 23 0 10
25 24 20 20
25 25 19 12
25 26 11 11
25 27 9 11
25 28 2 8
25 29 5 5
25 30 14 4
25 31 3 4
25 33 13 12
25 34 10 13
25 35 18 7
25 36 14 17
25 37 5 8
25 38 10 9
25 39 14 20
25 40 13 18
25 41 7 8
25 42 3 14
25 43 9 19
25 44 15 11
25 45 12 12
25 46 4 20
25 48 9 15
25 49 10 6
26 0 10 5
26 1 19 0
26 2 20 7
26 3 13 20
26 4 0 15
26 5 6 17
26 6 20 12
26 8 1 0
26 9 17 19
26 10 11 7
26 11 12 9
26 12 11 13
26 13 10 0
26 14 0 0
26 15 20 14
26 18 4 10
26 19 16 7
26 20 5 5
26 22 20 20
26 23 5 19
26 24 3 17
26 25 6 6
26 26 20 5
26 27 19 16
26 29 3 8
26 30 15 9
26 32 8 16
26 33 12 8
26 34 17 6
26 36 20 4
26 37 3 9
26 38 3 2
26 39 13 4
26 42 7 11
26 43 3 7
26 45 18 1
26 46 3 12
26 47 11 9
26 48 12 16
27 0 16 2
27 1 20 16
27 3 3 16
27 4 13 18
27 5 7 15
27 6 1 6
27 7 20 8
27 8 6 16
27 9 8 8
27 10 10 18
27 12 4 16
27 13 18 15
27 14 14 20
27 15 1 14
27 16 12 20
27 17 11 8
27 18 13 18
27 19 1 9
27 20 5 6
27 21 9 8
27 22 8 6
27 24 18 1
27 25 9 11
27 27 4 2
27 28 18 7
27 29 9 19
27 31 0 11
27 32 11 14
27 33 19 4
27 35 7 11
27 36 1 5
27 37 0 18
27 38 18 11
27 39 17 3
27 40 4 2
27 42 7 20
27 43 1 2
27 44 10 15
27 45 3 7
27 46 10 1
27 47 17 9
27 48 18 12
27 49 2 6
28 0 3 10
28 1 8 7
28 2 19 10
28 3 18 20
28 5 18 1
28 6 20 18
28 7 9 7
28 8 13 16
28 9 7 7
28 10 10 0
28 11 6 16
28 12 5 8
28 13 5 8
28 14 3 16
28 16 18 18
28 17 7 17
28 18 16 3
28 21 17 9
28 22 5 17
28 23 8 12
28 25 12 6
28 26 4 16
28 27 17 7
28 29 18 8
28 30 8 18
28 31 13 8
28 32 1 14
28 33 20 20
28 35 19 15
28 37 5 10
28 38 18 13
28 39 8 12
28 41 11 18
28 42 0 13
28 44 11 14
28 45 3 4
28 46 2 8
28 47 6 8
28 48 14 1
28 49 6 1
29 0 0 14
29 2 3 14
29 3 20 5
29 6 9 2
29 7 10 3
29 8 6 20
29 9 17 8
29 11 11 6
29 12 6 2
29 13 3 2
29 14 13 15
29 15 20 20
29 16 6 6
29 17 18 16
29 18 19 8
29 19 0 3
29 20 0 13
29 21 1 0
29 24 16 11
29 25 11 18
29 26 16 17
29 27 6 4
29 28 6 18
29 32 3 10
29 33 3 20
29 34 9 0
29 35 20 18
29 36 12 11
29 37 16 17
29 38 4 6
29 39 8 11
29 40 19 8
29 42 13 20
29 43 3 8
29 44 13 9
29 45 2 15
29 46 7 3
29 47 7 9
29 48 8 5
29 49 12 10
30 0 14 14
30 1 20 4
30 3 5 11
30 4 1 4
30 5 12 7
30 6 19 8
30 7 13 9
30 8 17 15
30 9 15 16
30 10 2 5
30 11 16 0
30 12 16 20
30 13 10 16
30 14 17 18
30 15 8 19
30 16 16 9
30 18 10 15
30 19 7 2
30 20 14 6
30 21 5 15
30 22 8 10
30 24 9 2
30 26 7 18
30 28 1 19
30 29 11 13
30 30 14 2
30 31 13 17
30 32 0 7
30 34 20 11
30 36 18 6
30 37 7 16
30 38 14 10
30 39 20 16
30 40 8 11
30 41 3 5
30 42 5 8
30 44 16 20
30 45 12 15
30 47 16 6
30 48 12 1
30 49 3 20
31 0 17 9
31 2 20 12
31 3 0 19
31 4 1 14
31 5 19 2
31 6 17 8
31 7 10 12
31 8 13 20
31 9 3 19
31 10 7 3
31 11 15 1
31 12 0 7
31 13 12 15
31 14 7 4
31 15 17 0
31 17 19 7
31 18 5 13
31 19 4 10
31 20 14 4
31 21 11 16
31 22 15 0
31 23 8 10
31 25 11 6
31 26 14 1
31 29 2 15
31 30 7 12
31 32 7 19
31 33 17 19
31 34 13 6
31 35 18 0
31 36 1 20
31 37 13 0
31 38 6 18
31 39 0 6
31 41 13 11
31 45 11 2
31 47 4 14
31 48 2 14
32 2 15 18
32 4 17 7
32 6 18 17
32 7 0 5
32 8 4 18
32 9 5 19
32 10 2 19
32 11 17 2
32 12 13 9
32 13 1 19
32 14 1 18
32 15 8 17
32 16 14 16
32 17 9 5
32 18 2 0
32 20 8 17
32 21 13 5
32 22 15 17
32 23 8 19
32 24 2 15
32 25 6 20
32 28 2 0
32 29 9 8
32 30 1 5
32 32 8 9
32 34 12 11
32 35 13 8
32 37 19 11
32 38 0 8
32 39 18 13
32 40 0 18
32 41 4 11
32 42 9 12
32 43 18 19
32 44 5 18
32 45 17 14
32 46 17 9
32 47 20 17
32 48 11 0
32 49 15 20
33 0 10 16
33 1 17 20
33 2 5 11
33 3 8 12
33 4 0 15
33 6 9 11
33 7 8 11
33 8 14 11
33 9 13 0
33 10 14 5
33 11 20 4
33 12 6 4
33 14 17 1
33 15 11 17
33 16 14 16
33 17 7 13
33 18 8 15
33 19 20 15
33 20 11 1
33 21 3 19
33 22 11 2
33 23 11 13
33 24 7 0
33 25 1 10
33 26 9 1
33 27 18 15
33 28 1 15
33 29 3 9
33 30 19 3
33 31 1 19
33 32 6 1
33 33 2 9
33 34 16 20
33 35 5 12
33 36 9 2
33 37 15 12
33 38 13 5
33 39 3 0
33 40 14 0
33 42 11 14
33 43 14 7
33 44 3 11
33 46 15 6
33 47 6 1
33 48 0 6
34 0 13 8
34 1 15 9
34 2 3 6
34 3 10 3
34 4 9 0
34 5 1 7
34 6 9 9
34 7 16 17
34 8 14 7
34 10 9 1
34 11 1 9
34 13 1 1
34 14 9 1
34 16 3 19
34 19 16 2
34 21 6 19
34 23 14 10
34 25 17 9
34 26 16 11
34 27 20 17
34 29 8 5
34 31 11 20
34 32 5 2
34 34 15 6
34 35 18 7
34 36 14 3
34 37 6 13
34 41 17 16
34 42 16 4
34 43 12 15
34 45 15 1
34 46 18 10
34 47 2 4
34 48 11 12
34 49 9 15
35 0 16 2
35 1 5 10
35 2 1 18
35 3 11 2
35 4 12 2
35 5 3 17
35 6 20 16
35 7 16 10
35 8 10 2
35 9 1 20
35 10 5 19
35 11 9 14
35 12 7 13
35 13 20 6
35 14 4 9
35 15 15 9
35 20 10 17
35 21 2 12
35 23 3 19
35 25 15 6
35 26 17 15
35 27 11 0
35 28 13 3
35 29 11 0
35 30 18 5
35 31 13 11
35 32 3 1
35 33 7 19
35 36 15 16
35 37 7 2
35 38 4 14
35 39 17 9
35 40 4 9
35 42 6 16
35 43 15 12
35 46 12 15
35 47 3 11
35 48 12 18
35 49 10 8
36 0 4 12
36 2 11 15
36 3 7 20
36 5 17 7
36 7 7 8
36 9 8 17
36 10 18 15
36 11 19 12
36 12 4 20
36 13 15 15
36 14 4 7
36 16 8 16
36 17 7 10
36 18 0 10
36 20 13 13
36 21 15 11
36 23 7 7
36 24 19 10
36 25 16 17
36 26 2 17
36 27 11 20
36 29 11 3
36 30 12 4
36 31 10 11
36 32 9 11
36 33 6 18
36 34 8 20
36 36 12 11
36 37 16 1
36 39 5 17
36 40 5 10
36 41 16 13
36 42 19 8
36 43 11 3
36 44 0 20
36 45 14 1
36 46 13 3
36 47 15 10
36 48 12 9
37 0 8 2
37 1 10 11
37 2 15 13
37 4 13 19
37 6 18 8
37 7 0 13
37 8 20 7
37 9 6 5
37 10 8 7
37 11 11 13
37 12 20 2
37 13 20 2
37 14 6 19
37 15 10 19
37 16 13 18
37 17 4 12
37 18 1 8
37 20 9 2
37 21 1 2
37 22 20 11
37 23 16 15
37 24 13 14
37 25 8 17
37 26 2 16
37 27 8 12
37 28 12 16
37 29 7 8
37 30 0 4
37 32 11 13
37 33 19 12
37 34 0 20
37 35 14 5
37 36 0 17
37 37 12 16
37 38 7 1
37 39 12 14
37 40 13 16
37 41 5 19
37 42 16 13
37 43 2 9
37 44 3 13
37 45 19 10
37 46 2 5
37 49 0 12
38 0 18 5
38 1 6 10
38 4 8 7
38 5 11 9
38 6 19 20
38 7 11 15
38 8 15 18
38 9 12 16
38 10 4 8
38 11 14 20
38 13 3 19
38 15 16 7
38 16 13 17
38 19 8 10
38 20 15 12
38 21 2 15
38 22 16 6
38 23 1 9
38 24 5 0
38 25 8 12
38 26 7 0
38 28 7 7
38 29 2 6
38 30 18 0
38 31 5 20
38 33 2 18
38 34 3 3
38 35 11 19
38 36 0 17
38 38 19 10
38 39 0 10
38 40 6 1
38 41 5 2
38 42 3 20
38 43 1 10
38 44 9 20
38 45 10 9
38 47 19 18
38 48 16 20
38 49 7 8
39 0 1 8
39 1 2 3
39 3 14 5
39 5 17 15
39 6 15 11
39 7 19 9
39 8 1 6
39 9 4 7
39 10 6 12
39 11 7 10
39 12 3 20
39 13 1 6
39 14 14 14
39 16 20 12
39 17 3 4
39 18 7 3
39 20 12 17
39 21 10 5
39 22 1 9
39 23 15 17
39 24 12 4
39 25 5 11
39 26 16 7
39 27 12 12
39 29 2 3
39 31 10 13
39 32 10 0
39 33 17 7
39 34 20 0
39 35 12 15
39 36 14 6
39 37 18 12
39 38 17 3
39 39 6 7
39 40 18 1
39 41 15 10
39 42 15 20
39 43 13 5
39 44 9 4
39 45 10 4
39 46 9 12
39 48 10 18
39 49 20 17
40 0 0 8
40 1 12 12
40 2 16 8
40 4 10 10
40 5 4 1
40 7 7 9
40 8 6 20
40 10 14 19
40 11 12 5
40 12 15 14
40 13 20 3
40 14 13 0
40 15 3 10
40 18 19 3
40 19 19 4
40 20 15 20
40 21 15 20
40 22 9 6
40 23 4 19
40 24 7 5
40 25 15 18
40 29 4 13
40 30 9 6
40 32 13 4
40 34 18 5
40 35 6 9
40 38 10 4
40 39 3 10
40 40 15 20
40 41 7 10
40 42 8 19
40 43 17 19
40 44 13 20
40 46 8 14
40 48 6 6
40 49 5 7
41 0 7 18
41 2 11 9
41 3 10 20
41 4 18 10
41 6 15 3
41 8 9 15
41 9 20 7
41 10 9 0
41 11 7 11
41 12 16 0
41 13 4 16
41 14 8 19
41 16 9 7
41 17 20 7
41 19 18 1
41 20 1 11
41 21 1 17
41 23 0 4
41 24 0 11
41 25 9 15
41 27 15 1
41 28 10 1
41 29 2 20
41 30 9 8
41 32 17 11
41 33 7 18
41 34 15 4
41 36 15 3
41 37 0 16
41 39 12 0
41 41 13 14
41 42 19 6
41 44 9 11
41 45 15 19
41 46 1 5
41 47 5 7
41 48 9 2
41 49 2 3
42 0 12 6
42 1 20 13
42 2 8 6
42 3 11 7
42 5 18 19
42 6 20 15
42 7 12 10
42 8 1 12
42 9 4 14
42 10 10 7
42 13 20 4
42 14 17 18
42 16 4 15
42 17 11 2
42 20 9 10
42 22 19 4
42 23 4 1
42 24 0 11
42 25 4 8
42 26 10 12
42 27 4 16
42 28 9 0
42 29 19 17
42 30 0 18
42 31 14 13
42 32 13 7
42 33 3 5
42 34 7 12
42 35 14 14
42 36 17 20
42 37 1 15
42 38 13 20
42 41 13 15
42 42 19 5
42 43 9 3
42 46 0 17
42 48 11 1
42 49 16 14
43 0 7 11
43 3 17 17
43 4 4 8
43 5 10 15
43 6 2 4
43 7 0 8
43 8 7 7
43 10 15 9
43 11 18 9
43 12 10 2
43 13 17 0
43 14 6 7
43 15 0 2
43 16 3 0
43 18 7 1
43 19 14 15
43 20 4 14
43 21 9 9
43 22 2 16
43 23 17 10
43 24 9 20
43 25 5 19
43 26 1 2
43 27 12 16
43 29 4 15
43 30 11 6
43 31 6 20
43 32 2 7
43 33 7 20
43 34 4 4
43 36 4 13
43 37 7 16
43 38 5 9
43 39 8 3
43 41 20 12
43 42 5 0
43 43 16 18
43 44 16 7
43 46 13 11
43 48 4 18
44 0 0 2
44 2 7 8
44 3 11 9
44 4 13 10
44 5 8 9
44 6 7 14
44 7 0 14
44 8 16 12
44 9 7 14
44 10 16 19
44 11 4 11
44 12 13 14
44 13 15 12
44 14 7 5
44 15 15 10
44 16 17 8
44 17 2 16
44 19 0 4
44 20 2 7
44 22 0 20
44 23 2 17
44 24 15 5
44 25 14 3
44 26 10 5
44 27 3 5
44 29 6 7
44 30 8 18
44 31 18 2
44 32 16 16
44 33 8 16
44 34 18 8
44 35 7 3
44 36 17 2
44 37 20 8
44 38 10 3
44 39 6 2
44 40 4 2
44 41 13 12
44 42 2 2
44 43 1 4
44 46 4 3
44 48 6 11
45 0 17 13
45 1 20 20
45 2 16 2
45 3 0 16
45 5 17 5
45 6 6 17
45 7 9 5
45 8 4 4
45 9 14 12
45 11 18 15
45 12 6 16
45 13 8 3
45 14 1 10
45 15 9 12
45 16 5 1
45 17 18 13
45 18 17 0
45 19 8 3
45 20 15 18
45 23 19 11
45 24 4 8
45 25 6 17
45 26 11 11
45 27 2 12
45 29 6 8
45 30 4 0
45 32 10 14
45 33 16 6
45 34 7 12
45 35 16 13
45 37 13 6
45 38 20 16
45 39 0 13
45 40 19 10
45 41 6 20
45 42 4 1
45 43 0 17
45 44 17 9
45 45 4 6
45 46 15 14
45 47 0 5
45 48 10 7
45 49 15 5
46 0 17 9
46 1 11 10
46 2 6 8
46 3 14 20
46 4 11 5
46 5 1 15
46 7 20 0
46 9 17 7
46 10 6 13
46 12 1 19
46 13 9 18
46 14 4 4
46 15 16 0
46 16 0 12
46 17 11 19
46 18 12 6
46 19 4 4
46 20 13 8
46 21 17 0
46 23 16 2
46 25 3 15
46 26 20 9
46 27 1 17
46 28 14 8
46 29 5 8
46 30 7 20
46 32 9 14
46 33 19 20
46 34 4 10
46 35 20 16
46 36 14 3
46 37 10 12
46 38 14 12
46 39 7 0
46 40 2 13
46 42 15 13
46 45 9 8
46 46 10 2
46 47 6 18
46 49 2 18
47 0 0 20
47 1 6 17
47 3 15 20
47 5 1 2
47 6 16 8
47 7 9 0
47 8 19 17
47 9 19 10
47 10 2 12
47 11 3 20
47 12 15 13
47 14 17 2
47 15 18 15
47 16 5 2
47 17 8 0
47 18 12 8
47 19 14 6
47 20 17 0
47 21 15 13
47 22 19 2
47 23 3 16
47 25 4 11
47 26 7 6
47 27 0 9
47 28 9 20
47 29 7 4
47 30 19 7
47 31 8 5
47 33 4 0
47 34 19 7
47 35 20 20
47 36 5 16
47 38 6 10
47 39 16 11
47 40 5 7
47 41 8 11
47 42 19 16
47 44 14 0
47 45 16 8
47 46 12 1
47 48 11 15
47 49 19 6
48 0 7 20
48 1 8 18
48 2 16 1
48 3 2 7
48 5 12 7
48 6 19 5
48 7 15 4
48 9 0 16
48 10 6 7
48 11 1 15
48 12 8 8
48 13 14 7
48 14 14 13
48 15 16 6
48 16 15 15
48 17 15 7
48 18 12 17
48 19 18 10
48 20 2 1
48 21 17 4
48 22 6 17
48 23 0 0
48 24 5 17
48 25 20 10
48 26 19 3
48 27 17 16
48 28 17 7
48 29 18 1
48 32 16 11
48 34 15 2
48 35 1 9
48 36 20 19
48 37 5 17
48 38 0 16
48 39 2 10
48 40 0 5
48 41 6 15
48 43 4 15
48 44 6 17
48 46 1 13
48 47 3 1
48 48 16 5
48 49 11 13
49 0 19 9
49 1 16 7
49 3 2 1
49 4 8 20
49 5 10 20
49 6 15 12
49 8 8 6
49 9 1 0
49 10 11 7
49 11 13 14
49 12 2 3
49 13 6 4
49 14 20 19
49 16 17 18
49 17 16 7
49 18 4 9
49 20 10 3
49 21 20 13
49 22 16 18
49 23 4 14
49 24 18 12
49 25 12 15
49 28 14 0
49 29 17 1
49 31 17 12
49 32 12 7
49 33 4 0
49 35 4 12
49 36 15 3
49 37 20 11
49 38 5 12
49 39 9 4
49 41 6 0
49 42 19 8
49 43 17 16
49 45 19 13
49 47 20 1
49 48 20 9
49 49 9 6
