50
2
0 2 7 14
0 3 17 18
0 4 9 13
0 5 12 14
0 6 18 17
0 7 9 3
0 8 9 17
0 9 5 7
0 10 1 18
0 12 19 12
0 13 11 6
0 14 20 18
0 15 6 17
0 16 17 17
0 17 9 5
0 18 3 0
0 19 4 13
0 20 17 20
0 21 6 18
0 22 8 18
0 23 10 11
0 24 6 6
0 25 16 4
0 26 11 16
0 27 1 15
0 28 7 15
0 29 16 8
0 30 7 14
0 32 2 0
0 34 8 13
0 35 4 16
0 36 6 5
0 37 13 6
0 38 2 3
0 39 20 8
0 41 1 7
0 42 8 3
0 44 16 0
0 45 18 20
0 47 4 20
0 48 15 13
0 49 20 17
1 1 3 19
1 2 5 18
1 3 19 8
1 4 1 17
1 5 5 16
1 6 17 8
1 7 14 16
1 8 19 10
1 9 9 19
1 10 17 0
1 11 13 5
1 12 8 14
1 13 17 18
1 14 17 11
1 16 0 4
1 17 14 15
1 18 4 9
1 19 6 7
1 21 12 12
1 22 19 15
1 24 9 12
1 25 5 10
1 26 18 4
1 27 20 16
1 28 11 18
1 29 10 6
1 32 12 5
1 33 20 13
1 35 14 2
1 36 13 16
1 37 13 11
1 38 11 5
1 39 2 13
1 40 9 14
1 41 6 8
1 42 12 13
1 43 18 8
1 44 2 14
1 46 15 18
1 47 9 16
1 48 19 18
1 49 10 5
2 0 19 1
2 1 0 5
2 2 11 16
2 3 16 18
2 4 12 8
2 5 8 3
2 7 13 8
2 9 4 14
2 10 3 17
2 11 7 18
2 12 3 10
2 13 19 17
2 14 20 17
2 15 7 18
2 16 0 6
2 18 11 7
2 19 20 16
2 20 8 1
2 22 5 6
2 24 2 8
2 25 6 9
2 26 15 7
2 27 0 2
2 28 18 13
2 29 11 7
2 30 12 19
2 31 1 6
2 32 1 20
2 33 17 10
2 34 13 8
2 36 17 0
2 37 3 11
2 38 9 20
2 39 6 19
2 40 1 1
2 41 9 11
2 43 17 16
2 44 16 3
2 45 3 19
2 47 12 11
2 48 12 9
2 49 14 8
3 0 8 6
3 1 0 8
3 2 11 1
3 3 13 3
3 4 0 14
3 5 18 1
3 6 13 11
3 7 20 7
3 8 4 19
3 9 6 18
3 10 5 18
3 11 1 17
3 12 11 12
3 14 0 13
3 15 0 20
3 17 7 8
3 19 16 2
3 20 13 4
3 21 20 12
3 23 7 2
3 24 10 7
3 25 7 12
3 26 17 5
3 27 0 2
3 28 4 3
3 29 3 17
3 30 12 3
3 31 1 2
3 32 12 10
3 33 19 9
3 34 18 18
3 35 17 2
3 36 9 7
3 37 9 11
3 38 5 10
3 39 13 8
3 40 20 8
3 41 16 8
3 42 4 5
3 43 10 19
3 44 12 11
3 45 11 4
3 46 3 20
3 48 15 15
4 0 13 9
4 1 11 11
4 2 15 12
4 3 14 3
4 4 3 15
4 5 8 19
4 6 20 8
4 7 20 8
4 8 0 19
4 10 0 6
4 12 19 0
4 13 8 14
4 14 19 5
4 15 1 12
4 16 11 18
4 17 13 12
4 18 9 1
4 19 5 15
4 20 20 18
4 21 1 18
4 23 19 0
4 25 7 18
4 26 6 13
4 27 20 10
4 28 8 7
4 29 16 7
4 30 9 16
4 31 8 19
4 32 10 18
4 35 0 19
4 36 16 6
4 37 0 7
4 39 20 0
4 41 5 5
4 42 5 8
4 43 16 16
4 45 5 18
4 46 16 1
4 47 12 17
4 48 15 12
4 49 9 2
5 1 8 7
5 3 14 11
5 4 17 2
5 5 6 10
5 7 8 14
5 8 8 12
5 10 0 17
5 11 14 16
5 12 0 3
5 14 7 12
5 17 20 20
5 18 18 4
5 19 6 17
5 21 6 8
5 22 15 14
5 24 1 2
5 25 18 7
5 26 8 2
5 27 12 16
5 28 10 4
5 29 0 17
5 30 6 4
5 31 11 10
5 32 3 18
5 33 19 0
5 34 15 0
5 35 11 3
5 36 5 19
5 38 18 0
5 41 15 15
5 42 11 7
5 43 5 16
5 44 3 2
5 45 8 2
5 46 16 1
5 47 9 9
5 48 16 7
5 49 16 0
6 0 5 7
6 2 6 0
6 3 9 7
6 5 19 5
6 6 10 15
6 7 10 11
6 8 18 0
6 9 5 3
6 10 19 11
6 11 8 13
6 12 1 8
6 13 8 0
6 14 19 5
6 15 12 3
6 16 2 9
6 17 6 1
6 18 4 15
6 19 15 13
6 21 12 13
6 22 6 9
6 24 10 8
6 25 0 7
6 27 11 16
6 28 1 14
6 29 1 0
6 31 16 15
6 34 18 19
6 35 11 16
6 36 7 10
6 37 13 1
6 38 7 10
6 39 16 15
6 40 0 1
6 41 6 16
6 42 12 9
6 43 9 11
6 45 13 13
6 46 8 1
6 47 18 17
6 48 5 3
7 0 6 1
7 1 19 19
7 2 3 12
7 3 6 1
7 4 12 8
7 5 12 3
7 6 2 4
7 7 12 17
7 9 10 17
7 10 8 2
7 11 20 2
7 13 1 17
7 14 16 8
7 15 4 7
7 16 9 10
7 18 15 2
7 19 9 8
7 20 18 6
7 21 14 9
7 22 17 4
7 23 17 12
7 24 2 15
7 25 20 8
7 27 4 11
7 28 17 5
7 29 20 11
7 30 6 9
7 32 19 5
7 33 18 2
7 34 8 9
7 35 9 0
7 36 3 11
7 37 2 12
7 38 5 3
7 39 19 13
7 40 7 18
7 41 14 15
7 42 17 19
7 43 8 9
7 45 11 4
7 46 12 6
7 47 11 10
7 48 2 4
7 49 8 15
8 1 19 18
8 7 10 12
8 8 18 12
8 10 1 20
8 11 11 16
8 12 12 11
8 14 11 13
8 15 19 16
8 18 2 6
8 21 19 18
8 22 0 9
8 23 13 17
8 24 18 20
8 25 5 7
8 28 16 17
8 29 13 3
8 30 0 3
8 31 8 8
8 32 15 10
8 33 19 15
8 34 11 10
8 35 9 15
8 36 7 5
8 37 20 3
8 38 19 3
8 39 0 10
8 41 15 0
8 43 6 16
8 44 10 15
8 45 4 3
8 46 9 20
8 49 18 3
9 0 0 20
9 1 4 13
9 2 16 12
9 3 18 13
9 4 18 1
9 5 20 4
9 6 19 8
9 7 7 0
9 8 20 8
9 9 5 13
9 10 14 15
9 11 3 12
9 12 19 8
9 13 14 10
9 14 2 20
9 15 17 8
9 16 19 18
9 17 1 2
9 18 17 8
9 20 2 7
9 21 12 2
9 23 11 11
9 24 2 2
9 25 19 11
9 26 17 13
9 27 7 11
9 28 19 8
9 29 9 12
9 30 15 12
9 32 8 8
9 35 15 14
9 36 1 12
9 37 14 9
9 38 4 2
9 39 4 10
9 41 9 15
9 42 1 12
9 43 11 7
9 44 10 17
9 45 15 20
9 46 4 10
9 47 17 2
9 49 0 2
10 0 0 8
10 1 2 5
10 2 1 5
10 3 3 16
10 4 11 8
10 5 16 14
10 6 0 7
10 7 17 17
10 8 1 9
10 9 20 3
10 10 9 2
10 11 1 14
10 12 16 20
10 13 2 11
10 14 9 12
10 15 1 13
10 16 5 14
10 17 6 14
10 18 1 18
10 19 1 1
10 20 3 0
10 21 11 11
10 23 10 14
10 24 5 11
10 25 2 17
10 26 10 12
10 28 3 18
10 29 18 4
10 30 18 6
10 32 15 2
10 33 2 4
10 34 17 16
10 36 18 13
10 37 0 19
10 38 1 3
10 39 6 15
10 40 20 2
10 41 4 17
10 43 12 10
10 44 10 0
10 47 12 17
10 48 14 2
10 49 11 5
11 0 9 3
11 1 0 0
11 2 5 1
11 3 19 2
11 6 8 1
11 7 2 11
11 8 11 8
11 9 15 20
11 10 9 7
11 11 6 9
11 12 4 5
11 13 10 8
11 14 10 14
11 15 13 20
11 16 0 5
11 18 2 14
11 19 7 13
11 20 9 0
11 21 17 15
11 22 19 8
11 23 3 15
11 24 2 20
11 25 18 2
11 26 17 9
11 28 18 7
11 29 12 8
11 30 2 8
11 31 9 7
11 33 1 11
11 35 11 8
11 36 6 5
11 37 10 16
11 38 20 12
11 40 6 20
11 43 12 9
11 44 18 5
11 45 0 20
11 48 1 11
11 49 1 18
12 0 6 12
12 1 7 11
12 2 12 7
12 4 10 16
12 5 20 0
12 6 8 9
12 7 10 15
12 8 10 20
12 9 15 12
12 10 4 8
12 11 20 3
12 13 11 17
12 14 7 15
12 15 3 6
12 16 12 8
12 17 18 9
12 19 11 7
12 20 18 5
12 22 9 10
12 23 9 1
12 24 19 15
12 25 20 8
12 26 20 19
12 27 20 14
12 28 10 3
12 29 20 12
12 32 4 15
12 33 3 18
12 34 13 14
12 35 15 7
12 36 5 10
12 37 4 2
12 38 19 19
12 40 17 11
12 41 12 4
12 42 1 16
12 44 14 13
12 45 12 16
12 46 14 18
12 47 18 5
12 48 3 10
12 49 17 19
13 0 7 20
13 1 15 12
13 2 20 8
13 3 1 11
13 4 1 11
13 5 14 19
13 6 13 19
13 7 3 7
13 8 17 5
13 9 8 13
13 10 3 19
13 11 11 13
13 12 10 13
13 13 8 15
13 14 14 13
13 15 19 10
13 17 4 2
13 18 18 10
13 19 18 4
13 20 8 0
13 21 1 13
13 22 4 16
13 23 7 7
13 24 13 20
13 25 15 5
13 26 0 9
13 27 10 3
13 28 11 19
13 30 9 0
13 32 13 3
13 33 6 8
13 35 1 6
13 36 1 8
13 37 20 7
13 38 19 11
13 40 20 12
13 41 0 1
13 42 5 9
13 43 19 20
13 45 2 1
13 46 20 16
13 47 3 4
13 49 6 19
14 0 8 8
14 2 1 11
14 3 20 16
14 4 7 12
14 7 20 13
14 9 13 20
14 10 19 14
14 11 20 17
14 12 19 20
14 13 10 0
14 14 18 17
14 15 18 12
14 16 3 5
14 20 3 2
14 21 15 18
14 22 10 19
14 23 8 18
14 24 13 14
14 26 10 12
14 27 3 1
14 28 16 14
14 29 6 17
14 30 6 0
14 31 14 6
14 32 16 13
14 33 13 6
14 34 4 7
14 35 8 14
14 36 12 5
14 37 16 12
14 39 18 18
14 40 11 8
14 42 2 11
14 43 11 19
14 45 4 14
14 47 4 3
14 48 2 4
15 1 1 0
15 2 7 17
15 3 10 11
15 4 6 11
15 5 14 18
15 6 15 11
15 7 3 4
15 8 14 17
15 9 6 16
15 10 16 14
15 11 5 5
15 12 9 0
15 13 5 3
15 14 17 14
15 15 2 7
15 16 7 5
15 17 11 18
15 19 18 16
15 20 13 12
15 21 9 5
15 22 1 0
15 23 15 10
15 26 1 16
15 27 11 7
15 28 10 19
15 29 16 17
15 30 6 5
15 31 9 8
15 32 19 11
15 33 6 7
15 34 3 10
15 35 12 5
15 36 1 0
15 37 11 14
15 39 4 11
15 41 11 5
15 43 11 5
15 44 18 18
15 45 16 13
15 46 13 5
16 0 19 8
16 1 9 10
16 3 20 4
16 4 16 6
16 5 0 15
16 6 8 15
16 7 7 18
16 9 9 6
16 10 0 16
16 11 13 7
16 14 11 11
16 15 19 9
16 16 7 18
16 17 0 12
16 18 5 20
16 19 8 5
16 20 2 18
16 21 6 13
16 22 4 19
16 24 8 5
16 25 15 2
16 26 14 15
16 27 19 2
16 28 9 2
16 29 1 13
16 30 2 20
16 31 10 17
16 32 6 16
16 33 0 10
16 34 4 16
16 35 2 1
16 37 15 10
16 38 2 14
16 39 5 11
16 40 18 15
16 41 12 13
16 42 12 17
16 43 5 20
16 44 16 1
16 45 19 18
16 46 5 2
16 47 14 3
16 48 0 5
16 49 9 1
17 0 14 4
17 1 0 3
17 2 4 14
17 3 10 6
17 6 17 5
17 7 17 6
17 8 11 7
17 9 6 0
17 11 3 0
17 12 9 18
17 13 7 6
17 15 17 17
17 16 1 3
17 17 18 14
17 18 6 15
17 19 14 19
17 20 14 8
17 21 20 12
17 22 3 10
17 24 2 11
17 25 2 0
17 26 16 10
17 28 3 18
17 29 6 17
17 30 17 11
17 31 13 6
17 34 18 18
17 35 13 15
17 36 18 20
17 37 16 12
17 38 10 1
17 39 1 3
17 40 14 14
17 41 6 12
17 42 8 18
17 44 4 16
17 45 20 2
17 46 20 20
17 47 7 19
17 49 4 17
18 0 7 1
18 2 0 0
18 3 4 4
18 4 20 1
18 5 10 6
18 7 4 9
18 8 18 0
18 9 7 16
18 10 15 8
18 11 6 6
18 12 3 8
18 14 0 16
18 15 17 14
18 17 19 3
18 18 18 13
18 20 11 6
18 22 11 1
18 23 6 20
18 24 2 16
18 25 7 11
18 26 15 18
18 27 10 15
18 28 8 2
18 30 0 11
18 31 16 20
18 32 10 5
18 33 20 2
18 34 7 19
18 35 16 10
18 36 16 10
18 37 20 11
18 38 15 17
18 39 1 16
18 41 9 8
18 42 0 20
18 44 16 9
18 45 17 6
18 46 20 15
18 47 17 5
18 49 20 1
19 0 5 16
19 2 1 2
19 3 16 10
19 5 0 9
19 6 1 8
19 7 9 14
19 8 13 0
19 9 13 16
19 10 17 1
19 11 4 3
19 13 2 13
19 14 4 8
19 15 12 8
19 19 19 12
19 20 15 11
19 21 20 1
19 22 13 10
19 23 6 17
19 24 18 17
19 26 16 7
19 28 11 0
19 29 1 17
19 31 11 10
19 33 3 11
19 35 1 19
19 36 18 14
19 37 3 11
19 39 13 2
19 40 9 3
19 41 18 0
19 42 20 4
19 43 17 18
19 44 9 2
19 45 17 18
19 47 3 5
19 48 5 17
19 49 4 18
20 0 13 0
20 1 1 1
20 2 12 12
20 4 9 7
20 5 17 14
20 6 17 8
20 7 10 17
20 8 5 16
20 10 18 16
20 11 5 6
20 12 10 10
20 13 9 8
20 14 4 11
20 15 12 13
20 16 16 0
20 17 12 17
20 18 0 4
20 21 17 8
20 22 7 4
20 25 20 2
20 26 4 12
20 27 5 7
20 28 11 7
20 30 7 8
20 31 19 18
20 32 17 15
20 34 16 13
20 35 10 7
20 37 6 2
20 38 8 1
20 40 2 18
20 41 2 11
20 42 14 0
20 43 8 0
20 45 3 7
20 46 20 9
20 48 11 4
20 49 10 0
21 0 6 13
21 1 16 18
21 2 12 15
21 3 2 12
21 4 17 20
21 5 15 19
21 6 9 9
21 7 14 19
21 8 8 1
21 10 15 4
21 11 13 0
21 12 14 6
21 14 14 19
21 15 6 16
21 16 8 13
21 17 20 14
21 18 6 19
21 21 4 20
21 22 17 12
21 23 11 17
21 24 7 2
21 26 11 12
21 28 8 13
21 31 3 4
21 34 6 15
21 35 0 15
21 36 16 17
21 37 1 17
21 38 3 7
21 39 10 17
21 40 5 18
21 42 13 18
21 43 6 1
21 46 17 18
21 47 9 2
21 48 1 20
21 49 3 5
22 0 9 6
22 1 7 9
22 2 19 19
22 3 13 3
22 4 9 8
22 6 7 18
22 7 3 17
22 8 12 2
22 9 9 14
22 10 20 10
22 11 13 6
22 12 0 0
22 13 19 11
22 14 16 12
22 16 18 8
22 17 19 11
22 18 15 20
22 19 20 13
22 21 3 13
22 22 2 15
22 23 5 4
22 24 9 10
22 26 9 16
22 27 7 6
22 29 1 13
22 30 7 4
22 31 6 11
22 32 7 17
22 33 9 19
22 35 17 11
22 36 9 1
22 37 7 10
22 38 4 10
22 39 10 8
22 40 5 1
22 41 20 15
22 44 11 15
22 45 13 1
22 46 14 17
22 47 1 5
22 48 2 16
22 49 2 0
23 0 9 12
23 1 8 10
23 2 8 13
23 3 1 15
23 4 5 14
23 5 11 18
23 6 20 17
23 7 16 5
23 8 17 20
23 10 14 18
23 11 3 11
23 12 17 3
23 13 16 20
23 15 18 10
23 16 20 3
23 17 9 13
23 18 8 14
23 19 5 3
23 20 8 18
23 21 3 16
23 22 17 2
23 23 0 13
23 24 0 13
23 25 4 12
23 27 3 12
23 28 14 2
23 29 9 13
23 30 20 2
23 31 10 6
23 33 5 0
23 34 6 14
23 36 4 3
23 37 0 14
23 38 20 6
23 40 16 0
23 41 20 0
23 42 17 6
23 43 18 1
23 45 19 18
23 46 2 16
23 47 6 0
23 48 3 13
23 49 3 2
24 0 10 16
24 1 5 10
24 2 7 1
24 3 5 4
24 4 20 7
24 5 15 2
24 6 6 11
24 7 2 11
24 8 20 17
24 9 0 7
24 10 2 4
24 11 15 3
24 12 15 15
24 14 16 17
24 16 6 3
24 17 5 11
24 18 12 18
24 19 12 10
24 20 6 11
24 21 1 18
24 22 5 7
24 23 2 12
24 24 19 20
24 26 0 7
24 28 16 4
24 29 9 3
24 30 4 1
24 31 3 18
24 32 10 15
24 33 2 15
24 34 13 10
24 37 0 2
24 39 1 12
24 40 9 4
24 41 1 16
24 42 9 9
24 43 10 15
24 45 6 2
24 46 10 6
24 47 8 7
24 49 4 19
25 1 7 10
25 2 6 12
25 3 15 16
25 4 11 3
25 5 16 7
25 6 15 11
25 7 8 5
25 9 1 12
25 10 7 7
25 11 8 13
25 12 4 4
25 14 5 19
25 15 14 2
25 16 13 7
25 17 19 7
25 18 13 3
25 19 11 18
25 20 8 11
25 22 20 18
25 23 11 7
25 24 3 9
25 25 17 10
25 26 1 20
25 27 10 19
25 29 4 9
25 30 7 5
25 31 11 2
25 32 19 9
25 33 6 10
25 34 18 6
25 35 13 2
25 38 13 16
25 40 17 13
25 41 4 9
25 42 12 17
25 43 3 2
25 44 1 16
25 45 20 8
25 46 14 6
25 47 1 15
25 48 6 15
26 1 0 9
26 3 3 12
26 4 9 13
26 5 0 13
26 7 4 13
26 9 2 19
26 10 0 13
26 12 12 2
26 14 9 14
26 15 6 10
26 16 14 10
26 18 18 19
26 19 6 11
26 20 15 19
26 21 5 18
26 22 6 6
26 24 15 5
26 25 10 3
26 26 2 2
26 27 15 17
26 28 20 5
26 29 15 6
26 30 0 19
26 31 18 3
26 32 18 10
26 33 19 15
26 34 2 12
26 36 19 8
26 38 1 16
26 39 2 4
26 40 11 14
26 41 4 17
26 42 0 0
26 43 14 16
26 44 8 17
26 45 0 14
26 46 0 15
26 49 9 1
27 0 7 0
27 1 3 19
27 2 5 6
27 3 10 9
27 4 15 15
27 5 5 13
27 6 16 4
27 7 3 9
27 8 16 14
27 9 10 7
27 11 10 9
27 12 2 7
27 13 5 17
27 14 10 16
27 15 18 12
27 18 13 3
27 20 2 13
27 21 2 5
27 23 7 7
27 24 5 19
27 25 12 4
27 27 19 15
27 28 20 20
27 29 3 15
27 31 10 15
27 33 16 14
27 34 15 18
27 36 20 14
27 37 6 3
27 38 17 15
27 39 9 1
27 40 20 13
27 41 7 9
27 43 16 8
27 44 12 20
27 45 15 2
27 48 16 20
27 49 13 4
28 0 2 8
28 1 16 12
28 4 19 19
28 5 16 18
28 6 8 15
28 7 1 7
28 10 14 0
28 13 14 11
28 14 6 1
28 15 9 7
28 16 12 7
28 17 1 17
28 18 20 0
28 19 0 13
28 20 8 17
28 22 9 6
28 23 1 3
28 24 10 2
28 25 15 9
28 26 20 12
28 27 11 5
28 28 7 0
28 30 15 17
28 31 3 1
28 32 9 0
28 33 6 2
28 34 8 18
28 35 20 4
28 36 1 3
28 37 11 13
28 38 11 16
28 39 14 3
28 40 5 20
28 41 7 16
28 42 13 15
28 43 6 10
28 44 1 8
28 45 20 12
28 47 20 1
28 48 5 7
28 49 16 15
29 0 3 13
29 1 9 16
29 2 0 19
29 3 2 19
29 4 17 12
29 5 0 17
29 6 1 20
29 8 8 14
29 9 15 19
29 10 13 0
29 11 2 10
29 12 6 16
29 13 4 2
29 14 5 15
29 15 5 9
29 16 6 15
29 17 7 7
29 18 13 1
29 19 4 2
29 20 9 15
29 22 12 2
29 23 2 13
29 25 1 12
29 26 1 13
29 28 18 4
29 29 16 3
29 31 13 1
29 32 20 16
29 34 10 5
29 36 4 19
29 37 1 17
29 38 12 16
29 39 2 7
29 40 4 19
29 42 11 13
29 43 1 17
29 44 14 14
29 47 13 16
29 48 4 6
30 0 0 7
30 1 17 11
30 2 20 6
30 3 9 0
30 4 16 10
30 5 17 12
30 6 9 12
30 7 13 10
30 8 9 8
30 9 16 2
30 10 9 1
30 11 6 9
30 12 13 5
30 13 5 15
30 14 6 18
30 15 18 11
30 16 9 15
30 17 20 20
30 18 10 11
30 19 12 9
30 20 6 5
30 21 7 1
30 23 13 13
30 24 3 2
30 26 10 20
30 27 16 16
30 29 2 8
30 30 2 12
30 32 3 8
30 34 0 3
30 35 2 3
30 36 10 14
30 37 16 15
30 38 15 0
30 39 0 11
30 40 7 12
30 41 8 13
30 42 18 20
30 43 8 15
30 44 0 0
30 45 3 11
30 46 9 15
30 47 20 3
30 48 0 5
30 49 11 5
31 0 4 19
31 1 18 19
31 2 6 5
31 3 6 3
31 4 20 5
31 5 14 15
31 6 11 5
31 7 8 18
31 8 12 0
31 9 3 8
31 10 4 9
31 11 3 3
31 12 2 11
31 13 19 6
31 14 4 5
31 15 10 10
31 16 19 2
31 18 10 16
31 19 13 5
31 20 19 8
31 21 2 12
31 22 5 16
31 24 1 9
31 25 6 13
31 26 19 0
31 27 8 0
31 28 3 6
31 29 14 7
31 33 20 3
31 35 17 15
31 36 2 11
31 37 15 1
31 38 12 6
31 39 10 17
31 40 16 3
31 41 19 11
31 42 7 20
31 43 6 4
31 45 3 2
31 46 8 10
31 47 8 14
31 48 12 15
32 0 10 7
32 1 6 12
32 3 1 3
32 4 20 17
32 5 18 8
32 7 1 2
32 8 18 0
32 9 16 19
32 10 3 9
32 11 16 8
32 13 5 16
32 14 11 20
32 15 18 8
32 17 18 16
32 19 11 19
32 20 7 0
32 21 19 2
32 22 3 2
32 24 18 20
32 25 15 11
32 27 3 10
32 29 6 7
32 30 7 4
32 31 0 10
32 32 11 3
32 33 18 8
32 34 16 7
32 35 7 4
32 36 4 8
32 37 6 7
32 38 4 7
32 39 12 9
32 40 5 11
32 41 17 10
32 42 0 18
32 43 4 7
32 45 13 13
32 46 16 5
32 47 10 18
32 49 18 15
33 0 5 3
33 1 16 18
33 2 19 7
33 3 16 2
33 5 16 19
33 6 2 12
33 7 5 6
33 8 17 2
33 9 13 20
33 11 19 20
33 12 18 8
33 13 3 19
33 15 8 10
33 16 0 16
33 17 6 4
33 18 18 11
33 19 8 16
33 21 0 0
33 22 5 17
33 24 3 17
33 25 18 13
33 26 16 17
33 27 1 9
33 29 12 0
33 30 4 6
33 34 19 20
33 35 5 7
33 36 0 0
33 37 20 1
33 38 19 13
33 39 11 20
33 40 17 12
33 42 4 16
33 43 6 12
33 44 15 16
33 45 10 12
33 46 8 5
33 47 14 17
33 48 13 1
33 49 0 11
34 0 5 18
34 1 20 14
34 2 7 8
34 3 0 20
34 4 7 4
34 5 5 18
34 6 0 0
34 7 10 3
34 8 4 4
34 9 8 11
34 11 7 11
34 12 8 8
34 13 5 11
34 14 13 12
34 15 11 6
34 16 20 1
34 20 18 20
34 21 6 16
34 22 2 12
34 23 18 3
34 25 16 3
34 27 8 9
34 28 10 2
34 30 1 17
34 31 15 15
34 32 4 12
34 33 17 7
34 34 19 15
34 35 12 6
34 36 5 10
34 37 16 0
34 38 5 12
34 39 7 2
34 41 10 2
34 42 7 8
34 44 15 0
34 45 18 13
34 46 16 17
34 48 2 2
34 49 4 6
35 0 15 17
35 1 20 7
35 3 7 19
35 4 9 4
35 5 7 4
35 6 7 8
35 7 9 19
35 8 7 10
35 10 6 1
35 11 13 10
35 12 7 16
35 13 7 2
35 15 14 3
35 16 17 15
35 17 1 17
35 18 7 15
35 19 20 9
35 21 16 5
35 23 17 0
35 24 5 4
35 25 5 20
35 26 10 20
35 27 13 7
35 29 13 3
35 30 6 9
35 32 1 6
35 33 19 10
35 35 0 6
35 36 5 8
35 37 1 8
35 38 4 7
35 39 9 3
35 40 11 8
35 43 10 1
35 44 17 14
35 45 5 11
35 46 8 1
35 48 14 4
35 49 20 15
36 0 13 4
36 1 13 5
36 2 17 7
36 3 18 0
36 5 8 3
36 6 3 1
36 7 18 7
36 8 19 12
36 9 19 18
36 10 20 18
36 11 16 9
36 12 20 5
36 13 9 9
36 15 16 18
36 16 4 20
36 17 8 13
36 18 4 0
36 19 18 18
36 20 20 1
36 21 3 7
36 22 12 7
36 23 18 14
36 25 15 3
36 27 3 12
36 29 17 7
36 30 19 9
36 31 19 5
36 32 19 4
36 33 17 11
36 34 17 2
36 35 0 9
36 36 15 10
36 37 13 16
36 38 7 12
36 39 11 11
36 40 8 10
36 41 3 14
36 43 10 20
36 44 10 13
36 45 17 13
36 46 18 3
36 47 0 3
36 48 0 20
37 1 15 7
37 2 17 6
37 3 9 13
37 4 8 5
37 5 20 9
37 6 18 10
37 7 10 20
37 8 11 18
37 9 5 1
37 10 19 6
37 11 12 19
37 12 12 14
37 13 18 9
37 15 11 2
37 16 3 11
37 18 11 9
37 19 11 0
37 20 6 2
37 24 18 16
37 26 17 20
37 27 9 11
37 28 9 18
37 30 6 5
37 31 6 10
37 32 9 12
37 33 10 4
37 34 12 2
37 36 0 3
37 37 11 14
37 38 19 2
37 39 1 7
37 40 20 7
37 42 16 18
37 43 11 7
37 44 13 6
37 45 10 15
37 46 9 17
37 47 5 1
37 48 20 18
37 49 1 0
38 0 0 2
38 1 9 19
38 3 10 17
38 4 9 20
38 5 2 18
38 6 8 12
38 7 11 3
38 8 1 17
38 10 7 3
38 11 20 16
38 12 4 0
38 13 13 11
38 16 1 16
38 17 3 11
38 19 2 6
38 20 2 4
38 21 17 9
38 23 5 7
38 25 3 1
38 26 19 3
38 27 5 0
38 29 13 19
38 32 16 9
38 33 14 0
38 34 20 9
38 35 15 16
38 36 3 4
38 37 12 5
38 38 16 13
38 40 11 14
38 41 1 4
38 42 12 9
38 45 15 4
38 46 11 3
38 47 16 6
38 48 20 15
38 49 15 10
39 0 2 13
39 1 11 11
39 2 13 18
39 3 15 19
39 4 18 16
39 5 6 1
39 7 12 19
39 8 5 19
39 9 9 10
39 10 9 12
39 11 9 12
39 12 2 17
39 14 17 7
39 15 9 11
39 16 6 20
39 17 2 1
39 18 6 7
39 20 8 18
39 21 8 11
39 22 18 3
39 23 11 6
39 24 4 10
39 26 18 7
39 27 7 13
39 29 7 17
39 30 6 9
39 31 14 13
39 33 8 14
39 34 6 8
39 37 4 5
39 38 12 5
39 39 20 20
39 40 18 15
39 41 14 7
39 42 4 11
39 43 0 6
39 44 16 6
39 45 1 10
39 46 14 13
39 47 0 20
39 48 16 2
39 49 4 15
40 0 16 4
40 1 6 8
40 2 14 19
40 3 2 12
40 4 12 18
40 5 5 5
40 7 2 6
40 8 12 19
40 9 3 16
40 10 6 15
40 12 3 13
40 13 10 13
40 14 20 12
40 15 13 7
40 17 9 15
40 18 10 8
40 19 1 18
40 20 12 18
40 21 18 11
40 22 14 16
40 23 10 1
40 24 2 14
40 25 1 2
40 27 16 10
40 28 6 15
40 29 12 19
40 31 9 1
40 32 20 11
40 33 4 1
40 34 20 4
40 36 6 16
40 37 8 19
40 38 17 10
40 39 7 3
40 40 13 2
40 42 3 17
40 44 13 2
40 45 7 3
40 46 19 13
40 47 17 12
40 48 7 10
40 49 14 6
41 0 17 2
41 1 18 0
41 2 15 11
41 3 4 17
41 4 17 13
41 6 19 1
41 7 19 5
41 8 8 16
41 9 5 6
41 10 16 4
41 11 12 18
41 12 17 3
41 13 3 7
41 14 14 9
41 15 19 1
41 16 4 18
41 17 10 2
41 18 3 3
41 19 4 7
41 21 20 4
41 22 11 8
41 23 4 5
41 25 6 6
41 26 12 16
41 27 16 2
41 28 18 17
41 29 6 7
41 30 15 0
41 31 17 11
41 33 4 13
41 34 5 12
41 35 7 5
41 36 0 20
41 37 4 2
41 38 14 12
41 39 20 7
41 40 20 16
41 41 10 1
41 42 12 11
41 44 10 12
41 45 11 2
41 46 8 20
41 47 1 14
42 0 7 19
42 1 19 9
42 2 17 7
42 3 1 9
42 4 4 8
42 7 5 4
42 8 6 8
42 9 18 10
42 10 5 18
42 11 15 18
42 13 14 16
42 14 16 0
42 15 3 17
42 16 11 19
42 17 4 8
42 19 14 19
42 20 20 8
42 22 2 13
42 24 20 3
42 27 8 14
42 29 5 6
42 31 10 2
42 32 14 9
42 33 17 3
42 34 19 14
42 36 1 13
42 37 13 18
42 38 7 8
42 39 3 9
42 40 6 6
42 41 11 6
42 42 5 7
42 44 7 9
42 45 16 10
42 46 16 9
42 49 1 11
43 0 17 14
43 1 10 6
43 2 2 14
43 3 0 20
43 4 16 10
43 5 4 5
43 6 12 11
43 7 1 7
43 8 14 15
43 9 12 19
43 10 8 17
43 11 13 1
43 12 4 11
43 13 3 8
43 14 12 16
43 17 19 4
43 18 12 3
43 19 15 5
43 20 14 13
43 22 12 20
43 23 10 4
43 24 19 13
43 25 13 4
43 28 6 16
43 29 14 2
43 30 15 18
43 31 13 0
43 32 19 11
43 35 2 6
43 36 15 18
43 37 1 20
43 38 12 17
43 39 2 19
43 40 6 18
43 41 20 9
43 42 16 12
43 43 7 9
43 47 13 10
43 48 17 13
43 49 5 8
44 0 3 7
44 1 5 20
44 2 1 6
44 3 19 0
44 4 18 11
44 5 2 14
44 6 13 15
44 7 13 1
44 8 18 0
44 9 16 5
44 10 15 19
44 11 19 11
44 12 3 18
44 13 5 16
44 14 6 0
44 15 16 6
44 17 18 10
44 19 12 1
44 21 16 19
44 22 19 11
44 25 15 5
44 26 14 3
44 27 13 5
44 28 14 4
44 29 0 12
44 30 15 4
44 32 19 1
44 33 10 20
44 34 0 0
44 35 12 10
44 38 16 4
44 39 5 8
44 40 18 3
44 41 7 2
44 42 10 9
44 43 14 7
44 44 13 2
44 46 17 3
44 47 12 20
44 48 7 12
44 49 15 5
45 1 0 14
45 2 7 2
45 4 15 3
45 6 12 15
45 8 10 4
45 9 15 4
45 10 2 16
45 11 14 1
45 12 0 3
45 13 3 1
45 14 2 16
45 15 9 18
45 16 16 3
45 18 19 12
45 19 19 0
45 20 20 0
45 21 4 5
45 22 8 3
45 23 14 4
45 24 15 17
45 25 1 9
45 26 17 16
45 27 8 12
45 28 5 19
45 29 2 19
45 30 16 0
45 31 13 2
45 33 8 10
45 34 7 4
45 35 3 7
45 37 5 20
45 38 3 5
45 40 5 14
45 41 13 2
45 42 16 19
45 43 8 10
45 44 18 9
45 47 18 18
45 48 14 3
45 49 2 14
46 0 7 3
46 1 12 9
46 3 5 19
46 4 10 20
46 5 15 9
46 7 19 7
46 8 9 7
46 9 17 3
46 10 12 13
46 12 15 0
46 13 19 3
46 14 16 17
46 16 15 2
46 17 16 18
46 18 12 13
46 20 1 15
46 21 0 19
46 22 13 2
46 23 1 16
46 25 17 1
46 27 19 5
46 28 11 4
46 29 12 1
46 30 19 14
46 31 9 0
46 32 12 4
46 33 9 17
46 34 19 14
46 36 7 12
46 37 19 20
46 39 2 2
46 40 20 16
46 41 15 1
46 44 2 18
46 45 4 8
46 46 14 0
46 48 2 15
46 49 7 20
47 0 20 3
47 1 19 8
47 2 16 7
47 4 5 11
47 5 2 10
47 6 8 10
47 9 11 20
47 10 1 2
47 11 14 14
47 12 5 13
47 14 7 18
47 15 12 4
47 16 16 15
47 17 15 2
47 18 4 15
47 20 10 6
47 21 6 1
47 22 8 18
47 23 4 7
47 24 4 11
47 25 18 16
47 27 19 0
47 28 17 13
47 29 17 6
47 32 1 11
47 33 18 0
47 35 13 11
47 36 13 2
47 39 6 12
47 40 9 8
47 41 19 8
47 42 15 12
47 43 2 7
47 45 3 7
47 46 13 13
47 47 3 5
47 48 11 7
47 49 9 18
48 0 17 4
48 1 0 15
48 2 15 19
48 5 10 17
48 12 20 18
48 13 18 13
48 14 3 8
48 15 17 8
48 16 17 11
48 17 19 20
48 18 14 20
48 21 4 8
48 22 14 11
48 23 19 7
48 24 13 7
48 25 13 6
48 26 7 1
48 27 4 4
48 28 4 6
48 29 1 13
48 32 13 5
48 33 2 15
48 34 14 0
48 35 9 13
48 36 0 20
48 37 17 19
48 38 15 12
48 39 18 3
48 40 20 19
48 41 11 19
48 42 4 11
48 43 19 15
48 44 11 20
48 45 4 0
48 46 18 16
48 47 14 3
48 48 10 4
48 49 10 17
49 0 11 20
49 1 9 0
49 2 15 1
49 4 13 0
49 5 7 19
49 6 11 2
49 7 4 4
49 8 4 15
49 9 8 5
49 10 9 0
49 11 10 0
49 12 9 13
49 13 12 3
49 14 7 2
49 15 20 13
49 16 14 5
49 17 16 19
49 18 7 19
49 20 4 2
49 22 8 17
49 23 7 6
49 24 1 9
49 25 15 7
49 26 1 16
49 27 9 1
49 28 10 6
49 29 16 3
49 30 8 14
49 31 8 20
49 32 16 10
49 33 4 9
49 34 4 6
49 36 0 5
49 37 4 18
49 38 6 6
49 39 5 9
49 40 14 11
49 42 6 3
49 43 16 0
49 44 2 15
49 45 20 7
49 46 12 12
49 49 12 9
