50
2
0 0 2 5
0 1 7 18
0 2 2 7
0 3 14 16
0 4 13 19
0 5 13 12
0 6 5 19
0 8 16 1
0 9 17 1
0 10 1 0
0 11 5 17
0 12 16 17
0 13 5 18
0 14 9 20
0 15 19 6
0 16 18 9
0 17 9 13
0 19 8 4
0 20 18 10
0 21 11 20
0 22 11 4
0 23 15 12
0 24 14 13
0 25 18 11
0 26 6 18
0 27 15 3
0 28 13 13
0 29 15 12
0 30 12 14
0 31 2 20
0 32 11 18
0 33 15 10
0 35 12 15
0 36 11 20
0 37 8 0
0 38 10 20
0 39 14 4
0 40 14 2
0 41 8 19
0 42 17 5
0 43 7 1
0 44 20 2
0 46 18 14
0 47 0 17
0 48 11 10
0 49 12 12
1 0 18 1
1 1 11 16
1 2 17 16
1 3 5 13
1 5 6 3
1 6 17 20
1 7 18 0
1 8 7 8
1 9 5 4
1 11 18 16
1 12 17 18
1 13 0 11
1 14 10 13
1 16 19 3
1 17 14 12
1 18 1 9
1 19 12 9
1 20 20 11
1 21 17 16
1 22 0 3
1 23 11 4
1 24 5 8
1 25 5 3
1 26 19 12
1 27 8 12
1 28 4 11
1 29 4 19
1 30 2 3
1 31 10 11
1 32 16 7
1 33 18 16
1 36 0 20
1 37 3 12
1 38 18 15
1 39 9 0
1 41 0 7
1 44 7 9
1 45 11 6
1 46 19 11
1 47 16 9
1 48 8 6
1 49 6 5
2 0 4 2
2 1 2 7
2 2 9 3
2 4 5 15
2 7 12 18
2 8 3 3
2 9 15 5
2 10 8 19
2 12 16 18
2 13 2 0
2 15 8 0
2 16 19 11
2 17 14 14
2 18 5 16
2 19 9 10
2 20 17 1
2 21 1 4
2 22 0 10
2 23 12 18
2 24 9 15
2 25 7 13
2 27 7 17
2 28 0 16
2 29 2 19
2 30 3 20
2 31 7 2
2 32 14 1
2 33 19 18
2 34 6 9
2 35 19 17
2 36 1 5
2 37 17 10
2 38 13 4
2 40 12 1
2 41 10 0
2 42 15 14
2 43 11 7
2 45 0 4
2 47 17 12
2 48 8 11
2 49 19 1
3 0 6 9
3 1 12 8
3 2 10 15
3 3 13 19
3 5 8 4
3 6 3 6
3 7 2 20
3 8 1 9
3 9 19 6
3 10 10 2
3 12 3 17
3 13 18 20
3 14 16 2
3 16 6 11
3 17 6 1
3 18 14 1
3 19 8 2
3 20 10 15
3 21 2 16
3 22 14 15
3 23 9 9
3 24 16 6
3 25 3 11
3 26 5 9
3 27 10 15
3 28 12 11
3 29 15 5
3 30 7 1
3 31 8 6
3 32 16 2
3 33 14 17
3 34 13 13
3 35 7 10
3 37 10 10
3 38 17 8
3 41 8 9
3 42 17 19
3 43 5 8
3 44 9 12
3 45 14 12
3 46 1 17
3 47 3 1
3 48 20 13
3 49 12 14
4 0 19 0
4 1 1 10
4 2 17 5
4 3 12 7
4 4 3 19
4 5 15 4
4 6 8 15
4 8 9 1
4 9 16 4
4 10 4 4
4 11 5 9
4 12 3 7
4 13 1 1
4 14 14 15
4 16 5 8
4 17 10 6
4 18 8 10
4 19 1 15
4 20 6 19
4 21 9 5
4 25 4 10
4 27 19 4
4 28 20 14
4 29 11 11
4 30 0 18
4 31 16 8
4 32 11 19
4 33 19 8
4 34 10 19
4 36 13 15
4 37 2 12
4 39 10 18
4 40 18 8
4 41 18 7
4 42 2 14
4 43 15 0
4 44 9 0
4 45 19 8
4 46 4 20
4 48 6 5
4 49 15 12
5 2 7 6
5 3 0 0
5 4 12 5
5 5 19 1
5 7 20 11
5 8 9 15
5 10 4 6
5 12 18 4
5 13 15 1
5 14 18 6
5 15 7 2
5 17 17 18
5 18 10 18
5 20 19 7
5 21 19 19
5 22 14 2
5 23 0 20
5 25 15 5
5 27 9 19
5 30 20 18
5 31 18 16
5 33 17 2
5 34 6 14
5 35 10 7
5 36 2 6
5 37 11 9
5 38 10 1
5 39 16 8
5 41 9 17
5 42 1 12
5 44 18 7
5 45 2 10
5 46 13 6
5 47 4 7
5 49 2 4
6 0 5 15
6 4 17 19
6 5 13 14
6 6 12 17
6 7 15 17
6 8 19 14
6 9 0 0
6 10 11 4
6 11 13 6
6 12 5 8
6 13 8 14
6 17 2 13
6 19 6 9
6 20 3 8
6 23 11 6
6 24 11 2
6 26 5 10
6 27 2 4
6 28 15 20
6 29 15 8
6 32 6 20
6 33 7 8
6 35 8 4
6 36 4 11
6 37 8 7
6 38 19 1
6 39 3 6
6 40 9 10
6 41 20 0
6 42 19 3
6 43 11 5
6 44 3 19
6 46 17 11
6 47 15 2
6 48 15 6
6 49 10 12
7 0 12 12
7 1 3 14
7 2 12 16
7 3 2 17
7 4 15 12
7 6 3 0
7 7 7 1
7 9 11 7
7 10 2 17
7 11 13 13
7 12 4 6
7 13 4 9
7 15 9 18
7 16 17 18
7 17 7 1
7 18 12 10
7 20 6 6
7 21 4 13
7 23 18 12
7 24 7 17
7 25 19 0
7 26 19 9
7 27 20 13
7 28 16 7
7 29 10 9
7 30 15 0
7 32 6 15
7 34 2 19
7 37 2 6
7 39 12 19
7 40 18 2
7 42 2 5
7 43 8 9
7 44 17 15
7 45 3 14
7 46 13 5
7 47 14 1
7 48 8 12
7 49 5 4
8 0 1 16
8 1 16 18
8 2 1 11
8 3 9 1
8 6 13 17
8 7 5 19
8 8 3 2
8 9 15 0
8 10 2 15
8 11 0 0
8 12 17 3
8 13 13 20
8 14 6 12
8 15 2 11
8 16 3 14
8 17 9 7
8 18 18 13
8 19 2 17
8 21 0 10
8 22 15 2
8 23 8 17
8 24 17 0
8 25 8 5
8 27 3 19
8 28 9 3
8 29 17 6
8 30 10 19
8 31 0 18
8 32 2 1
8 33 1 8
8 34 7 17
8 37 6 5
8 38 4 12
8 39 8 14
8 40 5 14
8 41 6 1
8 42 8 2
8 43 9 7
8 44 11 10
8 45 8 13
8 46 11 17
8 47 0 5
8 49 12 5
9 1 18 11
9 2 4 12
9 3 15 14
9 4 2 6
9 5 15 12
9 6 4 13
9 7 16 13
9 8 11 9
9 9 3 9
9 10 0 6
9 11 14 19
9 12 15 4
9 13 20 8
9 14 15 1
9 15 8 6
9 16 8 1
9 18 3 4
9 19 11 17
9 20 17 17
9 21 4 11
9 22 6 14
9 23 7 14
9 25 0 6
9 26 20 7
9 27 14 8
9 28 20 12
9 30 0 2
9 31 16 1
9 32 5 12
9 33 9 2
9 35 5 1
9 36 0 9
9 37 7 14
9 38 11 13
9 39 6 17
9 40 18 11
9 41 18 19
9 42 5 19
9 45 12 20
9 46 2 8
9 47 9 10
9 48 13 16
9 49 2 15
10 0 8 10
10 2 3 10
10 3 13 11
10 4 19 8
10 5 8 9
10 10 20 4
10 11 8 11
10 12 20 17
10 13 15 18
10 14 18 8
10 16 4 12
10 17 17 4
10 19 16 15
10 20 13 19
10 21 4 9
10 23 6 11
10 24 20 1
10 26 13 9
10 27 13 20
10 28 19 8
10 29 6 12
10 30 7 17
10 32 16 2
10 33 17 1
10 34 13 0
10 36 15 10
10 38 8 6
10 39 8 6
10 41 7 2
10 42 13 20
10 43 17 3
10 44 7 18
10 45 4 11
10 46 5 18
10 47 13 6
10 48 4 19
10 49 6 17
11 0 1 4
11 1 8 14
11 3 17 2
11 4 6 20
11 5 8 4
11 8 13 16
11 9 8 4
11 10 10 15
11 11 13 10
11 12 5 15
11 13 18 2
11 14 19 14
11 16 16 11
11 17 6 0
11 19 15 16
11 20 7 10
11 21 3 4
11 22 16 11
11 23 1 3
11 24 15 16
11 25 12 18
11 26 1 15
11 27 2 8
11 28 9 3
11 29 11 17
11 30 14 1
11 31 10 11
11 32 1 13
11 33 17 19
11 35 3 20
11 36 0 8
11 38 13 13
11 39 13 0
11 41 17 6
11 44 12 8
11 45 9 15
11 46 14 19
11 47 1 10
11 48 5 12
11 49 13 14
12 0 18 14
12 1 10 16
12 2 17 1
12 4 19 3
12 5 0 1
12 6 2 15
12 8 1 6
12 10 16 2
12 13 3 6
12 14 15 20
12 15 9 4
12 16 2 7
12 17 19 15
12 18 18 2
12 19 0 9
12 22 0 6
12 24 14 16
12 25 6 12
12 26 3 18
12 28 15 14
12 31 3 13
12 32 3 19
12 33 18 19
12 34 5 13
12 35 6 17
12 36 8 16
12 37 19 10
12 39 17 6
12 41 8 20
12 42 15 17
12 43 2 1
12 44 9 8
12 45 18 8
12 46 11 6
12 47 16 16
12 48 18 7
12 49 11 8
13 0 1 8
13 1 8 14
13 2 13 14
13 3 5 12
13 4 18 19
13 5 15 6
13 6 1 12
13 8 18 14
13 9 10 11
13 11 13 8
13 12 13 15
13 13 18 3
13 14 6 2
13 15 1 10
13 17 11 2
13 18 15 16
13 20 19 0
13 21 12 18
13 22 16 5
13 23 2 13
13 24 4 20
13 25 9 14
13 26 9 5
13 27 18 15
13 28 9 12
13 29 7 15
13 31 7 13
13 32 9 19
13 36 1 4
13 37 1 17
13 39 4 2
13 40 16 12
13 42 7 11
13 43 0 19
13 44 19 19
13 45 18 15
13 46 8 20
13 47 19 11
13 48 6 4
13 49 16 12
14 0 7 9
14 1 7 6
14 2 15 17
14 3 4 19
14 4 12 6
14 5 16 15
14 7 9 18
14 8 8 9
14 9 20 13
14 10 16 15
14 11 14 4
14 12 6 16
14 13 14 6
14 14 7 6
14 15 5 18
14 16 1 8
14 17 5 7
14 19 19 18
14 20 5 14
14 21 11 0
14 22 13 13
14 23 18 6
14 24 19 14
14 25 15 9
14 26 19 12
14 27 19 11
14 28 6 4
14 29 17 6
14 30 10 1
14 31 5 13
14 33 12 16
14 34 18 14
14 35 0 18
14 37 0 10
14 38 1 14
14 39 19 3
14 40 14 11
14 41 11 8
14 42 20 13
14 43 17 0
14 45 3 2
14 46 16 0
14 49 2 11
15 0 13 7
15 1 17 18
15 2 2 11
15 3 10 3
15 4 0 19
15 5 17 20
15 6 13 9
15 8 5 12
15 9 6 9
15 10 0 10
15 11 11 20
15 12 3 9
15 13 15 3
15 14 18 15
15 15 3 9
15 16 2 0
15 17 9 1
15 18 14 10
15 21 15 7
15 22 7 19
15 23 6 0
15 24 0 16
15 25 7 4
15 26 20 18
15 27 4 15
15 28 4 20
15 29 4 0
15 30 1 13
15 31 10 10
15 32 4 6
15 33 11 6
15 35 7 20
15 36 8 2
15 37 16 1
15 38 5 14
15 39 10 20
15 41 14 17
15 42 11 16
15 43 1 3
15 44 1 14
15 45 16 14
15 47 0 8
15 48 15 13
15 49 1 18
16 0 19 5
16 2 20 3
16 3 18 10
16 6 6 16
16 7 11 17
16 8 18 20
16 10 1 13
16 11 15 13
16 12 15 9
16 15 18 0
16 16 13 7
16 17 16 5
16 18 9 10
16 19 2 17
16 20 10 4
16 21 18 12
16 22 10 13
16 24 0 16
16 25 14 0
16 26 13 16
16 27 7 5
16 28 0 17
16 29 12 8
16 31 15 8
16 32 19 19
16 33 15 11
16 34 2 11
16 35 8 3
16 36 7 2
16 37 4 9
16 38 18 2
16 39 18 4
16 40 18 13
16 42 1 10
16 43 13 15
16 44 13 17
16 45 14 13
16 47 4 1
16 48 4 15
16 49 19 10
17 0 17 20
17 1 8 1
17 3 5 16
17 6 12 15
17 7 0 6
17 8 7 1
17 9 2 12
17 10 20 16
17 11 19 12
17 12 13 17
17 14 20 18
17 15 19 11
17 18 8 12
17 19 16 5
17 20 0 14
17 22 10 18
17 23 20 3
17 24 0 19
17 26 2 4
17 28 18 12
17 29 0 12
17 30 17 2
17 31 3 12
17 32 4 0
17 33 11 3
17 34 7 20
17 37 3 9
17 38 8 2
17 39 1 2
17 40 7 18
17 41 10 7
17 42 17 9
17 43 15 5
17 44 18 6
17 49 2 1
18 0 1 2
18 1 17 1
18 2 3 5
18 3 17 12
18 4 17 12
18 5 6 2
18 7 7 20
18 8 2 8
18 9 12 9
18 10 12 5
18 11 2 17
18 12 2 16
18 13 5 19
18 14 19 7
18 15 14 12
18 16 4 17
18 17 15 16
18 18 2 7
18 20 18 4
18 21 18 7
18 23 2 16
18 24 9 18
18 25 18 12
18 26 3 1
18 27 13 12
18 30 0 15
18 31 4 9
18 32 16 5
18 34 19 0
18 35 16 10
18 36 12 1
18 37 19 0
18 38 6 12
18 39 6 12
18 42 15 20
18 43 3 11
18 44 9 13
18 45 13 5
18 46 0 10
18 47 16 6
18 49 6 1
19 0 15 0
19 1 0 3
19 2 4 10
19 3 20 19
19 4 2 4
19 5 2 13
19 6 14 2
19 7 14 15
19 8 0 1
19 9 16 20
19 10 18 18
19 11 0 9
19 13 9 8
19 14 7 5
19 16 15 16
19 17 17 15
19 18 8 8
19 19 10 3
19 20 19 12
19 21 0 15
19 22 9 5
19 24 14 7
19 25 9 16
19 27 1 0
19 28 3 12
19 29 17 11
19 30 13 0
19 31 7 16
19 32 8 13
19 33 4 1
19 34 1 13
19 35 11 18
19 36 19 7
19 37 9 13
19 38 2 16
19 39 2 2
19 40 15 20
19 41 16 3
19 43 1 18
19 44 3 16
19 45 19 2
19 46 19 9
19 47 14 1
19 48 19 12
19 49 5 12
20 0 1 3
20 1 20 0
20 2 16 5
20 3 4 18
20 4 5 2
20 6 0 4
20 7 6 19
20 8 2 13
20 10 10 13
20 11 7 17
20 12 12 11
20 13 7 19
20 14 11 20
20 15 3 12
20 16 4 10
20 17 6 14
20 18 19 12
20 19 0 15
20 20 18 20
20 21 5 3
20 22 6 2
20 23 6 17
20 24 20 1
20 25 0 13
20 26 8 5
20 27 15 16
20 28 0 13
20 31 14 5
20 32 11 14
20 33 1 5
20 34 6 9
20 35 16 16
20 37 18 19
20 38 19 1
20 39 17 7
20 41 18 5
20 42 20 5
20 43 14 10
20 44 10 14
20 45 1 4
20 46 19 4
20 47 4 2
21 1 19 6
21 2 0 4
21 3 5 19
21 4 4 17
21 5 7 4
21 7 5 3
21 8 12 17
21 9 13 14
21 10 11 13
21 12 11 3
21 13 19 15
21 14 11 6
21 15 2 7
21 16 20 20
21 17 16 15
21 18 4 17
21 19 5 10
21 20 2 20
21 21 3 4
21 22 11 8
21 23 3 1
21 24 4 10
21 25 1 9
21 26 15 12
21 27 3 10
21 28 19 9
21 29 3 7
21 30 16 10
21 31 8 13
21 32 19 15
21 33 18 0
21 34 9 8
21 35 14 11
21 36 11 20
21 38 19 12
21 39 4 15
21 40 14 5
21 41 10 12
21 42 17 6
21 43 3 9
21 45 10 19
21 46 13 20
21 49 0 2
22 0 10 8
22 1 2 0
22 2 19 7
22 3 1 16
22 5 1 10
22 6 12 2
22 7 18 16
22 8 11 9
22 10 0 12
22 11 3 0
22 12 0 20
22 13 12 17
22 14 9 14
22 15 0 5
22 16 18 19
22 17 0 6
22 18 15 6
22 20 12 1
22 21 13 12
22 22 2 1
22 23 0 16
22 24 13 9
22 25 0 8
22 26 1 17
22 27 3 0
22 28 6 7
22 30 8 6
22 31 14 12
22 32 15 6
22 33 0 8
22 34 1 9
22 35 3 19
22 36 4 1
22 37 12 18
22 39 0 1
22 40 16 5
22 41 5 10
22 42 0 15
22 43 10 5
22 44 10 15
22 45 0 9
22 46 10 12
22 47 4 3
22 48 10 16
23 0 14 16
23 1 7 19
23 4 13 7
23 5 12 7
23 6 9 6
23 7 19 6
23 8 10 5
23 11 16 6
23 12 11 10
23 14 10 19
23 15 8 9
23 16 17 8
23 17 19 8
23 18 14 14
23 20 8 1
23 23 17 19
23 24 0 0
23 25 18 13
23 26 19 20
23 27 8 3
23 30 7 20
23 31 15 16
23 32 14 10
23 33 4 1
23 34 11 15
23 35 15 18
23 36 11 16
23 37 1 17
23 39 8 20
23 41 10 8
23 42 13 12
23 43 6 4
23 44 20 1
23 49 15 7
24 1 8 14
24 2 5 8
24 3 11 14
24 5 16 18
24 6 14 2
24 7 2 10
24 8 11 3
24 10 6 20
24 11 13 10
24 12 10 3
24 13 8 18
24 14 0 16
24 15 20 6
24 17 7 18
24 18 5 2
24 19 17 0
24 20 12 12
24 21 15 2
24 22 2 0
24 24 1 20
24 25 10 3
24 26 7 17
24 28 9 8
24 29 12 14
24 31 7 19
24 32 8 20
24 34 13 13
24 35 16 5
24 36 13 9
24 38 6 1
24 39 5 1
24 40 4 12
24 41 15 3
24 42 0 7
24 43 18 1
24 44 2 10
24 45 17 7
24 46 16 18
24 47 2 20
24 48 20 1
24 49 13 2
25 0 20 18
25 1 6 1
25 3 19 0
25 4 0 8
25 10 19 12
25 11 15 4
25 12 16 6
25 13 7 13
25 14 4 12
25 15 7 13
25 16 11 19
25 17 2 18
25 18 10 0
25 19 16 1
25 20 15 9
25 23 20 3
25 24 17 1
25 25 11 11
25 26 19 10
25 27 0 3
25 28 7 20
25 29 20 2
25 30 19 6
25 31 18 13
25 32 17 6
25 33 7 15
25 34 18 16
25 35 10 12
25 37 11 12
25 38 13 14
25 39 14 4
25 41 12 13
25 42 20 0
25 44 3 15
25 45 12 20
25 46 1 5
25 47 3 19
25 48 2 0
25 49 12 12
26 0 3 13
26 1 7 17
26 2 2 5
26 3 20 5
26 4 13 2
26 6 4 7
26 7 7 20
26 8 19 9
26 9 20 20
26 10 9 2
26 12 3 13
26 13 8 20
26 15 13 6
26 16 11 7
26 17 17 9
26 18 11 16
26 19 19 18
26 20 5 6
26 21 17 0
26 23 12 5
26 24 7 7
26 25 8 5
26 27 15 11
26 28 17 7
26 29 16 20
26 31 9 8
26 32 20 4
26 33 1 13
26 34 0 9
26 35 15 11
26 36 11 2
26 37 18 16
26 38 12 8
26 39 12 13
26 41 11 7
26 42 19 11
26 43 3 18
26 45 10 17
26 46 6 15
26 47 1 0
26 49 18 12
27 1 16 12
27 2 2 19
27 3 5 5
27 4 13 1
27 5 20 1
27 6 16 9
27 7 12 4
27 8 12 4
27 10 0 1
27 11 9 19
27 12 13 17
27 13 3 12
27 14 13 15
27 15 19 4
27 17 4 10
27 18 2 10
27 19 3 6
27 20 18 2
27 22 20 1
27 23 14 16
27 24 5 4
27 25 1 13
27 26 10 15
27 27 17 7
27 28 7 17
27 29 11 10
27 31 0 5
27 32 6 5
27 33 7 4
27 34 20 11
27 35 15 8
27 36 13 15
27 38 12 14
27 39 9 14
27 40 0 13
27 43 19 18
27 44 19 16
27 45 17 3
27 46 4 0
27 47 19 18
27 48 5 16
27 49 20 19
28 1 13 12
28 2 4 6
28 3 16 20
28 5 5 10
28 6 3 12
28 7 19 4
28 8 9 17
28 9 18 8
28 10 15 17
28 11 16 7
28 12 7 4
28 15 8 6
28 16 4 8
28 17 1 3
28 18 20 16
28 19 8 7
28 21 12 13
28 22 16 2
28 23 12 10
28 24 5 13
28 25 17 12
28 26 7 13
28 27 11 6
28 29 6 13
28 31 7 2
28 32 6 10
28 33 19 18
28 35 0 10
28 36 18 18
28 37 11 5
28 38 12 6
28 40 1 9
28 41 15 14
28 42 12 17
28 43 0 0
28 44 15 7
28 45 10 6
28 46 1 19
28 47 5 9
28 48 16 12
28 49 2 11
29 0 15 5
29 1 1 6
29 2 16 17
29 3 18 1
29 4 1 5
29 5 14 13
29 6 6 1
29 7 11 0
29 8 3 18
29 9 9 4
29 10 9 13
29 11 12 16
29 12 9 0
29 15 11 18
29 16 19 13
29 17 14 20
29 18 15 19
29 19 11 4
29 20 9 16
29 21 5 17
29 23 17 8
29 24 20 9
29 26 15 11
29 27 8 1
29 28 9 9
29 29 12 15
29 30 17 1
29 31 2 6
29 32 2 8
29 33 11 19
29 34 1 20
29 35 9 18
29 38 6 16
29 39 10 18
29 41 12 10
29 42 11 7
29 44 4 5
29 45 2 14
29 46 5 6
29 47 7 6
29 48 20 5
29 49 7 3
30 0 1 17
30 1 8 17
30 5 3 15
30 7 11 3
30 9 2 3
30 10 17 9
30 11 16 17
30 14 2 18
30 16 2 14
30 17 17 10
30 19 9 4
30 20 10 18
30 22 14 0
30 23 15 10
30 25 10 16
30 26 18 13
30 29 0 9
30 30 8 4
30 31 1 16
30 32 12 5
30 33 11 5
30 34 2 9
30 36 4 17
30 37 17 2
30 38 8 19
30 39 6 4
30 40 12 5
30 41 8 13
30 42 18 17
30 44 9 13
30 46 20 20
30 47 19 1
30 48 1 20
30 49 20 9
31 0 15 5
31 1 4 7
31 3 19 14
31 5 9 17
31 6 3 1
31 7 9 12
31 9 6 19
31 10 7 6
31 11 17 14
31 13 12 0
31 14 16 4
31 15 3 5
31 16 5 14
31 18 12 9
31 19 5 19
31 20 0 18
31 21 10 1
31 22 6 11
31 23 14 12
31 24 8 3
31 27 4 14
31 28 0 4
31 30 20 7
31 31 11 9
31 32 17 13
31 33 6 3
31 34 19 4
31 35 10 19
31 37 1 6
31 38 15 20
31 39 13 6
31 40 5 6
31 41 1 19
31 42 12 5
31 43 3 5
31 44 7 18
31 45 18 19
31 46 2 0
31 47 5 0
31 48 6 0
32 0 8 4
32 1 17 4
32 2 3 13
32 3 11 2
32 4 15 13
32 5 3 4
32 6 11 2
32 7 7 20
32 8 8 12
32 9 20 17
32 13 13 8
32 14 13 15
32 15 20 20
32 16 1 0
32 17 11 0
32 18 6 5
32 20 1 20
32 21 7 19
32 22 10 0
32 23 3 6
32 25 15 8
32 26 14 10
32 27 11 9
32 28 4 8
32 29 10 3
32 30 16 13
32 31 8 3
32 32 3 1
32 33 14 17
32 34 3 16
32 35 7 6
32 36 12 16
32 37 6 6
32 38 8 12
32 39 16 6
32 40 14 3
32 41 1 3
32 42 8 4
32 43 2 19
32 44 0 13
32 45 18 0
32 46 14 13
32 47 18 0
32 48 4 17
32 49 13 7
33 0 13 12
33 1 0 12
33 3 0 2
33 4 19 15
33 6 15 2
33 7 5 3
33 8 0 17
33 9 15 11
33 10 8 16
33 11 7 5
33 12 18 16
33 14 15 11
33 15 20 16
33 17 10 4
33 18 3 15
33 19 10 16
33 21 6 11
33 22 4 12
33 23 18 4
33 24 18 12
33 25 10 15
33 26 17 17
33 27 11 19
33 28 6 14
33 29 15 20
33 30 19 16
33 31 16 14
33 33 1 10
33 34 3 17
33 35 3 19
33 36 14 3
33 37 7 12
33 38 10 16
33 40 16 19
33 41 1 0
33 42 16 1
33 43 15 5
33 44 9 6
33 45 20 5
33 46 20 0
33 48 14 11
34 0 3 8
34 2 7 1
34 5 3 2
34 7 16 19
34 8 7 17
34 9 0 1
34 10 17 13
34 11 3 14
34 12 16 5
34 13 5 18
34 14 20 4
34 15 12 13
34 16 11 20
34 20 7 1
34 22 20 5
34 23 4 8
34 25 14 13
34 26 18 0
34 27 20 5
34 29 11 12
34 30 17 11
34 31 10 18
34 34 12 8
34 35 13 7
34 36 11 5
34 37 12 5
34 38 4 4
34 39 5 14
34 41 2 2
34 42 12 15
34 43 0 16
34 44 7 7
34 45 17 1
34 47 13 20
34 48 8 3
34 49 0 2
35 0 5 5
35 2 19 16
35 3 19 17
35 4 2 16
35 6 8 0
35 7 1 3
35 8 6 11
35 9 15 14
35 10 7 17
35 11 5 18
35 12 8 8
35 13 14 2
35 14 10 4
35 15 18 10
35 16 5 0
35 19 5 3
35 21 15 7
35 22 1 13
35 23 8 10
35 24 18 6
35 25 11 19
35 26 8 11
35 27 7 19
35 28 5 10
35 29 12 2
35 30 1 10
35 31 1 1
35 32 5 18
35 33 16 7
35 34 19 10
35 35 5 17
35 36 7 10
35 37 15 1
35 38 1 18
35 40 8 20
35 41 1 18
35 43 1 18
35 45 20 15
35 47 15 1
35 48 5 15
35 49 3 0
36 0 10 11
36 1 7 12
36 2 20 10
36 3 0 10
36 4 17 1
36 5 18 3
36 6 2 13
36 7 11 15
36 9 5 2
36 10 7 1
36 11 1 10
36 13 8 5
36 14 18 17
36 15 9 20
36 18 4 8
36 20 14 6
36 21 13 4
36 22 1 8
36 23 0 11
36 25 15 2
36 26 12 13
36 27 19 12
36 28 18 20
36 29 15 6
36 31 13 2
36 32 3 14
36 34 5 6
36 35 0 7
36 36 18 12
36 37 0 5
36 38 3 9
36 39 17 1
36 40 9 15
36 41 8 7
36 42 3 12
36 43 0 5
36 44 7 18
36 45 10 12
36 46 3 3
36 47 1 9
36 48 6 20
37 0 1 16
37 1 9 9
37 2 13 9
37 3 17 10
37 4 8 15
37 5 4 3
37 6 0 0
37 8 10 15
37 10 15 14
37 11 1 5
37 12 2 2
37 13 15 8
37 14 8 6
37 16 4 6
37 17 17 9
37 18 20 0
37 20 15 16
37 21 8 12
37 22 3 6
37 23 14 19
37 24 15 5
37 25 5 3
37 26 5 15
37 28 17 13
37 29 4 12
37 30 6 8
37 32 16 0
37 34 17 18
37 38 12 16
37 39 9 15
37 40 6 13
37 41 12 9
37 42 7 6
37 43 3 8
37 45 15 20
37 48 6 20
37 49 2 6
38 0 7 8
38 1 0 14
38 2 14 2
38 4 6 9
38 5 8 7
38 6 2 20
38 7 12 4
38 8 20 18
38 10 15 14
38 11 18 11
38 12 15 18
38 13 4 6
38 14 6 10
38 15 18 11
38 16 15 18
38 18 12 10
38 19 14 16
38 20 10 4
38 21 17 13
38 22 3 20
38 23 15 5
38 24 6 7
38 26 14 0
38 27 4 5
38 28 15 1
38 29 15 2
38 30 17 20
38 33 2 12
38 35 0 2
38 36 10 12
38 37 7 13
38 38 3 18
38 39 10 6
38 40 9 17
38 41 5 11
38 42 19 14
38 43 19 13
38 44 7 4
38 45 6 9
38 46 3 11
38 47 19 18
38 48 4 1
38 49 8 3
39 0 18 3
39 1 8 15
39 2 5 19
39 3 18 14
39 5 3 9
39 6 9 15
39 7 9 12
39 8 5 20
39 9 11 3
39 10 14 16
39 12 20 11
39 13 15 4
39 14 16 13
39 15 2 12
39 16 19 10
39 17 6 11
39 18 5 12
39 19 15 5
39 22 10 5
39 23 7 2
39 24 20 19
39 26 3 17
39 27 19 15
39 28 14 11
39 29 8 1
39 30 2 13
39 31 12 14
39 32 8 16
39 33 1 11
39 34 5 8
39 35 18 19
39 36 8 7
39 37 17 4
39 38 18 3
39 39 4 19
39 41 20 15
39 46 16 20
39 47 3 1
39 48 19 14
39 49 10 3
40 0 1 1
40 1 14 6
40 2 12 13
40 3 15 12
40 5 3 12
40 6 0 8
40 7 15 20
40 8 11 15
40 9 3 18
40 10 6 17
40 11 1 15
40 12 12 16
40 13 7 5
40 14 9 9
40 15 12 10
40 16 1 16
40 17 7 16
40 18 1 16
40 19 10 18
40 20 4 17
40 21 2 15
40 23 16 13
40 24 0 6
40 25 13 10
40 26 6 5
40 29 11 14
40 31 15 9
40 32 18 11
40 33 10 13
40 34 16 10
40 35 10 3
40 36 6 10
40 37 9 7
40 39 6 18
40 40 13 4
40 41 0 2
40 42 14 4
40 43 9 16
40 45 12 17
40 46 18 13
40 47 18 13
40 48 15 19
40 49 7 5
41 0 17 20
41 1 17 8
41 2 20 17
41 3 5 1
41 7 20 19
41 8 17 9
41 10 3 20
41 11 0 9
41 12 4 10
41 14 4 7
41 16 18 18
41 17 16 9
41 18 13 20
41 19 15 9
41 20 12 14
41 21 1 3
41 22 8 1
41 23 17 17
41 24 5 1
41 25 1 7
41 26 11 5
41 27 2 12
41 28 0 12
41 29 17 18
41 30 3 1
41 31 17 19
41 32 5 20
41 33 9 17
41 34 17 2
41 35 1 16
41 36 11 11
41 37 15 13
41 38 11 17
41 39 3 12
41 40 9 2
41 41 18 10
41 42 19 9
41 43 10 5
41 44 5 12
41 45 10 18
41 47 11 4
41 49 2 10
42 1 12 3
42 2 12 6
42 3 20 6
42 4 2 3
42 5 14 9
42 6 8 15
42 7 14 4
42 8 2 20
42 10 3 6
42 12 17 19
42 13 4 5
42 14 1 19
42 15 17 17
42 16 20 6
42 17 14 7
42 18 17 6
42 19 10 12
42 20 0 10
42 21 17 10
42 22 17 15
42 24 8 11
42 25 10 9
42 28 2 17
42 29 15 10
42 30 13 7
42 31 11 16
42 32 8 2
42 33 8 8
42 34 11 7
42 35 13 16
42 36 11 13
42 37 11 1
42 38 20 6
42 40 9 14
42 41 17 11
42 43 15 18
42 44 13 11
42 45 16 6
42 46 18 8
42 47 3 5
42 48 19 15
42 49 19 8
43 0 20 4
43 1 7 5
43 3 20 13
43 4 12 9
43 5 5 11
43 6 20 4
43 7 20 0
43 8 18 3
43 9 10 8
43 10 10 17
43 11 3 5
43 12 16 3
43 13 3 18
43 14 8 0
43 17 10 6
43 18 1 11
43 19 2 4
43 22 3 10
43 23 18 11
43 24 17 16
43 26 14 10
43 27 18 0
43 28 17 0
43 29 15 2
43 30 11 0
43 31 9 17
43 35 19 9
43 37 20 11
43 38 6 3
43 39 0 11
43 40 18 14
43 41 4 19
43 42 12 2
43 43 8 19
43 44 8 1
43 45 7 2
43 46 17 17
43 48 2 5
43 49 7 16
44 0 8 10
44 1 7 1
44 2 19 5
44 3 7 18
44 4 9 8
44 5 10 9
44 6 16 4
44 7 9 6
44 9 10 16
44 10 14 1
44 11 3 19
44 12 1 11
44 15 5 6
44 18 11 0
44 20 13 0
44 21 5 1
44 22 13 5
44 24 14 14
44 25 0 4
44 26 0 20
44 27 1 18
44 28 3 3
44 29 9 11
44 31 18 17
44 32 0 19
44 33 3 17
44 35 16 10
44 36 11 4
44 37 2 7
44 39 14 16
44 40 2 17
44 41 18 16
44 42 10 17
44 46 3 13
44 47 8 18
44 48 20 1
44 49 5 17
45 0 12 12
45 1 7 3
45 3 9 3
45 4 1 2
45 5 4 0
45 6 19 14
45 7 19 5
45 9 18 13
45 10 3 7
45 11 11 0
45 13 18 10
45 15 0 19
45 16 20 1
45 18 1 10
45 19 13 10
45 20 5 13
45 21 1 3
45 22 10 20
45 23 9 3
45 24 8 4
45 25 5 0
45 26 20 7
45 27 15 7
45 29 19 12
45 30 11 6
45 31 9 9
45 32 15 2
45 33 13 1
45 34 15 19
45 35 10 3
45 36 11 3
45 37 3 8
45 38 4 11
45 39 6 5
45 40 15 15
45 42 10 17
45 43 18 17
45 44 6 15
45 45 14 12
45 46 6 14
45 47 16 3
45 48 8 16
45 49 16 6
46 1 18 19
46 2 15 18
46 3 7 14
46 4 10 17
46 5 13 18
46 7 1 6
46 8 6 7
46 9 18 12
46 11 8 11
46 12 13 2
46 13 16 10
46 15 5 16
46 19 13 3
46 20 7 7
46 21 7 4
46 22 19 9
46 23 12 10
46 24 1 17
46 25 15 19
46 27 16 1
46 28 17 12
46 30 9 6
46 31 14 7
46 32 6 2
46 33 17 9
46 34 7 10
46 35 6 2
46 36 11 1
46 37 17 1
46 38 12 16
46 39 14 5
46 41 4 0
46 43 7 18
46 44 10 6
46 45 12 11
46 46 14 1
46 48 6 11
46 49 8 20
47 1 1 1
47 2 0 18
47 3 15 8
47 4 4 17
47 5 6 18
47 6 7 9
47 7 17 2
47 8 7 7
47 12 3 9
47 13 14 18
47 14 17 13
47 15 9 1
47 16 20 10
47 17 3 9
47 18 14 8
47 19 19 13
47 21 4 11
47 22 9 4
47 23 9 16
47 24 8 6
47 26 16 19
47 27 10 5
47 28 12 18
47 30 5 9
47 31 6 14
47 32 2 15
47 34 4 2
47 35 15 13
47 36 17 17
47 37 6 12
47 38 14 5
47 39 5 17
47 40 13 10
47 41 14 5
47 42 15 13
47 43 0 10
47 44 10 2
47 45 19 8
47 46 7 4
47 47 18 3
47 48 2 7
47 49 5 7
48 1 20 10
48 4 5 4
48 5 10 18
48 6 11 11
48 8 1 5
48 9 14 10
48 10 1 11
48 12 17 11
48 14 9 14
48 15 4 16
48 16 18 6
48 18 14 7
48 19 7 7
48 20 2 15
48 22 12 12
48 23 19 10
48 24 1 13
48 25 20 16
48 26 20 15
48 27 0 5
48 28 20 0
48 29 11 12
48 30 8 16
48 32 7 0
48 33 8 4
48 34 0 1
48 35 16 8
48 38 7 17
48 39 6 12
48 40 13 0
48 42 7 3
48 43 4 3
48 45 12 5
48 46 17 5
48 47 0 15
48 48 0 3
48 49 14 19
49 0 4 3
49 1 16 11
49 2 13 9
49 3 16 10
49 6 4 15
49 8 13 13
49 9 3 20
49 10 19 12
49 11 17 5
49 12 7 16
49 14 17 4
49 15 11 4
49 16 18 20
49 18 13 12
49 19 4 18
49 21 1 1
49 22 13 7
49 23 13 19
49 24 5 12
49 25 12 10
49 26 13 6
49 27 19 7
49 28 15 13
49 30 18 3
49 31 2 0
49 32 4 17
49 33 12 15
49 34 4 17
49 35 5 12
49 36 3 4
49 38 3 11
49 39 18 13
49 40 10 4
49 41 15 14
49 42 11 14
49 43 19 19
49 45 6 3
49 46 3 20
49 48 2 19
49 49 7 6
