50
2
0 0 19 11
0 2 16 6
0 3 4 3
0 4 18 19
0 5 17 5
0 8 1 19
0 9 17 11
0 10 1 6
0 12 12 1
0 13 16 3
0 15 1 6
0 16 2 12
0 17 11 16
0 21 15 1
0 22 11 16
0 23 20 18
0 24 5 19
0 25 9 0
0 26 20 0
0 27 14 4
0 28 13 5
0 29 17 17
0 30 6 10
0 32 19 6
0 33 18 17
0 34 17 10
0 35 14 9
0 36 9 13
0 37 13 2
0 38 9 8
0 39 16 5
0 43 15 6
0 44 11 17
0 46 16 4
0 47 11 13
0 48 3 6
0 49 16 14
1 0 10 4
1 1 19 0
1 3 10 4
1 5 1 16
1 6 0 1
1 7 2 6
1 8 4 20
1 12 7 5
1 13 17 1
1 14 9 10
1 16 6 19
1 18 6 2
1 19 17 2
1 20 9 10
1 21 11 7
1 22 13 10
1 23 9 19
1 24 15 13
1 25 19 18
1 26 14 1
1 27 19 18
1 28 5 8
1 29 17 18
1 30 2 11
1 33 17 16
1 35 7 15
1 36 4 6
1 37 18 14
1 38 18 2
1 39 9 16
1 40 20 2
1 41 17 10
1 43 5 7
1 44 11 20
1 45 15 3
1 46 14 17
1 47 4 1
1 48 4 3
1 49 3 2
2 0 0 2
2 1 12 13
2 2 14 10
2 3 18 13
2 4 20 5
2 6 19 20
2 8 19 3
2 9 9 16
2 10 7 3
2 11 14 19
2 12 20 9
2 14 16 0
2 15 4 7
2 16 20 16
2 17 7 12
2 18 14 10
2 19 12 0
2 20 8 11
2 21 12 4
2 24 7 3
2 25 9 20
2 26 19 9
2 27 14 5
2 28 5 2
2 29 16 16
2 30 10 3
2 31 19 13
2 33 16 19
2 34 6 16
2 35 11 17
2 36 19 7
2 37 10 15
2 39 18 12
2 40 4 15
2 41 8 0
2 45 1 1
2 46 6 11
2 48 16 5
2 49 11 13
3 0 11 4
3 1 13 0
3 3 15 13
3 4 4 17
3 5 8 14
3 6 7 1
3 7 1 7
3 8 6 14
3 9 8 15
3 10 2 11
3 11 4 10
3 12 3 17
3 13 5 4
3 14 14 15
3 16 0 7
3 17 8 5
3 18 4 10
3 19 6 18
3 20 1 13
3 22 17 16
3 23 6 14
3 25 7 8
3 26 14 17
3 29 12 5
3 30 10 11
3 31 13 0
3 32 17 10
3 33 5 11
3 34 4 8
3 35 20 7
3 37 14 13
3 39 1 3
3 40 15 5
3 41 19 16
3 42 18 7
3 43 2 1
3 45 11 13
3 46 2 8
3 47 3 18
3 49 3 20
4 0 2 17
4 4 11 19
4 5 2 18
4 6 0 6
4 8 3 2
4 9 1 19
4 10 18 1
4 11 16 11
4 12 13 14
4 13 7 6
4 14 14 13
4 15 9 16
4 17 19 6
4 20 0 17
4 21 19 16
4 22 1 3
4 24 13 8
4 25 8 7
4 26 2 4
4 28 10 18
4 29 2 8
4 30 4 16
4 31 4 20
4 32 4 9
4 33 0 1
4 34 20 15
4 35 1 8
4 36 6 12
4 37 10 13
4 38 4 18
4 39 8 6
4 40 5 6
4 41 3 6
4 42 8 7
4 44 20 2
4 45 0 10
4 46 5 3
4 47 12 16
4 48 18 0
4 49 13 0
5 0 6 5
5 1 9 9
5 2 6 19
5 3 2 6
5 4 14 12
5 6 13 20
5 7 10 19
5 8 15 15
5 9 12 12
5 10 5 18
5 11 4 4
5 12 13 12
5 13 7 0
5 14 6 11
5 15 18 3
5 17 13 13
5 18 1 5
5 20 0 4
5 22 17 14
5 23 9 2
5 24 6 19
5 25 5 18
5 26 3 20
5 28 13 6
5 29 15 9
5 32 12 11
5 33 3 8
5 34 7 3
5 35 13 1
5 36 12 9
5 37 20 17
5 38 20 2
5 39 4 10
5 41 6 10
5 42 0 7
5 43 14 6
5 44 9 11
5 45 18 7
5 46 5 2
5 47 1 1
5 48 16 10
5 49 20 7
6 0 17 20
6 1 19 2
6 2 18 5
6 4 8 9
6 5 10 19
6 6 0 14
6 7 0 14
6 9 11 12
6 10 2 1
6 11 2 17
6 12 17 16
6 13 11 7
6 14 18 3
6 15 16 4
6 16 18 11
6 18 3 8
6 19 2 17
6 21 9 7
6 23 12 9
6 24 18 11
6 26 6 17
6 27 0 10
6 28 2 4
6 29 12 16
6 30 6 12
6 31 20 13
6 32 17 17
6 33 19 11
6 34 15 10
6 35 1 20
6 36 14 2
6 37 19 0
6 38 16 0
6 39 16 1
6 40 3 3
6 41 19 13
6 43 4 17
6 45 12 5
6 47 18 18
6 48 18 8
6 49 19 19
7 0 11 11
7 1 19 16
7 2 16 17
7 4 3 7
7 5 4 3
7 6 7 15
7 7 9 14
7 8 3 14
7 10 19 0
7 12 10 8
7 13 17 19
7 14 2 19
7 15 1 0
7 16 4 11
7 17 11 15
7 18 6 4
7 19 19 20
7 20 5 8
7 21 4 13
7 22 10 3
7 23 9 7
7 24 12 7
7 25 11 2
7 26 16 9
7 27 10 12
7 29 4 16
7 30 18 0
7 32 14 13
7 34 13 3
7 35 3 13
7 36 18 8
7 37 17 12
7 39 2 19
7 40 12 1
7 41 18 4
7 42 10 20
7 43 20 13
7 44 9 14
7 45 20 18
7 46 10 3
7 47 4 17
7 48 18 13
7 49 17 10
8 0 0 1
8 1 13 8
8 2 7 13
8 3 9 13
8 4 17 13
8 5 5 17
8 6 0 9
8 7 5 4
8 8 4 14
8 9 13 7
8 10 10 13
8 11 17 11
8 12 18 9
8 13 14 1
8 14 13 9
8 15 12 14
8 18 0 18
8 19 9 13
8 20 10 11
8 21 11 0
8 22 20 16
8 23 16 3
8 24 8 10
8 25 0 13
8 27 9 7
8 28 8 11
8 29 0 8
8 31 7 16
8 32 6 9
8 34 20 9
8 35 12 4
8 36 8 4
8 37 6 17
8 38 20 13
8 39 15 17
8 40 13 12
8 41 6 18
8 42 18 7
8 43 5 11
8 44 18 20
8 45 17 20
8 48 8 17
9 2 7 14
9 4 5 4
9 5 17 1
9 6 19 16
9 7 0 5
9 8 5 17
9 9 18 20
9 10 9 2
9 11 7 13
9 12 17 6
9 13 14 9
9 14 3 11
9 16 10 16
9 19 1 15
9 20 17 2
9 21 1 7
9 22 13 16
9 23 7 13
9 24 0 16
9 25 12 1
9 26 6 1
9 27 4 10
9 28 19 5
9 30 20 17
9 31 19 11
9 32 18 4
9 33 4 3
9 34 20 20
9 35 5 16
9 36 13 19
9 37 10 20
9 38 20 5
9 39 12 15
9 40 12 10
9 41 12 10
9 42 0 1
9 44 17 10
9 45 14 16
9 46 4 7
9 49 9 18
10 0 1 8
10 1 14 8
10 2 4 19
10 3 5 12
10 6 18 7
10 7 9 0
10 8 17 13
10 10 17 15
10 11 18 13
10 12 15 10
10 14 17 4
10 15 1 13
10 16 9 12
10 17 11 16
10 18 8 19
10 19 14 18
10 20 20 7
10 21 13 16
10 22 8 17
10 23 20 11
10 24 1 15
10 25 16 12
10 26 15 3
10 27 16 19
10 28 12 20
10 30 15 11
10 32 11 20
10 33 20 3
10 35 6 10
10 38 20 13
10 39 13 3
10 40 1 10
10 42 16 8
10 43 17 12
10 44 7 14
10 45 1 18
10 46 6 18
10 47 8 15
10 48 4 11
10 49 17 20
11 0 15 20
11 1 1 18
11 2 19 6
11 3 6 16
11 4 0 11
11 6 14 5
11 7 14 17
11 8 13 19
11 10 1 6
11 11 20 13
11 12 5 6
11 14 13 8
11 15 20 16
11 16 20 8
11 17 12 16
11 19 10 13
11 20 6 17
11 21 3 13
11 22 13 8
11 23 7 20
11 24 4 7
11 25 18 0
11 26 7 9
11 27 7 13
11 28 7 3
11 29 0 7
11 30 11 5
11 32 0 16
11 33 19 6
11 34 10 1
11 36 4 15
11 37 19 14
11 38 13 8
11 39 15 13
11 40 10 15
11 41 15 6
11 42 15 11
11 43 12 8
11 44 20 9
11 45 18 9
11 46 16 11
11 48 15 19
11 49 10 20
12 0 10 13
12 1 8 7
12 2 12 2
12 3 2 2
12 4 15 20
12 5 15 2
12 6 18 11
12 7 2 10
12 8 5 9
12 9 0 3
12 10 9 0
12 14 15 0
12 16 15 20
12 17 2 2
12 18 3 0
12 19 3 17
12 21 16 2
12 23 14 16
12 24 16 11
12 25 15 17
12 26 0 7
12 27 7 18
12 28 0 10
12 29 14 0
12 30 8 14
12 31 18 0
12 32 17 20
12 33 11 10
12 34 16 0
12 35 19 3
12 36 14 11
12 37 19 12
12 38 12 20
12 39 11 19
12 40 9 7
12 41 20 8
12 42 8 19
12 43 5 3
12 44 14 6
12 46 14 8
12 47 1 16
12 48 0 16
12 49 15 10
13 0 17 17
13 2 11 19
13 3 11 0
13 4 2 4
13 5 1 6
13 6 13 12
13 7 12 18
13 8 16 9
13 10 18 7
13 11 11 17
13 13 8 18
13 14 12 2
13 15 12 8
13 16 12 15
13 17 9 19
13 18 10 1
13 19 13 12
13 20 16 19
13 21 1 11
13 22 13 11
13 24 8 15
13 25 7 7
13 26 7 8
13 27 3 18
13 28 3 10
13 29 14 20
13 30 16 7
13 33 9 11
13 34 10 3
13 36 11 1
13 37 13 3
13 38 0 3
13 40 16 6
13 41 4 14
13 43 15 18
13 44 10 1
13 45 1 7
13 46 0 0
13 47 3 18
13 48 17 0
13 49 6 12
14 0 19 18
14 1 13 11
14 2 2 8
14 5 7 14
14 6 19 7
14 7 8 14
14 8 13 16
14 9 10 20
14 10 10 12
14 11 9 17
14 12 18 3
14 13 19 14
14 14 9 1
14 15 17 3
14 16 19 14
14 17 3 13
14 18 15 1
14 19 8 4
14 20 12 14
14 21 17 13
14 22 16 8
14 23 3 11
14 24 14 6
14 25 20 13
14 26 9 9
14 27 11 17
14 28 11 14
14 30 17 11
14 31 6 12
14 32 17 5
14 33 2 16
14 34 14 2
14 35 17 17
14 37 20 5
14 38 19 15
14 39 20 20
14 40 7 10
14 41 6 4
14 42 14 14
14 43 4 20
14 45 17 4
14 47 8 11
14 49 14 18
15 1 20 13
15 2 8 7
15 3 15 12
15 4 9 16
15 5 8 1
15 6 1 15
15 8 14 13
15 10 18 20
15 11 11 20
15 12 1 12
15 13 20 14
15 14 18 2
15 15 15 16
15 16 5 20
15 17 12 16
15 18 13 9
15 20 13 12
15 22 8 15
15 25 14 0
15 27 8 3
15 28 16 1
15 29 13 6
15 30 19 16
15 31 13 11
15 32 5 12
15 34 1 11
15 36 17 7
15 37 10 5
15 38 0 18
15 40 9 1
15 41 5 9
15 42 20 9
15 43 13 8
15 44 0 6
15 45 15 10
15 46 3 20
15 47 6 11
15 48 12 19
15 49 17 7
16 0 8 17
16 1 20 8
16 3 15 10
16 4 18 6
16 5 8 15
16 6 3 6
16 7 9 4
16 8 9 2
16 9 5 8
16 10 8 3
16 11 1 4
16 13 4 20
16 15 7 5
16 16 17 6
16 18 5 18
16 20 15 16
16 21 19 13
16 22 17 19
16 26 11 14
16 27 5 15
16 28 1 5
16 30 2 1
16 31 13 10
16 33 14 9
16 34 8 17
16 35 18 11
16 36 1 4
16 37 14 19
16 38 2 17
16 39 12 16
16 40 15 7
16 41 0 4
16 42 14 14
16 43 14 12
16 44 11 12
16 47 18 19
16 48 11 4
16 49 11 4
17 0 17 18
17 3 16 5
17 4 19 12
17 6 13 14
17 7 8 7
17 9 0 20
17 10 20 6
17 12 6 19
17 13 12 20
17 14 18 19
17 15 3 11
17 16 10 17
17 17 2 18
17 18 14 17
17 19 18 10
17 21 13 8
17 22 6 8
17 23 5 7
17 24 14 6
17 25 8 18
17 26 14 19
17 29 7 12
17 30 14 17
17 31 9 4
17 34 15 12
17 35 3 6
17 36 4 5
17 37 6 3
17 39 5 4
17 40 15 19
17 41 1 9
17 42 9 13
17 44 18 1
17 45 6 14
17 47 17 17
17 48 4 6
17 49 8 9
18 0 3 6
18 1 8 14
18 3 8 1
18 4 19 20
18 5 10 1
18 6 8 17
18 7 0 9
18 9 4 17
18 10 4 16
18 11 0 1
18 13 9 18
18 14 11 9
18 15 10 3
18 17 19 20
18 18 1 13
18 19 9 10
18 20 5 18
18 21 12 8
18 23 14 12
18 24 8 11
18 25 10 14
18 26 19 18
18 28 8 5
18 29 7 15
18 30 7 20
18 31 14 0
18 32 1 4
18 33 20 13
18 34 11 10
18 35 15 2
18 37 8 19
18 38 17 15
18 40 4 3
18 41 7 1
18 44 20 15
18 45 0 8
18 46 18 17
18 47 17 0
18 49 17 8
19 0 2 3
19 1 12 3
19 2 6 20
19 3 9 3
19 4 5 13
19 5 13 6
19 6 3 5
19 8 18 3
19 9 19 13
19 11 20 1
19 12 9 7
19 14 18 9
19 15 17 13
19 16 2 3
19 17 1 20
19 18 18 2
19 20 4 2
19 23 0 16
19 24 7 19
19 25 20 1
19 26 9 1
19 27 6 0
19 28 6 13
19 29 18 17
19 30 17 0
19 31 4 20
19 34 16 20
19 35 16 19
19 38 8 7
19 39 19 6
19 40 4 16
19 41 3 16
19 42 17 16
19 43 5 14
19 44 19 4
19 45 15 15
19 47 3 7
19 48 18 2
20 0 8 10
20 1 5 17
20 2 19 3
20 3 19 13
20 4 2 11
20 5 12 9
20 6 16 15
20 7 9 20
20 8 1 12
20 9 1 5
20 10 18 15
20 12 7 20
20 13 18 6
20 14 8 14
20 15 8 1
20 16 0 7
20 17 12 18
20 19 9 16
20 20 20 6
20 21 5 3
20 22 17 13
20 23 5 15
20 24 15 18
20 25 15 5
20 26 7 11
20 27 11 11
20 28 7 20
20 29 9 12
20 31 15 5
20 32 16 3
20 33 15 15
20 34 8 10
20 36 4 2
20 37 12 18
20 38 17 12
20 39 9 11
20 41 20 9
20 42 1 4
20 43 15 1
20 45 7 11
20 47 2 11
20 48 5 9
20 49 19 14
21 0 7 8
21 1 8 10
21 2 0 1
21 3 1 0
21 4 9 18
21 5 9 9
21 6 1 14
21 8 1 18
21 9 7 20
21 10 15 11
21 11 19 14
21 14 10 16
21 16 12 18
21 17 3 7
21 18 10 20
21 19 1 11
21 20 16 2
21 21 14 4
21 22 10 14
21 23 19 17
21 25 10 5
21 26 1 14
21 27 2 1
21 28 12 18
21 29 14 17
21 30 19 13
21 32 5 18
21 34 8 12
21 36 2 1
21 37 9 5
21 38 19 3
21 39 0 11
21 40 5 19
21 41 3 14
21 43 12 9
21 44 7 1
21 45 6 8
21 46 13 7
21 47 5 0
21 48 4 8
21 49 4 17
22 0 11 1
22 1 18 5
22 2 16 3
22 4 5 4
22 5 9 9
22 6 2 3
22 8 18 14
22 9 8 10
22 10 7 5
22 12 9 7
22 13 0 6
22 14 14 7
22 15 10 10
22 16 5 4
22 17 6 15
22 18 5 3
22 19 13 12
22 20 15 1
22 22 14 0
22 23 2 3
22 25 5 19
22 27 8 10
22 29 6 16
22 30 6 17
22 31 8 1
22 32 0 19
22 33 18 7
22 37 14 0
22 38 13 3
22 39 12 8
22 42 1 0
22 46 1 11
22 47 5 10
22 48 3 13
22 49 16 5
23 0 2 14
23 1 10 18
23 2 11 8
23 3 1 8
23 4 19 7
23 5 20 2
23 7 8 4
23 8 20 3
23 10 10 11
23 11 12 5
23 14 0 9
23 15 17 8
23 16 10 9
23 17 17 2
23 19 20 0
23 20 17 13
23 22 2 1
23 24 10 13
23 25 6 9
23 26 0 16
23 28 1 6
23 29 20 20
23 30 19 11
23 31 19 2
23 34 18 15
23 35 13 12
23 36 18 18
23 37 14 16
23 38 6 9
23 39 15 9
23 41 12 16
23 43 7 13
23 45 16 17
23 46 4 7
23 49 2 4
24 1 14 20
24 2 9 9
24 3 19 8
24 4 1 17
24 5 11 0
24 6 8 7
24 7 13 4
24 8 9 12
24 11 18 7
24 12 13 5
24 13 11 8
24 14 16 1
24 15 4 17
24 17 2 1
24 18 19 13
24 19 17 8
24 20 0 19
24 21 6 9
24 22 20 18
24 23 16 2
24 25 18 7
24 26 6 12
24 27 8 10
24 30 10 11
24 31 1 18
24 32 19 5
24 33 11 10
24 34 17 8
24 35 4 17
24 38 0 3
24 40 12 15
24 41 10 14
24 43 19 20
24 44 6 15
24 45 9 20
24 46 4 2
24 47 6 17
24 48 14 9
24 49 5 6
25 0 1 10
25 1 0 20
25 2 8 8
25 3 10 18
25 4 17 4
25 5 2 5
25 6 16 16
25 8 9 4
25 9 2 17
25 11 9 5
25 12 3 18
25 14 1 15
25 15 16 4
25 16 2 9
25 17 19 18
25 18 18 18
25 19 0 16
25 20 2 10
25 21 5 0
25 22 1 8
25 23 2 12
25 24 9 8
25 25 18 17
25 26 14 3
25 28 18 16
25 30 16 4
25 31 0 18
25 32 10 9
25 34 15 1
25 35 14 17
25 39 17 10
25 40 18 16
25 41 15 3
25 42 20 1
25 43 2 1
25 44 13 19
25 45 5 4
25 46 8 20
25 47 6 13
25 48 12 15
25 49 11 12
26 0 5 8
26 1 0 9
26 2 12 17
26 3 15 0
26 6 5 4
26 7 6 8
26 8 8 1
26 9 3 1
26 10 13 18
26 11 13 5
26 12 15 3
26 13 16 18
26 14 14 20
26 15 3 19
26 17 18 12
26 18 2 6
26 19 18 11
26 20 16 4
26 21 3 7
26 22 15 2
26 23 13 1
26 25 16 1
26 27 17 18
26 28 18 17
26 29 9 15
26 31 8 19
26 32 14 12
26 33 20 1
26 34 19 17
26 35 16 19
26 36 10 2
26 37 2 4
26 38 5 9
26 39 8 7
26 40 2 1
26 42 4 4
26 43 11 17
26 44 13 0
26 45 10 12
26 47 16 19
26 48 18 16
26 49 10 15
27 1 3 6
27 2 11 8
27 3 14 12
27 5 12 14
27 7 18 11
27 8 11 2
27 10 16 11
27 11 11 8
27 12 13 8
27 14 14 6
27 16 0 11
27 17 12 18
27 18 12 6
27 19 3 3
27 20 11 1
27 22 19 18
27 23 11 0
27 24 8 10
27 25 14 10
27 27 10 8
27 28 9 14
27 29 12 14
27 30 19 11
27 32 7 5
27 34 2 19
27 35 3 5
27 37 7 9
27 38 14 1
27 39 18 16
27 40 10 3
27 41 2 3
27 42 11 14
27 44 0 18
27 45 14 19
27 46 19 1
27 47 17 17
27 48 10 13
27 49 16 8
28 0 10 9
28 1 20 10
28 3 19 2
28 4 15 14
28 5 1 20
28 6 4 13
28 8 18 16
28 9 19 6
28 10 18 10
28 11 16 18
28 12 9 3
28 13 18 17
28 15 2 8
28 16 5 9
28 18 9 5
28 19 8 15
28 20 12 10
28 21 15 7
28 22 11 14
28 24 3 7
28 25 18 0
28 26 4 4
28 27 3 8
28 29 13 2
28 32 9 13
28 33 6 0
28 34 4 0
28 35 15 14
28 36 12 20
28 39 16 0
28 40 1 13
28 41 13 14
28 42 11 12
28 43 18 13
28 45 18 8
28 46 8 13
28 47 20 9
28 48 18 17
29 0 14 17
29 1 10 8
29 2 12 6
29 3 16 4
29 4 8 2
29 5 20 5
29 7 6 14
29 9 20 7
29 11 14 8
29 12 20 14
29 13 14 18
29 14 11 16
29 15 18 13
29 16 11 8
29 17 8 3
29 18 2 18
29 19 13 11
29 21 13 6
29 23 2 3
29 24 7 15
29 25 3 9
29 26 8 6
29 27 10 20
29 28 6 17
29 32 5 5
29 33 0 3
29 34 8 6
29 35 15 14
29 37 19 15
29 38 10 20
29 40 18 18
29 41 20 10
29 43 4 6
29 45 9 12
29 46 13 4
29 47 17 13
29 48 0 3
29 49 11 1
30 0 0 6
30 2 11 11
30 3 16 3
30 4 6 8
30 5 2 6
30 6 10 17
30 7 2 5
30 8 0 0
30 9 20 5
30 10 12 18
30 11 11 15
30 13 5 4
30 14 6 4
30 15 2 11
30 16 19 17
30 17 1 14
30 18 9 17
30 19 13 16
30 20 18 9
30 22 10 19
30 23 7 20
30 24 17 0
30 25 12 11
30 26 15 18
30 27 1 9
30 29 2 10
30 30 0 1
30 31 20 3
30 33 15 11
30 35 20 1
30 36 14 7
30 37 4 5
30 38 6 11
30 39 12 1
30 40 13 12
30 41 3 15
30 42 18 1
30 43 0 16
30 45 17 11
30 46 7 18
30 48 7 19
30 49 18 5
31 0 7 19
31 1 1 9
31 2 16 20
31 3 2 20
31 4 6 8
31 5 15 15
31 6 6 2
31 7 12 12
31 8 7 6
31 9 4 2
31 10 10 16
31 11 18 16
31 12 14 18
31 13 10 3
31 15 8 5
31 16 8 8
31 17 8 20
31 18 13 6
31 19 1 3
31 20 20 10
31 21 2 14
31 22 3 14
31 23 1 16
31 24 8 3
31 25 3 13
31 26 17 7
31 29 16 10
31 33 19 17
31 34 11 12
31 35 19 4
31 36 2 11
31 39 11 0
31 40 7 10
31 42 3 9
31 43 10 10
31 46 9 16
31 48 12 17
31 49 3 18
32 0 20 0
32 1 3 11
32 3 14 8
32 4 8 10
32 5 20 2
32 6 15 17
32 7 14 9
32 8 11 16
32 10 19 6
32 13 8 11
32 14 16 7
32 15 1 13
32 17 9 6
32 18 11 10
32 19 5 19
32 21 19 17
32 22 4 17
32 23 5 20
32 25 1 18
32 28 17 6
32 30 8 15
32 32 13 13
32 33 12 16
32 34 1 1
32 35 14 1
32 36 2 20
32 37 3 15
32 38 17 2
32 40 1 10
32 42 9 15
32 44 0 6
32 46 1 2
32 47 0 14
32 48 10 9
32 49 2 7
33 0 8 5
33 2 5 2
33 3 4 17
33 4 11 5
33 5 13 7
33 7 6 10
33 8 11 17
33 9 0 20
33 11 14 1
33 12 15 11
33 13 11 1
33 16 18 18
33 17 3 20
33 18 3 7
33 19 2 2
33 20 17 15
33 21 19 17
33 24 17 20
33 25 15 3
33 26 9 11
33 27 16 7
33 28 5 7
33 29 19 1
33 30 13 8
33 31 14 9
33 32 17 20
33 33 10 15
33 34 7 3
33 35 15 2
33 36 15 15
33 37 14 5
33 38 12 16
33 39 3 9
33 40 11 14
33 41 0 9
33 42 11 4
33 43 11 17
33 44 18 6
33 45 15 2
33 46 2 7
33 47 13 13
33 48 15 8
33 49 20 19
34 0 0 5
34 1 6 13
34 2 1 10
34 3 11 15
34 4 20 7
34 5 3 1
34 6 8 2
34 7 3 2
34 9 16 16
34 10 1 5
34 11 20 17
34 13 15 9
34 14 2 14
34 15 7 20
34 16 10 0
34 17 7 7
34 19 16 0
34 21 4 15
34 23 5 18
34 24 17 13
34 26 10 12
34 27 7 2
34 29 0 12
34 30 6 2
34 32 8 7
34 33 17 0
34 35 18 3
34 36 18 14
34 37 5 10
34 38 5 19
34 39 2 14
34 40 2 7
34 41 0 17
34 42 19 9
34 43 19 9
34 44 8 9
34 45 14 7
34 46 17 6
34 47 17 15
34 48 11 16
34 49 8 3
35 0 16 18
35 3 19 14
35 4 16 10
35 5 20 6
35 7 16 0
35 8 9 9
35 9 15 20
35 10 20 5
35 11 1 7
35 12 16 19
35 13 15 14
35 14 4 13
35 16 8 18
35 17 20 18
35 18 11 8
35 20 6 1
35 21 18 4
35 22 15 2
35 23 15 14
35 24 1 12
35 25 12 19
35 26 16 7
35 27 5 1
35 29 4 3
35 30 1 20
35 32 16 9
35 33 15 0
35 34 4 2
35 37 6 6
35 39 17 6
35 40 0 20
35 41 16 13
35 44 10 11
35 45 9 0
35 47 10 2
35 49 8 2
36 0 6 18
36 1 1 0
36 2 8 15
36 3 15 2
36 4 14 1
36 5 3 18
36 6 17 19
36 8 1 14
36 9 14 5
36 14 8 11
36 16 10 4
36 17 14 16
36 19 20 12
36 21 1 17
36 22 13 16
36 23 17 10
36 24 11 13
36 25 5 11
36 26 5 15
36 27 6 15
36 28 13 14
36 29 20 16
36 30 16 16
36 31 12 14
36 32 10 18
36 33 1 6
36 35 6 4
36 36 20 13
36 37 12 9
36 38 7 0
36 39 11 1
36 40 3 0
36 41 18 7
36 44 4 10
36 45 20 0
36 48 5 0
37 0 2 17
37 1 4 0
37 2 16 12
37 3 11 3
37 5 16 17
37 7 9 4
37 8 20 2
37 10 15 1
37 11 16 9
37 12 11 0
37 13 18 8
37 14 0 6
37 16 9 14
37 17 0 17
37 18 17 5
37 20 12 8
37 21 14 4
37 23 7 8
37 24 5 11
37 25 11 4
37 26 10 19
37 27 6 1
37 28 20 14
37 29 6 18
37 31 10 16
37 32 15 0
37 33 14 0
37 35 3 11
37 36 20 20
37 38 8 20
37 39 10 8
37 40 10 20
37 41 18 6
37 43 10 11
37 44 12 20
37 45 13 0
37 47 20 16
37 49 17 17
38 0 17 8
38 1 4 12
38 2 11 11
38 3 3 5
38 4 12 1
38 5 1 12
38 6 17 13
38 7 10 18
38 8 10 15
38 9 12 3
38 10 6 3
38 11 1 2
38 12 2 1
38 13 12 1
38 15 6 12
38 16 15 16
38 17 14 14
38 18 8 9
38 19 13 14
38 20 8 6
38 21 1 0
38 22 16 7
38 25 13 7
38 26 3 6
38 27 9 7
38 28 1 18
38 29 18 18
38 30 0 14
38 31 10 8
38 32 20 10
38 33 1 6
38 35 8 6
38 36 15 20
38 37 9 13
38 38 4 4
38 39 1 10
38 42 17 15
38 43 20 19
38 45 9 10
38 46 15 6
38 48 2 5
38 49 7 20
39 0 20 2
39 1 19 10
39 2 20 5
39 3 2 15
39 5 16 20
39 6 14 16
39 7 5 9
39 8 17 0
39 9 9 4
39 10 1 17
39 11 20 0
39 12 18 15
39 15 3 13
39 16 19 10
39 17 10 13
39 18 18 6
39 19 14 5
39 20 15 11
39 21 1 0
39 22 4 12
39 23 7 5
39 24 14 13
39 26 4 15
39 27 15 8
39 30 9 9
39 32 5 11
39 33 16 10
39 34 11 7
39 36 13 10
39 38 18 12
39 39 4 1
39 40 7 19
39 41 2 9
39 42 3 3
39 43 8 5
39 44 1 11
39 45 18 7
39 46 10 15
39 47 1 13
39 48 5 15
40 0 1 1
40 1 12 17
40 2 4 9
40 3 12 10
40 6 14 16
40 7 19 5
40 8 8 20
40 9 8 18
40 10 1 18
40 11 3 12
40 12 4 12
40 13 15 6
40 14 5 13
40 16 10 8
40 17 9 20
40 18 6 16
40 19 8 13
40 20 18 3
40 21 8 13
40 22 7 14
40 23 17 1
40 24 18 3
40 25 11 1
40 26 8 8
40 27 18 8
40 29 12 4
40 30 12 2
40 31 8 8
40 33 1 1
40 34 17 16
40 35 19 15
40 37 2 9
40 39 20 11
40 40 4 10
40 41 14 9
40 42 6 14
40 43 13 4
40 44 5 15
40 45 14 19
40 48 12 9
41 0 1 6
41 1 4 10
41 2 15 6
41 3 5 3
41 4 18 7
41 5 3 7
41 7 6 18
41 8 7 20
41 9 14 7
41 10 13 15
41 11 8 7
41 13 2 1
41 14 3 9
41 15 7 17
41 17 13 15
41 19 10 9
41 20 4 17
41 21 14 0
41 22 9 8
41 23 7 13
41 24 8 14
41 25 1 10
41 26 18 20
41 27 18 20
41 28 7 18
41 30 11 1
41 31 8 10
41 32 10 14
41 34 14 16
41 35 12 11
41 36 4 19
41 40 0 19
41 41 16 12
41 42 18 1
41 43 19 14
41 44 18 5
41 45 5 0
41 46 4 15
41 47 14 19
41 48 14 15
41 49 1 0
42 1 20 4
42 2 16 6
42 3 1 20
42 5 2 14
42 6 0 12
42 9 20 20
42 10 15 3
42 11 4 11
42 12 6 19
42 15 14 0
42 16 6 14
42 17 4 1
42 19 16 7
42 20 5 6
42 21 5 15
42 22 5 3
42 23 12 8
42 24 7 5
42 25 17 7
42 26 15 15
42 27 5 1
42 28 2 1
42 29 3 11
42 30 0 14
42 31 1 9
42 32 17 5
42 33 0 9
42 34 8 17
42 35 19 6
42 36 13 15
42 39 15 17
42 40 8 10
42 41 3 16
42 42 4 15
42 43 7 17
42 44 20 6
42 45 2 15
42 46 17 14
42 47 8 10
43 0 10 12
43 1 4 10
43 3 4 11
43 4 1 7
43 5 10 1
43 7 18 5
43 8 8 5
43 9 15 4
43 11 5 4
43 12 13 0
43 13 11 8
43 14 13 15
43 15 17 19
43 16 3 8
43 17 14 6
43 18 9 20
43 19 4 1
43 20 15 6
43 21 17 19
43 24 0 20
43 25 4 14
43 26 8 19
43 27 5 3
43 30 16 13
43 31 3 8
43 32 14 3
43 33 4 7
43 35 12 14
43 36 16 20
43 37 12 6
43 38 17 12
43 41 8 9
43 42 15 19
43 43 15 6
43 44 8 16
43 45 12 15
43 46 10 12
43 47 2 18
43 48 7 13
43 49 3 16
44 0 1 17
44 1 6 3
44 2 5 13
44 3 11 16
44 4 5 12
44 5 0 17
44 6 9 20
44 7 18 14
44 8 20 3
44 9 4 7
44 10 4 16
44 11 3 19
44 12 20 6
44 14 8 16
44 15 20 9
44 16 2 16
44 17 8 2
44 18 13 12
44 19 14 10
44 21 7 3
44 22 9 1
44 23 13 0
44 24 0 13
44 25 5 16
44 26 9 18
44 28 16 4
44 29 7 15
44 30 20 20
44 31 3 20
44 32 20 3
44 33 6 10
44 34 14 11
44 36 11 15
44 38 1 6
44 40 12 19
44 41 7 5
44 42 18 1
44 44 1 9
44 46 19 13
44 48 2 2
44 49 0 12
45 0 14 5
45 2 0 3
45 3 7 14
45 4 17 8
45 5 4 3
45 6 1 15
45 7 10 7
45 8 15 19
45 9 13 10
45 10 9 5
45 11 19 14
45 12 7 0
45 13 15 5
45 14 6 8
45 15 4 1
45 16 11 2
45 17 1 2
45 18 7 17
45 19 12 10
45 22 0 0
45 23 18 9
45 24 5 9
45 25 12 0
45 26 2 10
45 27 13 8
45 30 18 15
45 32 14 4
45 33 6 2
45 35 12 2
45 36 17 18
45 37 17 20
45 38 3 3
45 39 20 5
45 40 16 5
45 43 6 17
45 44 20 13
45 46 4 8
45 47 15 6
45 48 9 14
45 49 15 3
46 0 0 8
46 1 5 20
46 2 14 14
46 3 1 1
46 4 11 8
46 7 5 11
46 9 19 9
46 10 15 4
46 12 15 1
46 13 13 16
46 15 20 2
46 16 1 17
46 17 14 17
46 18 12 16
46 19 16 15
46 21 19 1
46 22 15 14
46 23 18 3
46 24 18 11
46 25 8 11
46 27 5 15
46 28 6 5
46 29 10 11
46 30 8 9
46 31 19 1
46 34 9 14
46 35 11 7
46 36 1 15
46 38 6 1
46 39 2 1
46 40 8 15
46 41 18 6
46 42 13 3
46 44 18 10
46 45 17 12
46 46 16 15
46 47 1 14
46 48 8 1
46 49 9 17
47 0 18 2
47 3 20 3
47 4 20 5
47 5 18 4
47 6 12 14
47 8 5 17
47 9 0 2
47 10 4 13
47 11 10 9
47 13 10 13
47 15 19 4
47 16 7 15
47 17 16 10
47 18 19 2
47 19 2 19
47 20 5 4
47 21 8 4
47 22 16 0
47 23 5 15
47 24 3 17
47 25 4 13
47 26 5 16
47 27 8 2
47 28 7 3
47 29 14 12
47 30 7 0
47 31 2 18
47 32 8 4
47 34 10 19
47 36 17 8
47 37 19 7
47 40 7 0
47 41 6 4
47 42 11 14
47 43 7 7
47 44 19 2
47 45 6 3
47 46 17 16
47 47 8 7
47 48 4 15
47 49 11 15
48 1 12 19
48 2 11 0
48 3 13 20
48 6 15 12
48 7 9 19
48 8 6 10
48 10 9 4
48 11 20 17
48 12 8 4
48 13 13 13
48 14 3 18
48 17 12 10
48 19 12 4
48 20 1 7
48 22 4 5
48 23 17 14
48 25 0 7
48 27 0 11
48 29 18 17
48 32 16 8
48 33 14 11
48 34 4 18
48 35 19 13
48 36 11 10
48 37 12 18
48 38 20 8
48 39 5 13
48 43 9 2
48 45 13 1
48 47 15 6
48 48 17 7
48 49 1 1
49 2 16 8
49 3 9 8
49 5 19 15
49 7 15 7
49 8 20 11
49 9 18 15
49 10 2 14
49 11 12 17
49 12 6 8
49 13 17 12
49 15 20 9
49 17 2 0
49 18 0 12
49 19 7 10
49 20 17 19
49 21 3 8
49 22 7 3
49 24 13 10
49 26 9 7
49 27 0 5
49 28 0 13
49 29 4 1
49 30 9 19
49 31 3 14
49 33 4 16
49 34 18 15
49 35 2 9
49 38 6 20
49 39 1 19
49 40 3 3
49 42 17 9
49 43 17 16
49 44 15 4
49 45 17 2
49 46 7 16
49 48 14 5
49 49 5 16
