50
2
0 0 7 4
0 1 18 5
0 2 15 14
0 3 0 18
0 5 20 8
0 6 8 12
0 7 11 6
0 8 3 9
0 9 0 15
0 10 9 19
0 11 12 0
0 12 10 7
0 13 20 18
0 15 11 7
0 17 20 7
0 19 15 7
0 21 4 8
0 22 0 1
0 23 2 2
0 25 0 8
0 26 18 2
0 27 9 5
0 28 5 8
0 29 12 19
0 30 16 9
0 31 0 10
0 32 3 8
0 34 16 16
0 35 16 18
0 36 5 5
0 38 8 0
0 39 0 19
0 40 5 7
0 41 7 11
0 43 16 14
0 44 5 11
0 45 10 20
0 48 0 5
0 49 14 18
1 1 14 0
1 2 9 3
1 4 7 19
1 5 17 6
1 6 20 15
1 7 15 14
1 8 20 11
1 9 18 11
1 10 13 2
1 11 11 15
1 12 0 17
1 13 1 10
1 14 13 18
1 15 16 8
1 16 15 12
1 17 4 16
1 18 18 1
1 19 12 3
1 20 8 9
1 22 7 1
1 23 12 15
1 24 14 11
1 25 18 6
1 26 5 7
1 27 8 3
1 28 0 14
1 29 17 20
1 31 16 16
1 32 1 14
1 33 11 17
1 34 18 1
1 35 19 6
1 37 13 13
1 38 2 18
1 39 4 0
1 40 6 2
1 42 12 2
1 43 19 13
1 44 10 3
1 45 12 10
1 48 2 8
2 0 15 20
2 1 19 15
2 2 19 11
2 3 2 11
2 4 7 9
2 5 5 19
2 6 15 14
2 7 19 0
2 8 20 15
2 10 9 4
2 12 10 18
2 13 3 7
2 14 7 5
2 15 18 9
2 18 4 14
2 19 4 13
2 20 18 9
2 22 4 11
2 23 7 19
2 25 2 3
2 27 1 0
2 28 15 2
2 29 0 16
2 30 1 1
2 31 15 0
2 34 1 10
2 36 14 17
2 38 1 20
2 39 18 8
2 40 10 4
2 41 11 18
2 42 10 3
2 43 13 13
2 44 17 0
2 46 7 6
2 48 15 13
2 49 17 11
3 0 6 10
3 1 13 18
3 2 16 18
3 4 15 12
3 5 14 12
3 6 19 12
3 9 2 4
3 10 19 7
3 12 10 9
3 13 16 7
3 14 3 0
3 15 4 0
3 17 19 6
3 19 4 14
3 20 19 15
3 22 19 13
3 25 0 6
3 27 13 20
3 29 15 12
3 30 13 9
3 31 13 10
3 32 6 18
3 33 8 7
3 35 11 5
3 36 18 7
3 37 1 12
3 38 11 15
3 40 16 13
3 41 17 13
3 42 16 6
3 43 4 9
3 44 5 18
3 45 10 14
3 46 5 15
3 48 14 19
4 0 5 9
4 1 19 2
4 2 18 11
4 4 12 3
4 5 12 19
4 6 3 5
4 8 10 19
4 9 0 16
4 10 9 11
4 14 2 19
4 15 19 12
4 16 8 15
4 18 0 2
4 19 10 12
4 21 6 15
4 22 11 1
4 23 0 4
4 25 20 12
4 26 5 17
4 27 11 4
4 28 7 5
4 30 18 14
4 32 0 11
4 33 7 4
4 35 15 17
4 36 5 9
4 37 13 16
4 38 4 3
4 40 4 19
4 41 19 12
4 43 0 12
4 45 9 17
4 46 14 7
4 47 18 9
4 48 1 16
4 49 6 0
5 0 15 2
5 1 20 3
5 2 3 2
5 3 17 11
5 4 8 20
5 5 8 8
5 6 18 18
5 7 20 17
5 8 12 5
5 9 14 16
5 10 12 10
5 11 1 7
5 12 12 18
5 13 13 1
5 14 6 1
5 15 2 11
5 16 5 18
5 17 10 17
5 18 19 3
5 19 10 6
5 21 14 0
5 22 17 8
5 24 8 20
5 25 8 2
5 26 2 4
5 27 4 20
5 28 6 0
5 29 19 8
5 30 11 5
5 31 12 7
5 33 16 4
5 35 0 11
5 36 17 1
5 37 18 13
5 38 17 11
5 40 9 19
5 41 3 18
5 42 1 15
5 44 9 14
5 46 10 5
5 48 9 8
5 49 19 5
6 0 3 12
6 1 15 14
6 2 5 1
6 3 14 11
6 4 4 20
6 5 16 0
6 6 17 10
6 7 13 8
6 8 15 11
6 9 2 20
6 10 17 11
6 15 19 3
6 16 1 9
6 17 10 14
6 18 13 6
6 19 6 18
6 20 6 3
6 21 14 19
6 22 5 5
6 23 18 12
6 24 17 6
6 25 2 6
6 26 2 2
6 27 13 9
6 28 11 18
6 29 2 19
6 30 7 6
6 31 4 20
6 32 18 6
6 34 20 17
6 35 19 18
6 36 2 2
6 37 20 5
6 39 4 18
6 40 7 12
6 41 14 2
6 42 18 8
6 44 13 20
6 45 10 6
6 46 5 15
6 47 0 2
6 48 10 11
6 49 11 2
7 0 7 14
7 1 17 6
7 2 11 15
7 3 2 0
7 4 6 0
7 5 16 18
7 6 0 9
7 7 5 14
7 8 16 2
7 10 6 13
7 11 16 7
7 14 3 14
7 16 9 12
7 17 3 7
7 19 19 5
7 20 18 17
7 21 17 3
7 23 17 2
7 24 6 8
7 25 15 8
7 26 20 5
7 27 3 20
7 28 9 4
7 30 20 9
7 32 6 1
7 34 2 1
7 35 0 20
7 36 2 13
7 37 11 4
7 38 17 13
7 39 5 6
7 40 14 4
7 41 15 7
7 42 8 14
7 43 9 0
7 44 13 8
7 45 8 12
7 46 18 13
7 47 5 13
7 48 18 10
7 49 17 9
8 0 7 8
8 1 16 12
8 2 17 5
8 4 16 19
8 5 2 14
8 6 2 0
8 8 1 1
8 9 18 3
8 10 10 19
8 11 8 19
8 13 11 19
8 14 3 19
8 17 9 11
8 18 8 17
8 19 15 2
8 20 12 7
8 21 7 8
8 22 10 7
8 23 1 10
8 24 18 10
8 26 19 15
8 27 13 2
8 28 4 2
8 29 3 8
8 31 19 19
8 32 18 18
8 34 5 15
8 35 13 19
8 38 9 12
8 40 19 3
8 41 18 18
8 42 0 9
8 43 1 17
8 44 12 19
8 45 5 6
8 46 18 13
8 47 6 11
8 49 13 2
9 0 16 1
9 1 2 5
9 2 3 4
9 3 1 16
9 4 7 11
9 5 15 5
9 6 17 2
9 7 20 5
9 8 7 2
9 9 7 16
9 10 5 3
9 11 1 14
9 12 8 12
9 13 15 20
9 14 7 20
9 15 9 1
9 16 16 19
9 18 5 1
9 20 12 9
9 21 16 20
9 22 12 14
9 23 9 14
9 24 4 8
9 25 8 6
9 26 11 4
9 27 8 0
9 29 15 19
9 30 20 18
9 31 17 15
9 33 13 3
9 34 3 11
9 35 17 1
9 36 10 2
9 37 9 14
9 38 5 3
9 39 0 20
9 40 19 7
9 41 19 17
9 45 12 15
9 47 13 16
9 48 12 18
9 49 19 15
10 0 13 10
10 1 14 14
10 2 10 0
10 4 13 20
10 5 20 1
10 6 15 4
10 8 10 15
10 9 1 10
10 11 13 6
10 12 2 2
10 14 4 18
10 15 13 10
10 16 10 12
10 17 9 10
10 18 11 7
10 19 17 5
10 20 19 4
10 21 20 7
10 22 19 11
10 23 17 1
10 24 6 13
10 25 16 9
10 26 16 10
10 27 2 4
10 28 19 1
10 29 19 16
10 30 14 18
10 31 9 2
10 33 9 12
10 35 15 14
10 36 1 14
10 37 16 15
10 38 8 18
10 39 3 17
10 40 8 16
10 42 18 0
10 43 13 15
10 44 17 13
10 45 7 11
10 47 15 3
10 49 5 13
11 1 20 8
11 3 18 17
11 4 19 17
11 5 5 15
11 6 18 13
11 7 14 12
11 8 8 5
11 9 16 14
11 10 20 7
11 11 7 16
11 12 12 4
11 13 1 12
11 14 5 7
11 16 0 14
11 17 10 12
11 18 8 4
11 19 13 9
11 20 4 16
11 21 0 0
11 22 9 13
11 25 19 16
11 27 8 7
11 28 16 3
11 29 9 6
11 31 7 1
11 32 18 16
11 33 2 7
11 34 1 0
11 35 17 20
11 37 1 15
11 38 2 13
11 39 6 12
11 40 12 5
11 41 9 16
11 42 20 4
11 43 0 8
11 44 13 1
11 46 17 13
11 48 2 10
11 49 14 4
12 0 7 14
12 1 19 5
12 2 12 9
12 3 17 4
12 4 2 15
12 5 1 16
12 6 12 18
12 7 10 11
12 8 12 5
12 9 3 11
12 10 7 7
12 11 8 9
12 13 17 5
12 15 11 18
12 18 0 5
12 19 19 20
12 21 14 17
12 22 0 11
12 23 9 15
12 24 10 16
12 25 6 3
12 26 20 16
12 27 19 19
12 28 19 5
12 29 16 17
12 30 20 13
12 31 13 15
12 32 15 0
12 33 18 10
12 34 2 12
12 35 6 15
12 37 7 1
12 38 20 1
12 39 10 9
12 40 10 17
12 41 12 11
12 42 3 5
12 43 2 6
12 44 9 19
12 46 9 15
12 47 15 18
12 48 18 6
12 49 3 12
13 1 6 19
13 2 8 11
13 4 5 2
13 5 4 11
13 6 3 2
13 7 12 16
13 8 4 2
13 9 13 17
13 10 19 7
13 11 14 13
13 12 7 0
13 14 9 13
13 15 7 16
13 16 1 17
13 17 14 7
13 18 7 13
13 19 19 3
13 20 17 8
13 21 5 7
13 22 18 15
13 23 1 2
13 24 12 2
13 25 13 17
13 26 2 15
13 27 14 15
13 29 13 19
13 31 1 1
13 32 1 17
13 33 10 3
13 34 17 8
13 35 20 15
13 36 14 4
13 37 16 9
13 38 19 5
13 39 9 5
13 40 9 14
13 41 13 2
13 42 2 3
13 43 14 9
13 44 17 1
13 45 15 11
13 47 2 0
13 48 13 15
13 49 15 19
14 0 0 9
14 2 6 13
14 3 5 20
14 4 10 18
14 5 9 7
14 6 14 18
14 7 5 3
14 8 2 7
14 9 6 10
14 10 3 17
14 12 5 19
14 13 16 8
14 14 0 12
14 15 13 8
14 16 20 4
14 17 3 3
14 18 3 9
14 19 2 18
14 20 13 19
14 22 20 16
14 23 18 6
14 24 5 10
14 25 0 12
14 26 14 5
14 27 20 7
14 28 1 17
14 29 1 18
14 30 15 19
14 31 16 9
14 32 14 8
14 33 9 1
14 35 18 4
14 36 10 8
14 37 7 4
14 38 18 19
14 39 19 4
14 40 9 6
14 41 5 10
14 42 8 18
14 44 14 7
14 45 1 20
14 47 19 0
14 48 17 3
14 49 20 0
15 0 1 4
15 1 14 5
15 2 0 6
15 3 1 12
15 4 9 9
15 5 12 10
15 6 10 4
15 7 17 7
15 8 13 12
15 9 14 11
15 11 16 11
15 12 13 0
15 13 18 3
15 16 14 20
15 17 8 5
15 19 18 16
15 20 18 10
15 21 7 11
15 22 18 19
15 23 9 12
15 24 10 3
15 25 11 4
15 26 1 7
15 28 5 15
15 29 3 12
15 31 18 1
15 32 0 14
15 33 11 4
15 36 1 3
15 37 9 17
15 38 18 2
15 40 14 19
15 41 2 7
15 42 13 11
15 43 16 13
15 44 16 16
15 46 15 17
15 47 3 2
15 49 2 17
16 0 16 13
16 2 10 2
16 3 14 19
16 5 18 6
16 6 11 10
16 7 15 8
16 9 4 4
16 10 2 6
16 11 6 11
16 12 5 13
16 13 11 17
16 14 16 14
16 16 0 6
16 17 19 16
16 18 6 5
16 19 7 1
16 20 1 13
16 21 4 18
16 26 3 15
16 27 16 11
16 29 7 14
16 30 0 12
16 31 8 15
16 32 6 14
16 33 3 11
16 35 11 7
16 36 11 7
16 38 17 0
16 39 2 19
16 40 1 16
16 41 20 4
16 43 16 3
16 44 17 5
16 45 18 0
16 47 5 10
16 48 6 0
16 49 6 11
17 0 19 7
17 1 20 12
17 3 18 13
17 6 7 14
17 8 5 3
17 9 3 16
17 11 12 14
17 12 9 20
17 14 4 12
17 15 19 14
17 16 14 14
17 17 17 16
17 18 19 3
17 19 6 4
17 20 2 5
17 21 11 20
17 22 19 1
17 23 4 9
17 24 13 18
17 26 12 6
17 27 20 5
17 28 4 18
17 29 14 9
17 30 10 4
17 31 12 4
17 32 17 13
17 34 4 17
17 35 7 10
17 36 6 0
17 37 5 20
17 38 15 10
17 39 0 10
17 41 6 13
17 42 0 13
17 45 13 1
17 46 20 3
17 48 2 12
17 49 16 5
18 0 3 16
18 1 19 12
18 2 5 10
18 3 7 10
18 5 14 17
18 6 4 0
18 8 3 3
18 9 3 14
18 10 2 5
18 11 19 6
18 12 1 11
18 13 11 3
18 14 0 0
18 15 17 12
18 16 12 18
18 17 4 9
18 18 19 9
18 19 1 13
18 20 8 1
18 21 12 17
18 22 10 12
18 23 6 18
18 24 10 14
18 25 17 14
18 27 17 16
18 28 5 4
18 29 19 0
18 30 20 15
18 31 14 11
18 32 13 13
18 34 14 11
18 36 15 13
18 38 9 19
18 39 17 3
18 41 5 15
18 44 14 18
18 45 11 9
18 48 4 12
19 0 8 13
19 1 8 5
19 2 17 14
19 3 20 18
19 4 14 15
19 5 19 14
19 6 15 11
19 7 13 2
19 8 13 19
19 9 9 6
19 11 6 14
19 12 2 0
19 13 19 14
19 14 5 2
19 15 1 17
19 17 12 0
19 18 20 19
19 20 12 18
19 21 4 6
19 23 3 15
19 24 19 0
19 25 3 17
19 26 4 0
19 28 7 13
19 30 0 20
19 31 0 1
19 32 12 20
19 35 18 12
19 36 0 19
19 37 1 17
19 38 19 16
19 39 12 14
19 40 8 19
19 41 15 17
19 43 0 9
19 45 17 6
19 46 3 5
19 47 14 3
19 48 17 14
19 49 20 4
20 0 20 16
20 2 6 10
20 3 7 1
20 5 8 4
20 6 5 15
20 7 2 14
20 9 17 14
20 10 14 14
20 11 0 9
20 12 4 16
20 14 6 6
20 15 20 18
20 17 6 11
20 18 6 12
20 19 13 11
20 21 17 11
20 22 18 18
20 23 19 11
20 24 9 18
20 25 5 6
20 26 19 7
20 27 13 11
20 28 13 15
20 29 20 17
20 30 14 20
20 31 12 6
20 34 15 8
20 35 8 19
20 36 14 2
20 37 12 5
20 38 13 20
20 39 6 0
20 41 4 4
20 42 7 7
20 43 10 18
20 45 8 16
20 46 5 15
20 47 17 18
20 49 12 0
21 1 19 9
21 2 8 13
21 3 20 11
21 4 19 15
21 5 16 13
21 7 16 2
21 8 12 19
21 9 18 16
21 10 7 1
21 11 11 14
21 12 17 10
21 13 4 20
21 14 6 19
21 15 10 12
21 16 6 5
21 17 5 1
21 18 13 17
21 19 18 13
21 21 13 18
21 24 13 5
21 25 20 20
21 26 7 14
21 27 4 15
21 28 2 20
21 29 16 4
21 30 4 15
21 31 1 4
21 36 7 14
21 37 17 2
21 39 15 9
21 40 19 2
21 41 18 11
21 43 3 8
21 44 1 4
21 45 20 0
21 46 11 20
21 47 16 12
21 49 20 13
22 0 9 16
22 2 16 9
22 3 2 13
22 5 0 18
22 6 0 8
22 7 19 13
22 10 8 1
22 12 16 16
22 13 5 18
22 14 17 20
22 15 16 10
22 16 8 15
22 17 2 7
22 18 20 4
22 19 9 11
22 20 13 5
22 22 5 19
22 24 4 3
22 25 0 16
22 26 10 19
22 27 8 1
22 28 20 6
22 29 16 2
22 30 17 3
22 31 2 0
22 32 6 9
22 33 18 13
22 34 6 1
22 35 11 18
22 36 13 5
22 37 8 14
22 38 6 15
22 39 2 0
22 41 4 10
22 42 16 20
22 43 12 0
22 44 7 1
22 45 5 8
22 46 2 6
22 48 4 0
22 49 19 12
23 0 9 14
23 2 2 12
23 4 11 13
23 5 7 12
23 6 1 19
23 8 18 1
23 9 2 2
23 10 13 0
23 11 16 16
23 12 16 14
23 13 18 7
23 15 3 19
23 16 18 11
23 17 11 6
23 18 15 17
23 19 17 10
23 20 18 0
23 22 7 5
23 23 16 13
23 24 14 10
23 26 19 7
23 27 6 0
23 28 16 17
23 29 3 1
23 30 4 10
23 31 10 14
23 32 18 3
23 33 3 11
23 34 5 19
23 35 12 3
23 37 2 6
23 38 12 8
23 39 5 20
23 40 9 5
23 41 20 19
23 42 20 17
23 43 3 11
23 44 6 9
23 45 5 9
23 47 1 15
23 48 1 14
23 49 13 14
24 0 2 5
24 1 6 20
24 2 16 2
24 4 10 12
24 5 17 11
24 6 1 15
24 7 12 7
24 9 5 7
24 10 17 19
24 11 16 11
24 12 16 13
24 15 8 16
24 16 20 2
24 17 8 7
24 18 1 3
24 20 10 0
24 21 11 20
24 22 6 1
24 24 15 10
24 26 13 10
24 27 20 4
24 29 20 12
24 32 19 12
24 33 5 15
24 34 15 7
24 35 20 1
24 36 19 9
24 38 6 12
24 40 12 3
24 41 19 20
24 42 15 5
24 43 10 18
24 44 14 1
24 45 3 12
24 46 13 18
24 48 10 9
24 49 13 3
25 0 6 7
25 2 6 4
25 3 0 9
25 4 15 6
25 5 17 1
25 6 5 12
25 7 10 5
25 10 10 1
25 11 3 18
25 12 3 4
25 13 2 10
25 15 11 5
25 17 1 7
25 18 11 0
25 19 18 15
25 20 10 10
25 21 15 3
25 22 6 6
25 23 10 5
25 25 10 19
25 26 6 15
25 27 8 13
25 28 5 1
25 29 17 7
25 30 13 20
25 31 4 19
25 32 20 2
25 33 0 11
25 35 20 3
25 36 5 11
25 38 18 9
25 39 17 15
25 40 9 9
25 41 4 12
25 42 14 1
25 43 10 6
25 44 19 14
25 47 10 10
25 48 18 0
25 49 7 0
26 0 4 12
26 1 12 7
26 2 17 19
26 3 13 14
26 4 1 12
26 5 11 8
26 6 6 8
26 7 8 17
26 8 17 19
26 9 11 3
26 10 1 13
26 12 20 7
26 13 3 14
26 14 6 16
26 16 10 8
26 17 16 7
26 18 9 4
26 19 8 2
26 21 8 4
26 22 7 2
26 25 15 19
26 26 13 16
26 28 14 19
26 29 6 12
26 31 0 15
26 32 3 19
26 33 14 15
26 34 20 1
26 35 0 6
26 37 2 10
26 38 18 3
26 39 14 10
26 40 12 12
26 41 11 10
26 42 8 5
26 43 7 19
26 44 13 17
26 45 12 4
26 46 13 14
26 47 9 11
26 48 3 10
26 49 11 14
27 1 7 15
27 2 18 7
27 3 6 12
27 4 12 16
27 5 12 20
27 7 9 19
27 8 4 10
27 9 3 14
27 10 2 16
27 11 2 14
27 14 12 1
27 15 1 11
27 16 16 3
27 19 0 19
27 20 14 4
27 21 3 3
27 22 5 10
27 24 14 18
27 25 12 20
27 26 20 8
27 27 5 1
27 30 14 10
27 31 18 0
27 32 4 18
27 33 20 5
27 35 2 9
27 36 15 5
27 38 6 17
27 39 13 8
27 40 11 3
27 41 7 16
27 42 19 2
27 43 2 6
27 44 5 7
27 45 20 7
27 46 15 13
27 47 11 11
27 48 13 3
27 49 4 1
28 0 10 1
28 1 2 13
28 3 6 4
28 4 20 2
28 5 1 17
28 7 7 7
28 8 18 20
28 9 20 5
28 10 2 7
28 11 15 15
28 12 17 10
28 13 11 7
28 15 20 4
28 16 15 4
28 18 12 1
28 19 18 19
28 20 6 18
28 21 1 15
28 23 11 17
28 24 11 17
28 26 16 15
28 27 19 10
28 28 8 4
28 29 6 2
28 30 0 19
28 32 3 7
28 35 14 2
28 36 14 20
28 38 2 5
28 39 3 4
28 41 6 8
28 43 7 16
28 44 5 20
28 45 17 15
28 46 1 0
28 47 3 15
28 48 20 9
28 49 8 8
29 1 0 10
29 2 11 20
29 4 9 2
29 5 0 19
29 7 20 15
29 8 20 4
29 9 18 11
29 12 11 1
29 13 5 3
29 14 4 6
29 15 2 3
29 16 12 9
29 17 19 12
29 18 1 10
29 19 16 17
29 20 12 19
29 22 14 1
29 23 8 20
29 27 5 11
29 28 17 5
29 29 9 13
29 31 18 8
29 32 15 2
29 36 11 4
29 38 3 3
29 40 2 11
29 42 12 11
29 43 12 5
29 44 19 4
29 45 18 17
29 47 7 6
29 48 8 12
29 49 12 3
30 0 0 12
30 2 0 16
30 3 20 7
30 4 3 11
30 6 8 20
30 7 0 10
30 10 8 7
30 11 17 10
30 12 0 5
30 13 3 15
30 14 14 4
30 15 1 3
30 16 8 3
30 19 11 19
30 20 0 5
30 21 5 19
30 22 12 17
30 23 0 9
30 24 5 13
30 25 6 2
30 26 13 4
30 27 11 15
30 28 2 11
30 29 11 3
30 30 6 3
30 31 9 15
30 32 4 0
30 33 13 1
30 34 16 16
30 35 1 14
30 36 17 7
30 37 10 18
30 38 3 18
30 39 7 19
30 40 5 13
30 41 12 0
30 42 16 19
30 45 8 7
30 46 5 4
30 47 5 19
30 49 8 15
31 0 13 1
31 2 19 20
31 3 17 11
31 4 2 2
31 5 7 1
31 6 3 9
31 7 12 16
31 8 16 12
31 9 14 20
31 10 16 0
31 11 13 1
31 12 15 7
31 13 17 3
31 14 8 1
31 15 11 11
31 16 10 9
31 17 2 5
31 19 20 17
31 20 15 13
31 21 10 19
31 22 12 5
31 23 4 10
31 25 9 15
31 28 15 5
31 29 18 9
31 30 0 10
31 31 11 1
31 32 20 8
31 33 16 1
31 34 4 9
31 35 5 4
31 36 8 0
31 37 4 18
31 39 4 10
31 40 11 17
31 41 20 6
31 43 1 6
31 44 6 9
31 45 8 19
31 46 1 0
31 47 16 9
31 48 1 9
31 49 14 19
32 1 9 20
32 2 7 18
32 3 10 16
32 5 10 14
32 6 6 15
32 7 15 15
32 8 19 18
32 9 11 13
32 11 0 8
32 12 5 5
32 13 11 11
32 14 12 18
32 15 6 12
32 16 20 11
32 17 6 3
32 18 18 0
32 19 18 1
32 20 0 18
32 21 1 8
32 23 13 4
32 24 4 0
32 26 11 4
32 27 9 7
32 28 4 6
32 29 14 2
32 32 8 18
32 33 1 8
32 34 19 20
32 35 5 16
32 36 4 9
32 37 18 4
32 38 6 13
32 40 0 18
32 42 13 5
32 43 9 2
32 44 18 2
32 45 3 18
32 46 13 7
32 47 5 11
32 48 7 14
33 0 13 3
33 1 14 10
33 2 9 9
33 6 19 7
33 8 0 10
33 9 3 19
33 10 11 5
33 11 17 8
33 12 9 15
33 13 19 9
33 14 9 17
33 15 18 17
33 17 9 18
33 18 5 8
33 19 4 1
33 20 2 8
33 21 20 15
33 24 11 2
33 25 9 19
33 27 19 4
33 29 18 0
33 30 15 3
33 31 7 1
33 32 6 6
33 33 15 18
33 34 6 17
33 35 14 13
33 36 19 18
33 37 9 19
33 38 0 4
33 39 9 17
33 40 10 0
33 41 1 2
33 42 6 16
33 43 17 0
33 44 19 7
33 45 4 6
33 46 6 3
33 47 7 15
33 48 7 5
33 49 13 11
34 0 19 12
34 2 13 6
34 3 3 7
34 4 19 13
34 5 4 13
34 7 17 19
34 8 16 12
34 9 16 5
34 10 9 16
34 11 1 19
34 12 13 1
34 13 20 2
34 14 12 2
34 16 17 11
34 20 19 9
34 21 16 20
34 22 9 18
34 23 13 2
34 25 14 16
34 26 1 13
34 27 8 0
34 28 19 2
34 29 3 16
34 31 8 17
34 32 8 16
34 34 15 19
34 36 20 19
34 37 12 17
34 38 5 7
34 40 4 18
34 41 9 19
34 42 0 11
34 43 12 18
34 44 13 12
34 45 16 15
34 46 14 7
34 47 15 19
34 49 14 5
35 0 17 6
35 1 17 4
35 2 2 11
35 3 5 7
35 4 19 17
35 5 8 19
35 6 17 13
35 8 5 4
35 9 6 12
35 10 5 7
35 11 18 3
35 14 5 0
35 15 16 10
35 16 12 15
35 17 3 17
35 18 0 6
35 19 1 18
35 20 19 20
35 21 8 11
35 22 8 9
35 23 11 11
35 24 15 17
35 26 19 19
35 27 16 17
35 28 4 6
35 29 6 18
35 30 6 19
35 31 10 2
35 32 2 6
35 33 0 17
35 34 19 9
35 35 9 17
35 38 17 5
35 39 6 19
35 40 10 18
35 41 20 19
35 44 12 11
35 45 1 20
35 46 4 1
35 47 8 3
35 48 9 11
35 49 17 5
36 0 2 18
36 1 10 6
36 2 8 14
36 3 17 14
36 4 10 15
36 5 17 4
36 7 14 2
36 8 6 14
36 9 1 5
36 11 1 20
36 12 17 10
36 13 15 6
36 14 14 13
36 15 8 11
36 16 19 12
36 17 15 7
36 18 11 10
36 19 0 5
36 20 4 15
36 21 3 8
36 22 20 15
36 23 3 18
36 24 9 3
36 28 20 20
36 29 1 10
36 30 7 5
36 31 3 18
36 32 7 0
36 33 9 15
36 34 17 0
36 35 20 13
36 36 4 6
36 37 16 14
36 38 16 8
36 39 20 11
36 40 11 6
36 41 1 4
36 42 2 3
36 43 11 0
36 44 7 18
36 45 14 2
36 46 17 6
36 47 4 12
36 48 7 12
36 49 13 16
37 0 16 13
37 1 11 6
37 2 9 12
37 3 17 2
37 4 2 3
37 6 3 9
37 8 15 12
37 9 4 19
37 10 12 1
37 11 9 6
37 13 1 11
37 14 0 13
37 15 6 9
37 16 12 17
37 17 19 18
37 18 9 17
37 19 9 16
37 20 6 13
37 22 5 15
37 23 12 0
37 25 0 4
37 26 12 0
37 28 20 18
37 29 18 14
37 30 9 17
37 32 6 16
37 33 6 4
37 34 16 5
37 35 16 2
37 36 15 4
37 37 9 16
37 38 5 11
37 44 0 10
37 46 7 13
37 47 20 9
37 48 5 15
37 49 10 4
38 0 13 1
38 1 10 19
38 2 13 7
38 3 19 6
38 4 7 2
38 5 15 6
38 6 8 1
38 7 13 11
38 8 15 2
38 9 18 13
38 10 1 13
38 11 2 2
38 12 18 2
38 13 6 6
38 14 2 8
38 16 17 10
38 17 5 15
38 18 20 11
38 22 19 13
38 24 11 12
38 25 16 8
38 26 16 17
38 27 7 6
38 29 10 11
38 30 9 16
38 31 17 4
38 32 15 15
38 33 0 4
38 36 15 2
38 37 19 20
38 38 6 1
38 40 20 5
38 41 4 20
38 43 10 19
38 44 13 1
38 45 14 3
38 46 12 18
38 47 14 10
38 48 20 2
38 49 9 18
39 0 8 0
39 1 2 4
39 3 18 13
39 4 19 16
39 5 3 13
39 7 0 15
39 8 7 6
39 9 17 5
39 10 8 7
39 13 13 16
39 14 2 19
39 15 12 2
39 16 0 7
39 18 7 9
39 19 9 7
39 20 15 11
39 23 18 19
39 25 9 2
39 27 10 12
39 28 4 11
39 29 5 0
39 31 13 20
39 32 17 8
39 33 2 1
39 34 15 20
39 36 19 2
39 38 14 13
39 40 13 7
39 41 8 5
39 42 11 11
39 43 1 15
39 44 13 8
39 45 4 17
39 46 13 4
39 47 19 9
39 48 20 15
39 49 17 0
40 0 7 0
40 1 5 7
40 2 5 20
40 4 15 19
40 7 20 15
40 8 7 15
40 9 14 12
40 10 15 7
40 11 1 10
40 12 3 3
40 13 2 10
40 14 1 3
40 18 19 9
40 21 8 12
40 22 3 4
40 23 1 8
40 24 13 20
40 25 17 20
40 26 13 20
40 27 3 18
40 28 18 18
40 29 10 2
40 30 13 8
40 31 19 9
40 33 13 16
40 34 8 3
40 35 11 2
40 36 2 4
40 37 3 8
40 38 17 4
40 39 8 9
40 40 7 14
40 41 10 2
40 43 15 13
40 47 17 0
40 48 5 14
40 49 17 15
41 0 19 15
41 1 9 1
41 3 6 14
41 4 9 13
41 5 16 11
41 9 7 3
41 10 0 20
41 11 8 16
41 15 5 15
41 18 0 9
41 19 9 4
41 20 14 14
41 21 8 13
41 22 20 16
41 23 7 6
41 24 11 18
41 25 6 12
41 26 16 17
41 27 12 11
41 28 5 13
41 29 16 17
41 32 12 1
41 33 0 1
41 34 3 20
41 35 7 1
41 36 14 6
41 37 12 19
41 38 0 5
41 39 17 15
41 40 14 5
41 41 19 19
41 42 13 11
41 43 13 11
41 44 9 14
41 45 4 18
41 47 15 19
41 48 6 12
41 49 0 19
42 0 13 8
42 1 1 9
42 3 9 13
42 4 7 15
42 5 5 11
42 6 19 3
42 7 13 13
42 8 2 1
42 9 2 8
42 10 4 15
42 11 17 3
42 12 6 0
42 13 12 3
42 14 3 11
42 15 12 20
42 17 7 19
42 19 7 3
42 20 20 10
42 21 17 2
42 22 0 12
42 23 13 9
42 25 7 3
42 26 5 20
42 27 11 19
42 28 13 12
42 29 8 15
42 31 10 1
42 32 9 8
42 35 11 3
42 36 15 13
42 37 3 16
42 38 2 1
42 39 7 10
42 40 13 19
42 41 20 11
42 42 11 14
42 43 15 20
42 44 7 19
42 45 15 5
42 46 12 19
42 47 16 6
42 48 20 14
42 49 2 14
43 0 7 13
43 1 16 16
43 2 13 6
43 3 5 18
43 4 18 15
43 5 18 13
43 6 7 2
43 7 8 4
43 8 18 5
43 10 13 12
43 11 5 1
43 12 8 14
43 13 12 5
43 14 18 11
43 16 4 19
43 17 14 14
43 18 3 10
43 20 2 14
43 21 12 8
43 23 10 9
43 24 11 20
43 25 14 2
43 27 16 15
43 28 7 4
43 29 16 7
43 31 8 1
43 32 11 6
43 33 3 18
43 35 4 8
43 36 12 15
43 38 0 4
43 39 9 2
43 40 4 0
43 41 0 17
43 42 7 20
43 43 15 20
43 44 9 6
43 45 20 3
43 49 14 7
44 1 1 8
44 4 4 10
44 5 6 0
44 6 13 10
44 7 13 20
44 8 17 6
44 9 5 7
44 11 15 16
44 12 7 13
44 14 11 2
44 15 12 13
44 16 15 5
44 18 3 20
44 19 9 3
44 22 8 6
44 23 8 17
44 24 0 6
44 27 17 8
44 28 8 9
44 29 9 18
44 30 20 11
44 31 13 0
44 32 14 10
44 33 5 15
44 34 16 8
44 35 0 1
44 36 2 0
44 37 15 9
44 38 9 13
44 40 0 1
44 41 0 20
44 42 19 13
44 44 18 20
44 45 5 1
44 46 7 17
44 47 18 2
44 49 2 19
45 0 1 14
45 2 17 4
45 3 15 5
45 4 15 9
45 5 11 10
45 6 20 13
45 7 14 12
45 9 1 5
45 10 1 15
45 12 11 15
45 13 15 20
45 14 13 18
45 15 0 2
45 16 20 10
45 17 19 14
45 18 0 17
45 19 2 1
45 20 1 12
45 22 0 6
45 24 1 19
45 25 20 2
45 27 7 13
45 28 5 9
45 29 4 11
45 30 4 15
45 31 12 6
45 32 20 18
45 33 11 14
45 35 0 5
45 36 15 4
45 37 17 5
45 38 10 19
45 39 7 15
45 40 10 12
45 41 7 6
45 42 0 3
45 43 19 15
45 44 1 9
45 45 15 16
45 46 16 19
45 47 16 0
45 49 9 17
46 0 0 0
46 1 2 19
46 2 10 12
46 3 12 18
46 4 12 8
46 5 9 8
46 6 1 15
46 8 7 10
46 10 18 1
46 14 14 0
46 15 9 12
46 17 13 2
46 18 19 2
46 19 6 10
46 20 7 15
46 21 13 10
46 23 11 3
46 25 20 17
46 26 13 17
46 28 18 20
46 29 9 3
46 30 1 2
46 31 12 16
46 32 6 11
46 33 10 4
46 35 5 20
46 36 7 20
46 37 6 11
46 38 19 11
46 39 0 14
46 40 2 20
46 41 20 12
46 42 9 3
46 44 18 13
46 45 17 10
46 46 14 4
46 48 17 20
47 0 14 14
47 1 8 11
47 2 12 20
47 5 12 11
47 8 16 1
47 10 14 20
47 11 2 16
47 12 14 17
47 13 4 20
47 14 0 2
47 15 15 0
47 16 5 19
47 17 6 8
47 18 4 7
47 20 7 9
47 21 9 17
47 22 2 18
47 24 4 16
47 25 20 9
47 26 5 13
47 27 17 15
47 28 13 15
47 30 19 7
47 31 14 15
47 32 1 19
47 33 19 13
47 34 3 2
47 35 12 5
47 36 18 14
47 37 6 2
47 38 9 8
47 39 13 5
47 41 10 17
47 42 19 14
47 43 8 11
47 44 5 19
47 45 4 4
47 47 20 5
47 48 16 17
47 49 19 1
48 0 3 17
48 1 3 12
48 2 7 5
48 4 18 7
48 5 10 6
48 7 14 20
48 8 7 11
48 9 5 18
48 10 14 1
48 12 12 3
48 13 8 3
48 14 11 0
48 15 19 15
48 16 7 12
48 17 14 15
48 18 20 8
48 19 6 2
48 20 14 8
48 21 7 15
48 22 3 6
48 23 13 4
48 25 0 14
48 26 17 7
48 28 20 9
48 30 16 11
48 31 16 2
48 32 5 14
48 34 2 1
48 35 11 17
48 36 1 3
48 37 15 14
48 39 12 17
48 40 11 19
48 41 11 4
48 42 14 11
48 43 9 8
48 44 0 15
48 45 4 14
48 46 7 19
48 49 4 10
49 1 12 11
49 2 13 4
49 4 1 18
49 5 12 15
49 7 1 3
49 8 17 8
49 9 10 12
49 11 13 17
49 12 5 4
49 13 20 19
49 14 19 2
49 15 11 4
49 18 13 18
49 19 10 5
49 20 13 16
49 21 17 12
49 22 9 12
49 23 2 1
49 24 6 10
49 25 4 15
49 26 15 12
49 27 8 11
49 28 14 2
49 29 4 10
49 32 17 9
49 33 17 5
49 34 17 20
49 36 19 18
49 38 18 11
49 39 1 0
49 40 17 9
49 41 17 13
49 42 19 0
49 43 0 8
49 44 6 19
49 45 5 19
49 46 16 12
49 47 4 13
49 48 4 5
49 49 15 0
