50
2
0 0 14 8
0 1 11 13
0 2 14 7
0 3 11 11
0 4 17 18
0 5 7 16
0 6 4 8
0 7 3 4
0 8 20 15
0 9 18 16
0 10 9 5
0 11 0 0
0 12 20 8
0 13 14 5
0 14 19 4
0 15 9 6
0 16 2 1
0 17 5 6
0 18 2 17
0 19 16 7
0 21 9 15
0 22 17 16
0 23 14 3
0 24 5 18
0 25 5 18
0 26 17 11
0 27 8 20
0 28 0 0
0 32 12 0
0 33 14 4
0 34 8 0
0 35 18 15
0 36 6 0
0 37 12 14
0 38 2 12
0 39 8 8
0 42 12 15
0 44 11 19
0 45 6 3
0 46 16 12
0 47 0 8
0 48 11 9
0 49 3 7
1 0 16 19
1 1 4 15
1 2 8 13
1 4 12 15
1 6 6 9
1 7 14 13
1 8 2 13
1 9 11 14
1 10 15 2
1 13 12 0
1 14 8 14
1 15 12 20
1 16 6 2
1 19 2 1
1 20 19 9
1 21 0 7
1 22 4 19
1 23 2 10
1 24 0 9
1 25 0 0
1 26 16 16
1 27 2 9
1 28 17 18
1 29 20 18
1 30 6 3
1 31 18 5
1 32 17 13
1 33 0 15
1 34 3 11
1 35 3 6
1 37 17 18
1 38 2 12
1 39 0 14
1 40 13 18
1 41 1 19
1 42 0 19
1 44 16 16
1 45 15 20
1 46 0 12
1 47 2 0
1 49 6 1
2 0 11 3
2 2 18 8
2 3 16 9
2 4 3 18
2 6 10 6
2 7 9 9
2 8 4 3
2 11 13 2
2 12 6 18
2 13 12 17
2 14 11 19
2 15 14 10
2 16 9 7
2 17 14 19
2 18 5 19
2 19 8 9
2 22 12 11
2 23 0 5
2 24 6 12
2 25 8 0
2 26 20 7
2 27 1 15
2 28 2 5
2 29 14 14
2 30 9 4
2 32 0 7
2 33 12 12
2 34 19 18
2 35 13 18
2 36 16 8
2 37 15 6
2 38 10 17
2 39 12 7
2 40 18 9
2 41 19 14
2 42 20 12
2 43 19 4
2 44 7 3
2 45 15 4
2 46 9 11
2 47 20 9
2 49 15 16
3 0 14 16
3 2 9 17
3 3 12 7
3 4 11 19
3 7 5 12
3 9 13 11
3 13 0 4
3 14 20 16
3 16 9 10
3 17 7 3
3 19 7 15
3 21 7 0
3 22 8 20
3 25 20 6
3 26 18 9
3 27 0 3
3 28 3 7
3 29 17 19
3 30 19 19
3 32 7 12
3 33 11 0
3 35 9 1
3 36 0 13
3 37 7 20
3 38 8 4
3 39 16 8
3 40 12 11
3 43 8 14
3 44 19 19
3 45 6 12
3 46 2 11
3 47 10 4
3 48 2 6
3 49 19 18
4 0 5 0
4 1 7 20
4 2 13 14
4 4 17 5
4 5 17 0
4 6 19 12
4 7 2 14
4 9 20 15
4 10 12 17
4 11 11 17
4 12 16 11
4 13 13 4
4 14 10 2
4 16 14 12
4 17 19 1
4 19 14 13
4 20 4 18
4 21 5 10
4 22 0 5
4 24 7 13
4 25 20 11
4 26 11 20
4 28 19 1
4 29 1 19
4 30 4 14
4 32 13 12
4 33 14 0
4 34 20 10
4 35 4 11
4 36 6 9
4 38 18 14
4 39 13 8
4 40 11 20
4 41 5 1
4 42 14 1
4 43 15 9
4 44 20 0
4 46 7 1
4 47 13 16
4 48 17 11
4 49 10 5
5 0 1 15
5 1 8 0
5 4 7 15
5 6 11 5
5 7 13 5
5 8 8 12
5 10 18 7
5 11 17 6
5 12 6 0
5 14 6 11
5 15 6 10
5 16 0 11
5 17 15 18
5 18 9 12
5 19 8 4
5 20 6 0
5 21 7 14
5 22 10 0
5 23 1 0
5 25 14 19
5 26 11 12
5 29 8 7
5 31 13 11
5 33 19 1
5 34 1 14
5 35 18 13
5 36 19 16
5 37 5 14
5 38 9 11
5 39 7 0
5 40 17 10
5 43 3 1
5 45 14 1
5 46 20 8
5 47 3 4
5 48 9 11
5 49 8 2
6 0 6 4
6 1 10 6
6 2 17 12
6 3 13 12
6 5 6 2
6 6 3 10
6 9 18 11
6 10 2 11
6 11 10 2
6 13 3 0
6 14 16 8
6 15 12 16
6 16 9 18
6 17 17 7
6 18 17 19
6 19 11 4
6 20 6 18
6 21 1 13
6 22 12 17
6 24 12 2
6 25 19 20
6 26 12 3
6 29 14 14
6 30 3 5
6 31 19 16
6 32 13 8
6 33 3 14
6 34 13 6
6 35 5 17
6 36 2 13
6 37 3 10
6 38 4 12
6 39 9 9
6 41 11 20
6 42 4 3
6 43 6 20
6 44 11 6
6 45 14 19
6 47 13 14
7 0 10 4
7 1 19 5
7 2 20 14
7 4 3 16
7 5 15 13
7 6 12 8
7 8 10 15
7 10 11 2
7 11 1 7
7 13 0 18
7 14 0 0
7 15 17 3
7 16 4 5
7 17 9 18
7 19 18 20
7 20 12 8
7 21 13 3
7 22 6 12
7 25 5 20
7 27 0 18
7 29 2 10
7 30 20 6
7 31 13 18
7 32 6 20
7 33 3 19
7 35 6 16
7 36 13 18
7 37 0 2
7 38 19 2
7 39 16 19
7 41 8 19
7 43 12 3
7 44 9 7
7 45 19 6
7 46 13 13
7 47 13 1
7 49 13 6
8 0 4 5
8 1 14 20
8 2 3 20
8 3 6 14
8 5 8 11
8 8 9 19
8 9 3 18
8 12 16 20
8 13 18 3
8 14 19 2
8 15 18 19
8 16 8 3
8 17 10 15
8 18 7 10
8 19 11 17
8 20 11 19
8 21 7 6
8 22 17 14
8 24 3 3
8 25 19 5
8 26 16 16
8 28 18 6
8 29 18 6
8 30 13 14
8 31 9 2
8 32 13 3
8 33 3 3
8 34 15 5
8 35 14 15
8 36 9 16
8 37 15 5
8 38 12 1
8 39 1 11
8 41 0 1
8 42 12 6
8 44 20 2
8 45 3 17
8 46 0 13
8 47 0 6
8 48 3 15
8 49 15 4
9 0 3 20
9 1 15 15
9 2 12 4
9 4 9 7
9 5 19 2
9 7 8 6
9 8 14 3
9 9 9 16
9 11 16 8
9 12 17 19
9 13 2 12
9 14 6 19
9 15 16 19
9 16 14 20
9 17 14 1
9 18 13 19
9 19 3 15
9 20 19 14
9 21 5 13
9 22 2 13
9 23 16 20
9 24 8 0
9 25 19 1
9 26 20 14
9 27 20 12
9 28 8 19
9 29 5 13
9 30 3 14
9 31 16 17
9 33 0 4
9 35 6 2
9 36 6 14
9 38 1 6
9 39 8 19
9 42 9 12
9 43 18 17
9 44 17 9
9 45 12 4
9 47 19 6
9 48 5 16
9 49 4 1
10 0 2 14
10 1 3 2
10 2 17 7
10 3 11 2
10 5 9 2
10 6 15 12
10 7 14 12
10 9 0 1
10 10 1 0
10 12 9 14
10 13 12 20
10 14 2 19
10 15 12 13
10 16 1 4
10 17 4 18
10 19 10 17
10 20 14 15
10 21 14 0
10 22 5 10
10 23 4 8
10 24 20 0
10 25 3 9
10 26 4 2
10 27 11 20
10 28 8 15
10 29 11 19
10 30 2 15
10 31 16 17
10 32 4 1
10 33 14 19
10 34 11 3
10 36 6 14
10 38 7 5
10 39 7 10
10 40 12 5
10 41 8 2
10 42 20 3
10 43 12 5
10 44 13 2
10 45 15 6
10 46 8 1
10 47 2 14
10 48 20 2
10 49 13 7
11 0 17 4
11 1 3 13
11 2 8 15
11 3 3 18
11 5 1 8
11 8 5 18
11 9 0 5
11 11 17 1
11 12 9 13
11 13 5 18
11 15 7 3
11 16 1 13
11 17 2 10
11 18 5 12
11 20 7 9
11 21 18 10
11 22 10 0
11 23 13 9
11 26 11 8
11 30 2 18
11 31 4 8
11 32 12 9
11 33 10 2
11 36 14 1
11 37 7 9
11 38 18 4
11 39 1 4
11 40 20 13
11 41 6 15
11 42 9 0
11 43 2 7
11 44 14 15
11 45 2 9
11 46 16 3
11 47 2 15
11 49 9 6
12 0 5 7
12 4 18 4
12 7 17 19
12 8 6 15
12 9 0 16
12 10 19 0
12 11 20 19
12 13 15 4
12 14 6 8
12 16 9 4
12 17 18 14
12 19 9 2
12 20 16 10
12 21 16 1
12 23 13 15
12 24 6 7
12 25 9 12
12 26 5 5
12 27 12 20
12 28 20 1
12 29 0 11
12 31 19 13
12 32 17 18
12 34 12 1
12 36 11 3
12 37 7 15
12 38 4 8
12 39 4 6
12 40 5 7
12 41 17 5
12 42 16 13
12 44 17 20
12 45 19 1
12 46 15 0
12 47 5 5
12 48 2 10
12 49 12 1
13 1 15 7
13 2 19 14
13 4 11 8
13 5 13 13
13 7 2 1
13 8 10 14
13 9 14 11
13 12 19 0
13 13 5 18
13 14 10 6
13 17 17 0
13 18 8 20
13 19 16 14
13 21 15 14
13 23 8 11
13 24 17 6
13 26 3 7
13 28 4 6
13 29 20 11
13 30 16 8
13 32 2 10
13 33 11 15
13 34 18 3
13 35 2 19
13 37 11 10
13 38 1 5
13 39 8 9
13 41 7 20
13 42 14 1
13 43 20 6
13 44 10 16
13 45 3 15
13 46 11 14
13 47 0 14
13 48 6 0
13 49 2 6
14 0 3 19
14 1 20 8
14 2 12 2
14 3 12 11
14 4 15 20
14 5 9 18
14 6 8 10
14 7 6 12
14 8 19 12
14 9 15 5
14 10 13 12
14 11 5 15
14 13 2 1
14 16 17 13
14 18 12 15
14 19 18 9
14 20 17 16
14 21 12 8
14 22 5 7
14 23 17 14
14 26 2 7
14 27 18 9
14 28 4 8
14 30 19 19
14 31 12 2
14 33 18 5
14 34 4 18
14 35 0 18
14 36 18 5
14 37 7 0
14 38 16 8
14 39 18 16
14 40 2 3
14 41 3 7
14 42 1 17
14 44 5 10
14 46 12 0
14 47 11 15
14 48 8 19
14 49 6 14
15 0 12 19
15 1 10 4
15 2 1 9
15 3 10 7
15 4 11 19
15 5 2 2
15 6 20 16
15 7 11 14
15 8 9 13
15 9 18 3
15 10 13 4
15 12 4 7
15 13 7 14
15 14 17 3
15 15 15 9
15 16 20 1
15 17 6 14
15 19 4 17
15 20 7 19
15 21 4 19
15 22 19 1
15 23 15 8
15 25 11 17
15 26 6 19
15 27 20 16
15 28 14 1
15 29 14 5
15 30 10 0
15 31 2 3
15 32 13 16
15 33 0 17
15 34 10 13
15 35 6 4
15 36 7 6
15 37 14 7
15 38 10 15
15 39 16 9
15 40 5 11
15 41 11 10
15 42 16 17
15 43 12 17
15 44 1 3
15 45 12 9
15 46 4 13
15 47 14 18
15 49 14 8
16 0 6 14
16 1 10 3
16 2 1 12
16 5 20 17
16 7 14 15
16 8 12 15
16 9 10 5
16 10 19 0
16 11 1 16
16 12 20 6
16 13 9 7
16 15 16 7
16 16 3 20
16 17 0 18
16 18 20 12
16 19 13 1
16 24 11 10
16 25 8 6
16 26 17 20
16 28 10 17
16 29 14 4
16 31 20 10
16 32 6 8
16 33 10 10
16 34 2 6
16 35 9 0
16 36 10 13
16 37 12 19
16 39 5 0
16 40 19 19
16 41 2 7
16 42 0 19
16 43 2 3
16 44 12 7
16 45 2 9
16 46 1 10
16 47 15 2
16 48 17 19
16 49 10 9
17 0 20 20
17 1 7 7
17 2 12 11
17 3 16 10
17 4 1 6
17 5 2 19
17 6 17 4
17 7 16 16
17 8 13 6
17 9 6 17
17 10 10 6
17 11 6 19
17 12 6 2
17 13 15 4
17 14 12 17
17 15 1 8
17 16 9 18
17 17 9 15
17 18 11 1
17 19 1 13
17 21 4 9
17 23 6 13
17 25 10 3
17 27 10 12
17 28 13 14
17 29 5 13
17 31 9 13
17 32 0 3
17 33 16 12
17 34 9 8
17 35 5 18
17 36 5 7
17 37 3 5
17 38 12 9
17 39 4 2
17 40 14 20
17 42 17 14
17 43 1 2
17 44 10 7
17 45 6 4
17 46 19 8
17 47 8 16
17 48 19 6
17 49 4 17
18 0 17 8
18 1 3 16
18 3 8 7
18 4 17 19
18 5 10 0
18 7 19 6
18 8 1 20
18 9 2 13
18 10 6 3
18 11 10 7
18 13 17 16
18 14 18 8
18 15 14 18
18 16 10 13
18 17 12 16
18 18 0 0
18 20 13 20
18 21 3 17
18 22 1 10
18 24 4 15
18 25 4 4
18 26 12 9
18 27 0 18
18 28 7 6
18 29 15 18
18 30 1 20
18 31 11 3
18 32 3 1
18 33 2 2
18 34 4 17
18 35 6 8
18 36 2 0
18 40 4 16
18 42 0 18
18 43 6 13
18 44 14 10
18 45 17 10
18 46 9 0
18 47 11 13
18 48 9 14
18 49 1 12
19 0 1 9
19 1 13 19
19 3 19 7
19 4 5 19
19 5 6 6
19 6 18 20
19 7 19 6
19 8 5 6
19 9 16 17
19 11 19 5
19 12 1 5
19 13 3 10
19 14 9 7
19 15 10 0
19 16 8 9
19 17 5 11
19 18 16 18
19 19 14 20
19 21 7 14
19 22 5 4
19 23 2 3
19 24 0 17
19 25 20 6
19 26 6 6
19 27 19 18
19 29 1 15
19 30 14 3
19 31 18 5
19 32 15 19
19 33 19 7
19 34 3 1
19 35 2 20
19 36 16 6
19 37 14 11
19 38 13 17
19 41 20 4
19 42 17 8
19 43 19 11
19 44 9 15
19 45 9 7
19 46 12 17
19 47 15 2
19 49 2 4
20 0 16 2
20 1 17 10
20 2 14 7
20 5 1 7
20 7 10 10
20 8 16 14
20 11 20 13
20 12 5 19
20 13 20 11
20 14 4 10
20 15 8 1
20 16 11 15
20 18 0 18
20 19 6 19
20 20 1 20
20 21 14 12
20 22 10 0
20 23 14 11
20 24 8 3
20 25 14 8
20 27 1 17
20 28 15 11
20 29 15 15
20 30 4 20
20 31 7 15
20 32 17 3
20 33 8 3
20 35 4 19
20 36 7 9
20 37 6 2
20 39 10 12
20 40 18 8
20 41 16 0
20 43 16 13
20 44 11 7
20 46 20 19
20 47 7 17
20 48 15 9
20 49 10 14
21 0 1 12
21 1 10 1
21 2 3 7
21 4 14 13
21 5 15 5
21 6 9 17
21 7 0 17
21 8 15 16
21 9 7 8
21 10 17 18
21 11 8 17
21 13 7 5
21 15 9 8
21 17 16 16
21 18 15 14
21 20 14 8
21 21 19 20
21 22 17 11
21 23 5 12
21 24 6 3
21 25 15 9
21 26 20 1
21 27 5 1
21 28 9 19
21 29 11 15
21 30 13 2
21 31 17 2
21 32 20 2
21 33 20 9
21 34 11 14
21 35 11 2
21 36 13 6
21 38 3 6
21 39 6 8
21 40 19 3
21 41 4 5
21 42 9 12
21 43 13 17
21 44 8 19
21 45 5 3
21 46 11 20
21 47 12 15
21 48 9 19
21 49 15 6
22 0 4 17
22 1 15 13
22 2 6 10
22 3 1 5
22 4 20 18
22 6 7 11
22 7 11 20
22 8 14 13
22 10 18 10
22 11 16 12
22 12 19 8
22 13 7 8
22 15 16 19
22 16 19 12
22 17 9 20
22 18 12 19
22 19 14 4
22 20 12 13
22 21 2 11
22 23 15 9
22 24 1 13
22 25 5 10
22 27 14 16
22 28 12 7
22 29 0 6
22 30 12 1
22 31 19 0
22 32 1 2
22 33 8 13
22 35 3 4
22 36 13 15
22 38 6 2
22 39 16 6
22 40 19 4
22 41 1 4
22 42 11 12
22 43 7 15
22 45 8 4
22 46 6 16
22 47 0 16
22 48 5 19
22 49 19 8
23 0 13 14
23 1 3 17
23 2 6 1
23 3 13 19
23 4 17 19
23 5 5 3
23 6 12 5
23 8 11 8
23 9 17 6
23 13 0 5
23 14 5 11
23 15 16 20
23 16 4 20
23 17 4 10
23 18 0 16
23 19 20 2
23 20 7 4
23 21 18 19
23 23 3 6
23 25 2 7
23 26 20 17
23 28 20 17
23 29 12 17
23 30 7 18
23 31 14 1
23 32 18 10
23 33 20 11
23 34 12 1
23 35 17 3
23 36 19 5
23 37 12 1
23 38 10 19
23 40 7 1
23 41 10 13
23 43 19 10
23 44 15 2
23 47 17 16
23 48 11 5
23 49 1 13
24 0 4 2
24 1 9 11
24 2 20 6
24 3 2 15
24 4 11 13
24 6 0 12
24 8 4 3
24 9 3 6
24 10 2 16
24 11 13 18
24 12 5 3
24 13 17 9
24 14 20 1
24 15 7 5
24 16 13 11
24 18 3 12
24 19 1 4
24 20 7 8
24 21 0 10
24 23 12 2
24 24 7 3
24 26 1 18
24 27 11 2
24 28 8 0
24 29 8 18
24 31 20 4
24 32 2 1
24 33 1 6
24 34 2 12
24 36 1 5
24 37 7 5
24 38 17 15
24 39 5 6
24 40 13 3
24 41 1 19
24 42 7 10
24 44 16 0
24 45 20 11
24 46 8 19
24 48 3 1
24 49 7 0
25 0 14 14
25 1 17 19
25 2 8 3
25 4 15 2
25 5 1 17
25 6 7 6
25 8 16 3
25 9 9 8
25 11 2 12
25 12 6 18
25 14 1 8
25 16 0 3
25 17 3 14
25 18 18 4
25 19 12 17
25 21 12 19
25 22 1 5
25 23 11 18
25 24 11 13
25 25 14 17
25 26 19 8
25 27 17 17
25 29 4 13
25 30 20 12
25 31 16 0
25 32 4 3
25 33 5 0
25 34 4 5
25 35 11 4
25 36 7 13
25 37 14 20
25 38 7 15
25 39 18 3
25 40 10 6
25 43 0 19
25 44 8 15
25 45 10 3
25 46 3 0
25 48 20 17
26 0 0 17
26 1 6 5
26 3 3 4
26 4 7 10
26 5 2 15
26 7 11 4
26 8 13 8
26 10 15 7
26 11 10 8
26 12 1 2
26 13 7 11
26 15 16 18
26 17 12 14
26 19 6 19
26 20 19 13
26 21 2 7
26 22 14 15
26 24 20 17
26 26 4 20
26 28 7 18
26 29 17 10
26 30 4 10
26 31 19 17
26 32 8 11
26 33 0 2
26 35 6 7
26 36 13 10
26 37 18 6
26 38 20 15
26 39 12 8
26 42 10 9
26 44 18 0
26 45 7 16
26 46 17 6
26 47 5 8
26 49 6 15
27 0 19 12
27 1 11 20
27 2 1 9
27 3 7 7
27 4 14 18
27 5 1 15
27 6 0 5
27 7 7 11
27 8 13 9
27 9 14 16
27 10 15 7
27 13 18 4
27 14 2 12
27 16 7 15
27 17 3 18
27 18 18 15
27 20 12 20
27 21 17 5
27 22 7 8
27 23 12 15
27 24 16 18
27 25 9 1
27 26 8 4
27 28 12 5
27 30 18 6
27 31 18 3
27 33 0 9
27 34 5 11
27 35 18 2
27 38 17 17
27 39 20 9
27 40 13 12
27 43 16 18
27 44 19 7
27 45 0 17
27 46 16 1
27 47 19 8
27 48 10 20
27 49 14 1
28 0 0 14
28 1 18 9
28 2 17 3
28 3 4 13
28 4 18 20
28 6 9 10
28 7 0 12
28 8 11 12
28 9 19 8
28 10 6 1
28 11 10 13
28 13 17 0
28 14 18 8
28 16 3 15
28 17 2 1
28 19 18 11
28 21 0 16
28 22 6 0
28 23 5 17
28 24 14 12
28 25 5 0
28 27 9 7
28 28 6 18
28 29 14 20
28 30 20 6
28 31 9 6
28 32 6 6
28 33 10 6
28 34 15 4
28 35 10 16
28 36 18 18
28 37 1 20
28 38 7 0
28 39 14 15
28 40 5 20
28 41 11 9
28 42 10 14
28 43 16 18
28 44 20 7
28 45 18 12
28 46 8 11
28 48 5 12
28 49 1 15
29 0 19 4
29 1 1 4
29 2 4 16
29 4 14 0
29 5 3 2
29 6 16 4
29 7 2 14
29 8 14 20
29 9 0 20
29 10 9 15
29 11 11 17
29 12 2 6
29 13 18 1
29 14 18 6
29 15 5 17
29 16 8 0
29 18 3 3
29 19 12 8
29 21 17 15
29 22 11 12
29 23 2 1
29 24 10 15
29 25 12 4
29 26 13 5
29 27 17 19
29 28 7 0
29 29 18 19
29 30 17 14
29 31 11 13
29 32 15 6
29 34 4 15
29 36 6 14
29 37 17 0
29 38 17 0
29 39 4 5
29 40 18 9
29 41 5 18
29 42 5 10
29 43 17 7
29 44 2 19
29 46 2 11
29 47 0 3
29 48 6 15
29 49 15 12
30 0 20 3
30 1 19 17
30 3 4 17
30 4 15 10
30 6 12 5
30 7 12 4
30 8 7 1
30 9 14 14
30 10 14 16
30 11 14 13
30 12 14 1
30 13 9 0
30 14 19 1
30 16 17 10
30 17 8 10
30 18 11 13
30 19 13 15
30 20 10 6
30 21 4 14
30 22 1 9
30 23 14 12
30 25 14 18
30 26 11 5
30 27 6 2
30 28 11 7
30 29 10 20
30 30 2 8
30 31 5 0
30 32 14 19
30 33 20 6
30 35 18 5
30 36 14 0
30 37 11 10
30 38 6 18
30 39 2 18
30 40 12 17
30 41 6 14
30 42 14 8
30 44 12 5
30 45 8 2
30 46 9 10
30 47 14 17
30 48 3 13
30 49 12 7
31 1 1 4
31 2 10 1
31 3 20 6
31 4 1 11
31 6 15 16
31 7 17 19
31 9 2 20
31 10 9 13
31 11 10 6
31 12 5 11
31 13 13 4
31 14 0 6
31 15 20 12
31 16 0 7
31 17 9 9
31 18 3 16
31 20 6 5
31 21 5 7
31 22 6 1
31 23 4 0
31 24 8 12
31 25 17 13
31 26 0 20
31 27 11 8
31 29 13 15
31 31 13 17
31 32 18 12
31 33 16 0
31 34 9 18
31 35 11 12
31 36 20 14
31 37 4 6
31 39 14 18
31 40 19 15
31 41 1 3
31 42 17 15
31 43 5 1
31 45 1 12
31 46 15 16
31 47 17 13
31 48 14 6
32 0 10 5
32 1 11 7
32 2 9 20
32 3 8 16
32 4 4 9
32 5 19 14
32 7 9 11
32 8 16 15
32 9 7 9
32 10 6 8
32 11 9 6
32 14 5 2
32 15 12 3
32 17 8 1
32 18 11 19
32 19 5 13
32 20 1 17
32 21 13 13
32 22 1 4
32 23 9 11
32 25 11 17
32 26 14 10
32 27 1 3
32 28 0 1
32 29 2 7
32 31 18 8
32 32 3 14
32 34 0 5
32 35 14 10
32 36 17 3
32 37 7 14
32 39 2 12
32 40 14 9
32 41 12 19
32 42 11 17
32 44 1 13
32 46 6 12
32 47 18 9
32 48 1 1
32 49 10 2
33 0 3 19
33 1 17 11
33 2 17 12
33 3 2 17
33 4 19 0
33 6 4 13
33 7 14 16
33 8 5 15
33 9 6 15
33 11 16 0
33 12 10 1
33 13 12 8
33 14 5 13
33 15 2 0
33 18 9 18
33 19 20 3
33 21 12 2
33 22 2 17
33 23 11 2
33 24 16 9
33 25 7 5
33 28 18 3
33 30 6 18
33 31 19 20
33 32 6 12
33 33 9 2
33 35 7 15
33 36 15 4
33 37 5 4
33 38 5 13
33 40 3 2
33 41 7 9
33 43 13 5
33 44 5 5
33 45 12 0
33 46 9 0
33 47 18 4
33 48 13 1
33 49 10 7
34 0 4 14
34 1 9 6
34 2 0 3
34 3 14 20
34 5 7 7
34 6 4 7
34 8 10 3
34 11 8 14
34 12 0 7
34 13 7 15
34 14 6 3
34 15 14 12
34 16 0 10
34 17 8 3
34 18 7 16
34 19 7 9
34 21 20 4
34 22 5 14
34 24 6 20
34 25 18 19
34 27 0 5
34 29 2 6
34 30 5 5
34 31 2 19
34 34 9 0
34 36 0 1
34 37 14 0
34 38 9 0
34 39 11 19
34 40 2 14
34 41 16 15
34 43 16 6
34 44 5 2
34 45 20 11
34 46 17 9
34 47 5 14
34 48 9 10
34 49 4 16
35 0 10 11
35 1 12 13
35 2 2 10
35 3 17 11
35 5 7 13
35 6 11 20
35 7 9 9
35 8 20 18
35 9 12 17
35 10 1 12
35 14 20 9
35 15 13 3
35 16 4 19
35 17 15 18
35 18 4 10
35 19 1 19
35 21 16 16
35 22 15 19
35 23 9 20
35 25 9 16
35 26 18 13
35 27 19 6
35 28 2 10
35 30 1 18
35 31 2 20
35 32 8 16
35 33 8 5
35 34 8 15
35 35 14 11
35 36 19 13
35 37 10 14
35 38 5 6
35 39 4 13
35 40 4 1
35 41 5 4
35 42 3 12
35 44 16 19
35 45 10 16
35 46 12 1
35 47 13 10
36 0 7 2
36 1 17 11
36 3 5 17
36 4 11 0
36 6 20 15
36 7 4 13
36 8 20 9
36 9 16 16
36 10 9 5
36 12 1 20
36 13 6 5
36 14 12 11
36 15 9 18
36 16 5 5
36 17 5 20
36 18 11 4
36 19 3 7
36 20 12 15
36 21 11 11
36 22 14 2
36 23 7 12
36 24 3 11
36 25 12 17
36 28 11 16
36 29 14 9
36 30 1 15
36 31 12 15
36 32 2 15
36 33 8 0
36 34 3 7
36 37 11 2
36 38 2 9
36 41 10 19
36 42 8 11
36 43 15 11
36 44 1 10
36 45 15 4
36 46 5 4
36 47 0 7
36 48 4 1
36 49 4 17
37 0 10 2
37 1 19 1
37 2 7 0
37 5 3 12
37 6 3 7
37 7 1 20
37 8 12 4
37 9 2 5
37 10 0 2
37 11 20 12
37 12 6 2
37 13 12 14
37 14 0 13
37 16 12 19
37 17 20 2
37 18 15 11
37 19 18 12
37 23 6 14
37 25 6 20
37 26 3 9
37 28 19 17
37 29 16 7
37 30 7 17
37 32 2 16
37 33 9 18
37 34 18 19
37 35 9 20
37 36 1 13
37 38 6 13
37 39 15 2
37 41 17 5
37 42 2 4
37 43 4 17
37 44 7 15
37 45 10 8
37 46 1 9
37 47 13 18
37 48 16 14
37 49 11 16
38 0 20 4
38 1 2 12
38 2 18 16
38 3 6 2
38 4 8 4
38 5 17 10
38 6 16 9
38 7 10 16
38 8 2 9
38 9 15 15
38 10 20 5
38 11 0 16
38 12 14 19
38 13 17 19
38 14 3 7
38 15 4 13
38 17 17 13
38 19 19 13
38 22 15 18
38 23 7 11
38 24 2 7
38 25 11 17
38 26 20 18
38 27 10 19
38 28 14 15
38 29 20 18
38 31 6 11
38 33 20 10
38 34 6 0
38 35 1 3
38 36 19 2
38 37 8 4
38 39 14 5
38 40 2 6
38 41 20 9
38 42 8 2
38 43 15 1
38 44 6 10
38 45 8 13
38 46 7 4
38 47 12 12
38 48 7 15
38 49 12 15
39 1 7 5
39 2 15 19
39 3 8 14
39 5 1 1
39 6 16 15
39 7 17 8
39 8 13 14
39 9 4 3
39 12 9 12
39 13 6 16
39 14 12 11
39 15 19 5
39 16 6 11
39 17 18 12
39 19 5 18
39 20 12 10
39 21 16 13
39 22 6 14
39 24 6 10
39 26 19 2
39 27 15 15
39 28 6 12
39 29 10 5
39 30 15 16
39 31 2 0
39 32 2 7
39 33 10 17
39 34 15 20
39 35 16 8
39 36 17 13
39 37 10 3
39 39 6 1
39 40 7 9
39 41 8 12
39 42 6 12
39 43 5 8
39 44 6 7
39 45 0 2
39 46 15 9
39 47 3 2
39 48 17 14
39 49 16 11
40 0 14 10
40 1 18 5
40 2 15 1
40 3 12 8
40 4 18 12
40 6 9 15
40 7 0 17
40 8 5 9
40 9 19 19
40 10 20 2
40 11 2 17
40 13 3 2
40 14 19 12
40 15 7 6
40 17 2 10
40 19 12 7
40 20 18 0
40 21 2 14
40 22 13 11
40 23 20 4
40 24 1 16
40 25 14 4
40 26 6 1
40 28 12 6
40 29 4 5
40 31 12 1
40 32 20 12
40 33 14 16
40 35 9 3
40 36 2 5
40 37 0 8
40 38 0 3
40 39 9 7
40 40 6 18
40 41 8 5
40 42 7 19
40 43 11 2
40 45 12 6
40 46 1 11
40 48 19 16
40 49 16 14
41 0 16 5
41 1 0 8
41 2 1 9
41 3 19 0
41 4 9 13
41 5 15 13
41 14 20 0
41 15 6 5
41 18 7 0
41 19 2 20
41 20 17 18
41 21 0 6
41 22 9 15
41 23 11 0
41 25 9 16
41 27 13 17
41 28 19 7
41 29 11 3
41 30 0 4
41 31 4 13
41 32 9 2
41 35 6 9
41 36 13 9
41 37 9 15
41 38 11 13
41 39 18 19
41 41 10 4
41 42 3 6
41 43 9 4
41 45 7 9
41 46 15 0
41 47 5 5
41 48 12 7
41 49 2 20
42 0 3 10
42 1 7 3
42 2 18 14
42 4 10 2
42 5 15 14
42 6 4 5
42 7 5 12
42 9 2 20
42 10 1 7
42 11 3 8
42 12 17 20
42 13 2 2
42 14 11 16
42 16 3 4
42 18 1 3
42 19 16 13
42 20 18 5
42 21 17 13
42 22 4 18
42 23 14 9
42 24 10 10
42 26 6 0
42 27 19 11
42 28 7 7
42 29 16 16
42 30 20 15
42 31 15 5
42 33 14 4
42 35 8 0
42 36 17 19
42 37 15 14
42 38 13 18
42 40 10 13
42 41 2 20
42 42 4 15
42 43 13 4
42 44 13 11
42 45 20 2
42 46 1 10
42 47 18 12
42 48 0 11
43 0 19 6
43 2 6 1
43 4 20 13
43 5 18 8
43 6 10 11
43 7 10 10
43 8 6 4
43 9 5 3
43 10 7 20
43 11 15 4
43 12 4 5
43 13 13 5
43 14 17 4
43 15 7 15
43 16 11 3
43 17 4 19
43 18 2 12
43 19 14 19
43 20 6 4
43 21 20 15
43 22 1 3
43 24 16 0
43 25 17 17
43 26 2 3
43 27 14 5
43 28 5 16
43 29 0 20
43 30 11 13
43 31 18 7
43 32 11 4
43 33 6 13
43 34 13 5
43 36 11 15
43 37 18 1
43 38 20 9
43 39 19 2
43 40 19 0
43 41 17 11
43 42 17 12
43 43 15 17
43 44 10 16
43 45 14 10
43 46 10 13
43 48 4 5
44 2 11 18
44 3 19 20
44 4 14 1
44 6 4 9
44 7 15 11
44 8 14 19
44 10 19 7
44 11 13 13
44 12 16 15
44 13 3 20
44 14 11 3
44 15 20 4
44 17 19 12
44 18 10 7
44 19 7 15
44 20 11 2
44 21 19 19
44 22 16 17
44 23 4 19
44 24 17 8
44 25 9 4
44 26 11 11
44 27 19 4
44 28 10 0
44 29 17 4
44 30 7 10
44 31 19 12
44 32 18 11
44 33 0 10
44 35 10 9
44 37 12 14
44 38 7 19
44 39 3 5
44 40 9 0
44 42 7 4
44 43 12 10
44 44 14 10
44 46 8 6
44 47 19 18
44 48 14 11
44 49 0 11
45 0 19 3
45 2 9 13
45 6 10 15
45 7 14 9
45 8 7 18
45 9 9 4
45 10 13 9
45 12 20 12
45 15 1 2
45 16 16 18
45 17 10 17
45 20 4 3
45 21 7 5
45 23 1 9
45 24 18 19
45 25 18 14
45 26 15 11
45 27 20 19
45 28 4 14
45 31 5 18
45 32 18 13
45 33 20 1
45 34 18 10
45 35 12 5
45 36 18 4
45 37 15 14
45 38 8 10
45 40 7 14
45 41 0 1
45 42 18 12
45 43 12 1
45 44 19 18
45 45 15 2
45 46 11 18
45 47 6 5
45 48 8 0
45 49 20 8
46 0 9 2
46 1 12 10
46 2 17 14
46 3 19 18
46 4 18 1
46 6 6 19
46 8 19 8
46 9 6 9
46 10 5 19
46 11 16 13
46 12 0 8
46 13 15 9
46 14 19 8
46 15 11 7
46 17 6 1
46 18 2 0
46 19 19 7
46 20 4 9
46 24 6 10
46 25 12 8
46 26 8 19
46 27 3 1
46 28 12 12
46 29 16 14
46 30 18 16
46 31 7 5
46 32 4 9
46 33 2 9
46 34 11 4
46 35 12 8
46 36 13 16
46 37 19 2
46 38 18 8
46 39 10 6
46 40 10 11
46 42 3 5
46 43 10 5
46 44 8 18
46 45 20 13
46 46 9 2
46 47 15 6
46 49 17 14
47 0 19 12
47 1 11 18
47 2 15 8
47 3 19 11
47 4 1 1
47 6 20 2
47 7 16 1
47 8 20 6
47 9 19 19
47 10 7 19
47 11 15 4
47 12 7 0
47 13 12 13
47 14 1 20
47 15 13 16
47 16 10 19
47 17 4 8
47 18 17 10
47 19 5 7
47 20 14 19
47 23 13 17
47 24 1 8
47 25 1 0
47 27 2 4
47 28 7 1
47 30 16 9
47 32 12 5
47 33 19 16
47 35 20 14
47 36 19 4
47 37 3 3
47 39 6 4
47 40 3 17
47 42 12 18
47 43 6 5
47 44 7 16
47 45 4 4
47 46 6 3
47 48 16 12
47 49 5 2
48 0 13 6
48 1 6 5
48 2 8 16
48 3 13 14
48 4 14 17
48 5 0 0
48 6 19 16
48 7 10 5
48 8 3 18
48 9 7 2
48 10 7 14
48 12 7 6
48 13 5 17
48 14 7 18
48 16 14 17
48 17 19 17
48 18 18 17
48 19 9 16
48 20 12 17
48 21 20 19
48 22 9 9
48 23 16 20
48 24 20 11
48 25 14 14
48 26 12 11
48 27 3 9
48 28 0 14
48 29 18 3
48 30 8 5
48 31 3 14
48 33 4 6
48 34 20 8
48 36 0 18
48 37 4 11
48 38 0 14
48 40 6 2
48 41 12 4
48 43 11 14
48 45 12 2
48 46 2 20
48 48 17 11
48 49 11 2
49 3 17 19
49 5 20 6
49 7 15 2
49 8 11 13
49 9 17 8
49 10 17 5
49 11 10 13
49 12 5 5
49 13 4 12
49 14 12 20
49 16 14 10
49 18 10 14
49 19 15 13
49 20 16 1
49 21 6 0
49 22 15 1
49 23 3 8
49 24 20 14
49 25 20 3
49 26 0 18
49 27 10 6
49 28 15 6
49 29 11 17
49 30 6 13
49 31 11 1
49 32 11 9
49 33 17 16
49 34 12 5
49 35 17 20
49 36 5 1
49 37 18 0
49 38 0 7
49 42 20 12
49 43 2 9
49 44 19 12
49 45 10 13
49 46 7 12
49 47 10 9
49 48 6 18
49 49 9 13
