50
2
0 0 8 13
0 1 6 13
0 2 2 16
0 3 9 2
0 4 17 7
0 5 16 4
0 6 6 13
0 7 16 12
0 8 16 10
0 9 7 4
0 11 11 14
0 12 3 3
0 13 10 16
0 14 12 4
0 15 19 9
0 16 3 0
0 17 13 11
0 18 13 10
0 19 1 17
0 20 2 12
0 21 2 19
0 22 0 5
0 23 8 0
0 24 13 1
0 25 20 7
0 26 16 17
0 28 9 14
0 29 16 14
0 30 18 10
0 31 19 1
0 32 2 3
0 34 19 5
0 35 3 3
0 37 2 7
0 39 9 13
0 40 18 4
0 41 11 6
0 42 11 13
0 43 7 9
0 45 15 2
0 46 13 19
0 47 11 9
0 49 16 2
1 0 12 16
1 1 7 12
1 2 8 12
1 3 14 19
1 4 10 7
1 5 8 2
1 7 20 4
1 8 9 1
1 9 13 18
1 10 4 10
1 11 15 3
1 12 2 2
1 15 18 10
1 16 4 15
1 18 10 20
1 19 3 4
1 20 5 5
1 21 3 12
1 22 19 14
1 23 15 15
1 24 17 0
1 25 14 19
1 27 5 2
1 28 5 10
1 29 17 13
1 31 19 12
1 32 20 11
1 33 9 8
1 34 20 8
1 36 16 20
1 37 13 10
1 39 16 9
1 40 1 18
1 41 10 1
1 42 1 3
1 43 14 11
1 44 7 3
1 45 0 20
1 46 14 4
1 48 6 16
2 0 9 3
2 2 6 14
2 3 3 0
2 4 12 20
2 5 16 6
2 6 2 4
2 7 8 7
2 8 15 1
2 9 11 17
2 10 1 2
2 11 7 9
2 12 16 1
2 13 2 16
2 14 14 3
2 18 18 7
2 20 0 10
2 23 12 16
2 24 6 7
2 26 12 13
2 27 15 17
2 28 10 11
2 29 9 4
2 31 16 2
2 32 13 2
2 33 11 8
2 34 6 12
2 35 4 20
2 36 16 10
2 37 13 5
2 38 12 20
2 39 15 3
2 40 0 10
2 41 16 18
2 42 8 10
2 43 3 17
2 44 2 14
2 45 3 13
2 47 16 20
2 48 1 6
2 49 1 2
3 0 19 3
3 1 1 5
3 2 15 4
3 3 10 12
3 4 10 17
3 5 12 4
3 6 5 13
3 8 5 20
3 9 8 9
3 10 3 19
3 12 5 17
3 13 8 3
3 14 4 10
3 16 2 14
3 17 11 14
3 18 20 4
3 19 13 3
3 20 3 14
3 21 17 18
3 22 19 15
3 24 17 1
3 25 17 6
3 26 5 5
3 27 16 1
3 28 19 18
3 29 14 13
3 30 1 3
3 31 0 0
3 32 14 1
3 33 6 0
3 35 19 7
3 37 7 11
3 38 9 17
3 41 12 14
3 42 10 14
3 44 16 18
3 46 15 14
3 47 0 9
3 48 19 12
4 0 1 12
4 2 6 0
4 4 7 3
4 5 13 9
4 9 6 8
4 10 16 3
4 12 4 15
4 13 10 0
4 15 12 2
4 16 2 6
4 17 1 15
4 19 10 0
4 20 8 6
4 21 6 19
4 22 15 0
4 25 10 9
4 27 3 12
4 28 17 9
4 30 13 2
4 31 14 5
4 32 3 15
4 33 17 16
4 34 13 5
4 36 12 6
4 37 15 4
4 38 16 0
4 39 2 15
4 40 15 14
4 43 20 18
4 44 8 4
4 46 2 1
4 47 14 14
4 48 3 0
5 1 16 6
5 3 12 17
5 6 9 15
5 7 4 13
5 8 18 1
5 9 0 0
5 11 3 0
5 12 11 13
5 13 6 9
5 16 6 4
5 17 11 4
5 18 3 15
5 19 4 10
5 21 10 9
5 22 2 13
5 23 13 13
5 25 19 5
5 26 14 16
5 27 7 18
5 28 20 20
5 29 3 16
5 30 8 13
5 31 4 18
5 32 0 8
5 33 12 3
5 34 6 12
5 35 5 8
5 36 3 15
5 37 10 0
5 38 6 20
5 40 18 15
5 41 0 6
5 43 16 0
5 44 13 8
5 45 17 15
5 46 2 18
5 47 13 2
5 49 5 3
6 1 14 6
6 3 14 5
6 4 12 12
6 5 0 10
6 6 7 19
6 7 19 4
6 8 18 18
6 9 13 8
6 11 6 17
6 13 7 18
6 14 12 7
6 15 2 0
6 17 8 16
6 18 9 3
6 19 15 1
6 20 14 10
6 21 19 4
6 24 17 19
6 26 6 13
6 28 17 17
6 29 17 18
6 30 13 19
6 31 2 4
6 32 19 7
6 33 19 8
6 35 3 4
6 38 16 3
6 39 12 20
6 41 20 14
6 42 1 12
6 43 10 12
6 44 3 13
6 45 17 15
6 46 17 2
6 47 5 19
6 48 6 11
6 49 2 16
7 1 5 12
7 2 14 11
7 3 19 13
7 4 17 9
7 9 1 18
7 10 14 9
7 11 4 6
7 13 13 10
7 14 19 15
7 15 17 18
7 16 9 9
7 17 6 5
7 18 14 9
7 19 8 1
7 21 8 5
7 22 2 0
7 23 20 20
7 24 9 1
7 25 2 10
7 26 7 5
7 29 2 8
7 32 6 2
7 33 1 7
7 34 7 15
7 36 15 10
7 37 10 8
7 38 2 13
7 39 0 14
7 40 12 13
7 41 6 16
7 42 16 5
7 43 11 13
7 44 20 11
7 45 15 7
7 46 11 6
7 47 5 15
7 48 14 6
7 49 14 2
8 0 18 12
8 1 10 7
8 2 18 1
8 4 19 19
8 5 11 18
8 6 15 6
8 7 15 7
8 8 5 9
8 9 18 11
8 10 19 1
8 11 18 10
8 12 5 3
8 14 5 1
8 15 5 5
8 16 8 20
8 17 1 14
8 18 11 10
8 19 8 12
8 20 5 8
8 21 14 13
8 23 19 17
8 24 7 15
8 25 12 1
8 26 14 8
8 27 0 13
8 28 2 5
8 29 13 20
8 30 14 10
8 31 3 20
8 32 5 17
8 33 7 10
8 34 19 13
8 35 20 15
8 36 17 4
8 40 12 14
8 41 4 8
8 42 11 15
8 43 6 0
8 44 2 10
8 47 10 18
8 49 13 14
9 0 19 9
9 1 3 9
9 3 5 19
9 4 3 11
9 5 2 11
9 6 6 9
9 7 15 9
9 8 15 18
9 9 19 17
9 10 1 7
9 11 8 0
9 12 17 12
9 13 11 10
9 14 1 15
9 15 10 16
9 17 20 11
9 18 2 13
9 19 8 17
9 21 9 14
9 22 9 15
9 24 20 9
9 26 2 15
9 27 11 5
9 28 10 11
9 30 15 16
9 32 11 4
9 33 3 1
9 34 20 15
9 35 10 1
9 36 5 17
9 37 14 11
9 39 13 11
9 40 16 0
9 41 7 10
9 42 4 15
9 43 10 3
9 44 2 6
9 45 15 18
9 46 18 3
9 47 14 19
9 48 14 8
9 49 19 20
10 2 17 6
10 3 5 15
10 5 11 9
10 6 6 7
10 7 1 5
10 8 16 19
10 9 11 1
10 10 8 2
10 11 12 19
10 12 17 5
10 13 6 15
10 14 13 0
10 15 12 17
10 17 2 3
10 18 20 11
10 20 14 1
10 21 19 12
10 22 14 16
10 23 19 19
10 24 17 18
10 25 5 0
10 27 2 6
10 28 6 1
10 29 10 11
10 30 4 12
10 31 8 1
10 33 1 13
10 34 20 6
10 35 12 7
10 37 20 12
10 38 20 17
10 39 18 12
10 41 5 9
10 42 18 11
10 43 4 6
10 44 16 5
10 45 9 3
10 47 3 16
10 48 18 20
10 49 2 20
11 0 7 17
11 1 19 14
11 2 12 10
11 3 19 13
11 4 3 20
11 5 12 14
11 7 12 13
11 10 2 9
11 11 13 7
11 12 14 0
11 13 0 1
11 15 5 17
11 16 14 11
11 17 12 8
11 18 17 19
11 19 19 11
11 20 6 5
11 21 19 12
11 22 20 13
11 23 4 3
11 24 7 10
11 25 7 1
11 26 17 3
11 27 0 9
11 28 5 11
11 29 12 4
11 30 14 11
11 31 20 13
11 33 1 8
11 34 0 14
11 35 18 20
11 36 2 9
11 37 16 18
11 38 2 19
11 39 6 2
11 40 9 20
11 42 7 6
11 43 13 14
11 44 1 1
11 45 15 19
11 47 15 13
11 48 12 2
11 49 14 20
12 0 7 19
12 2 20 5
12 4 16 3
12 5 3 13
12 7 16 18
12 8 13 6
12 11 7 12
12 12 12 8
12 13 8 10
12 14 3 3
12 15 6 16
12 16 13 11
12 17 15 20
12 18 10 6
12 19 0 17
12 20 19 17
12 21 12 1
12 22 9 15
12 23 14 15
12 24 18 13
12 25 12 11
12 26 15 18
12 27 4 3
12 28 11 13
12 30 12 2
12 31 16 16
12 32 20 4
12 33 16 8
12 34 7 9
12 35 7 12
12 36 1 14
12 38 6 12
12 40 16 3
12 41 18 2
12 42 20 12
12 43 8 3
12 44 15 7
12 45 7 18
12 46 10 15
12 47 15 3
12 48 15 8
12 49 1 0
13 0 7 2
13 1 11 9
13 2 12 10
13 3 19 13
13 6 16 13
13 8 20 2
13 10 7 18
13 11 10 9
13 13 20 5
13 15 4 5
13 16 17 3
13 18 20 3
13 19 13 0
13 20 2 15
13 22 12 14
13 23 1 6
13 25 17 8
13 26 11 5
13 27 0 4
13 29 1 19
13 31 9 12
13 32 19 7
13 33 13 9
13 34 3 11
13 35 13 1
13 36 9 20
13 37 9 16
13 39 10 4
13 40 8 16
13 41 1 6
13 43 8 18
13 44 8 0
13 46 20 13
13 47 8 13
13 48 10 10
13 49 3 3
14 0 17 5
14 1 14 11
14 2 7 9
14 3 11 18
14 4 11 7
14 5 4 3
14 6 16 9
14 7 19 3
14 8 7 14
14 9 11 7
14 10 0 6
14 11 5 1
14 13 11 16
14 14 3 13
14 15 1 3
14 16 11 14
14 17 14 5
14 18 13 18
14 19 16 6
14 20 6 2
14 22 4 10
14 23 19 18
14 24 16 9
14 25 10 18
14 26 5 5
14 27 9 1
14 28 18 3
14 30 13 20
14 31 10 4
14 33 9 6
14 35 3 6
14 37 18 20
14 38 3 18
14 41 13 13
14 43 18 19
14 45 6 3
14 46 20 6
14 47 7 6
14 49 17 17
15 1 11 9
15 2 1 6
15 3 6 1
15 5 3 20
15 6 1 19
15 7 20 5
15 8 1 13
15 9 1 16
15 10 6 0
15 11 17 8
15 12 17 10
15 14 1 9
15 15 5 20
15 16 13 17
15 17 15 6
15 18 0 5
15 19 18 20
15 20 19 13
15 21 5 19
15 23 0 11
15 25 12 5
15 26 16 2
15 27 6 17
15 28 10 4
15 29 11 9
15 31 8 1
15 33 11 20
15 34 11 8
15 36 8 17
15 37 1 16
15 38 11 6
15 39 7 16
15 41 7 15
15 42 10 11
15 43 10 1
15 44 10 4
15 45 16 20
15 46 8 5
15 47 11 10
15 48 0 6
15 49 6 18
16 0 20 18
16 1 15 5
16 2 19 17
16 3 19 15
16 4 3 5
16 5 6 14
16 6 14 12
16 8 1 7
16 10 10 11
16 11 9 18
16 12 19 0
16 13 3 7
16 14 11 10
16 15 13 18
16 17 9 6
16 18 2 4
16 19 5 18
16 20 9 14
16 22 19 13
16 23 8 4
16 24 6 4
16 25 5 15
16 26 13 11
16 27 18 11
16 28 8 13
16 29 15 19
16 30 15 12
16 31 10 2
16 32 12 20
16 34 13 8
16 35 15 6
16 36 18 8
16 37 7 17
16 39 13 15
16 40 10 3
16 41 3 7
16 42 7 20
16 43 20 6
16 44 4 0
16 45 9 5
16 47 15 2
16 48 11 10
16 49 10 2
17 0 12 16
17 1 5 6
17 2 17 3
17 3 20 19
17 4 19 9
17 5 5 6
17 6 15 12
17 7 14 4
17 8 1 5
17 10 6 20
17 12 3 0
17 13 14 13
17 14 17 5
17 16 17 19
17 17 14 5
17 20 2 11
17 23 17 8
17 24 0 7
17 25 3 20
17 26 12 17
17 27 12 18
17 28 1 20
17 29 0 11
17 31 5 11
17 32 15 16
17 33 0 9
17 34 13 8
17 35 9 2
17 36 15 16
17 37 0 12
17 38 2 8
17 40 18 9
17 41 18 19
17 43 19 12
17 44 4 13
17 45 16 12
17 46 2 14
17 47 16 18
17 48 1 5
18 0 1 3
18 1 16 13
18 2 9 11
18 3 20 17
18 4 9 15
18 5 5 17
18 7 17 2
18 8 0 7
18 9 13 10
18 10 12 12
18 11 5 16
18 12 1 17
18 14 10 19
18 16 7 0
18 17 5 6
18 18 12 20
18 19 19 4
18 20 1 1
18 21 7 10
18 22 14 2
18 23 0 18
18 24 15 18
18 25 0 4
18 26 9 0
18 28 4 14
18 30 2 9
18 31 11 5
18 32 9 14
18 34 0 11
18 35 13 9
18 36 16 12
18 37 20 5
18 40 14 13
18 42 17 12
18 44 13 8
18 45 18 3
18 47 4 19
18 49 10 0
19 0 2 3
19 1 7 14
19 2 0 20
19 4 16 3
19 5 9 14
19 6 15 20
19 7 18 18
19 8 8 9
19 9 1 11
19 10 19 3
19 11 3 18
19 12 14 3
19 13 11 5
19 14 3 12
19 15 4 4
19 17 2 2
19 18 19 17
19 19 14 4
19 20 17 13
19 21 2 17
19 22 0 11
19 23 6 17
19 24 16 9
19 25 6 14
19 28 3 4
19 29 8 15
19 30 18 15
19 31 14 1
19 32 12 2
19 34 5 11
19 35 13 17
19 36 7 9
19 37 13 5
19 38 11 11
19 39 5 16
19 40 18 20
19 41 13 3
19 42 2 6
19 44 12 18
19 45 1 16
19 47 12 19
19 48 11 1
19 49 11 20
20 0 20 16
20 1 10 1
20 2 13 4
20 3 3 10
20 4 8 16
20 5 0 3
20 6 0 19
20 8 7 13
20 9 10 9
20 10 0 10
20 11 12 3
20 12 18 8
20 13 10 12
20 14 14 2
20 15 2 12
20 16 12 17
20 17 16 10
20 18 14 16
20 19 13 13
20 20 16 7
20 21 5 15
20 22 0 0
20 23 12 7
20 24 4 16
20 25 16 11
20 26 14 5
20 27 10 15
20 29 12 13
20 30 3 19
20 31 14 19
20 32 19 9
20 33 16 3
20 34 20 18
20 35 4 12
20 36 4 20
20 37 19 0
20 38 0 19
20 39 17 4
20 41 3 16
20 43 2 16
20 44 3 20
20 45 0 8
20 46 10 20
20 47 7 18
20 49 20 1
21 0 20 20
21 1 10 16
21 2 3 0
21 3 6 0
21 4 18 14
21 5 0 3
21 6 5 3
21 10 1 6
21 11 13 5
21 12 1 13
21 13 14 5
21 14 12 17
21 15 2 6
21 16 19 15
21 17 8 14
21 18 3 15
21 19 4 0
21 20 13 7
21 21 13 17
21 24 18 14
21 25 20 18
21 26 2 7
21 28 9 0
21 29 10 4
21 30 10 17
21 31 5 19
21 32 19 18
21 34 6 11
21 35 1 10
21 36 18 12
21 37 0 11
21 39 2 11
21 41 9 6
21 43 0 9
21 44 13 11
21 45 2 11
21 46 6 20
21 47 10 4
21 48 8 4
21 49 15 0
22 0 10 18
22 1 6 14
22 2 12 11
22 3 18 12
22 4 9 0
22 6 2 2
22 7 7 11
22 8 10 4
22 10 2 11
22 11 3 4
22 12 20 15
22 13 9 15
22 14 16 17
22 15 7 17
22 16 0 2
22 17 19 0
22 19 16 7
22 20 20 8
22 22 14 7
22 23 19 9
22 24 18 4
22 25 8 9
22 26 10 10
22 27 3 20
22 28 12 14
22 29 15 15
22 30 9 16
22 31 15 13
22 33 9 11
22 34 7 1
22 35 1 20
22 36 19 6
22 39 4 2
22 40 18 17
22 42 4 0
22 43 12 0
22 44 16 2
22 45 4 18
22 47 13 20
22 48 17 12
22 49 5 8
23 0 0 14
23 1 1 10
23 3 5 16
23 4 7 9
23 5 17 19
23 6 12 6
23 7 5 15
23 9 1 6
23 10 20 17
23 11 20 4
23 12 7 12
23 14 14 2
23 15 16 7
23 16 20 6
23 17 5 16
23 18 5 20
23 20 15 14
23 22 10 9
23 23 13 11
23 24 2 13
23 25 16 9
23 26 6 7
23 27 0 20
23 28 3 17
23 29 10 8
23 30 4 13
23 31 11 18
23 32 19 7
23 33 9 19
23 35 11 14
23 36 4 8
23 37 9 8
23 38 19 2
23 39 12 17
23 41 20 9
23 42 15 2
23 43 8 1
23 44 7 8
23 45 10 9
23 46 8 8
23 49 1 3
24 0 3 1
24 2 2 14
24 3 19 20
24 5 19 18
24 6 12 11
24 7 6 11
24 8 15 3
24 9 1 4
24 10 12 7
24 11 11 17
24 12 8 17
24 13 1 16
24 15 2 0
24 16 3 9
24 17 17 0
24 19 11 6
24 22 11 11
24 23 2 10
24 24 20 7
24 26 19 12
24 28 18 3
24 29 6 13
24 30 3 14
24 32 20 13
24 33 7 8
24 34 20 20
24 37 4 12
24 38 5 8
24 39 11 3
24 43 19 9
24 44 5 15
24 45 10 8
24 46 19 3
24 48 9 11
24 49 7 3
25 0 3 10
25 1 1 10
25 2 5 2
25 3 6 2
25 4 8 19
25 6 4 0
25 7 8 17
25 8 1 18
25 9 2 12
25 10 6 4
25 11 13 11
25 12 20 7
25 13 8 19
25 15 8 7
25 16 19 4
25 17 0 7
25 18 8 5
25 21 19 7
25 22 3 8
25 23 19 3
25 24 16 4
25 25 6 16
25 26 13 1
25 28 1 11
25 29 16 19
25 30 18 9
25 32 3 12
25 34 7 4
25 35 17 8
25 36 17 5
25 37 14 17
25 38 2 17
25 39 4 3
25 40 1 5
25 41 7 1
25 42 2 9
25 43 9 3
25 45 17 6
25 46 2 2
25 47 17 9
25 49 7 15
26 0 0 12
26 1 1 4
26 2 7 5
26 3 11 20
26 4 0 20
26 5 1 2
26 6 18 4
26 7 7 13
26 8 14 10
26 9 18 4
26 11 12 9
26 12 6 3
26 13 14 16
26 14 4 7
26 15 19 9
26 17 13 3
26 19 17 17
26 20 6 14
26 21 11 1
26 22 20 7
26 23 19 1
26 25 10 5
26 26 12 19
26 27 15 17
26 28 8 13
26 29 12 1
26 30 11 1
26 31 0 12
26 32 16 3
26 33 19 8
26 35 2 18
26 37 18 5
26 38 4 19
26 40 19 7
26 41 14 17
26 42 18 6
26 44 17 2
26 45 5 16
26 47 10 2
26 48 12 19
26 49 14 9
27 0 19 8
27 1 15 14
27 2 5 18
27 3 12 8
27 4 6 19
27 5 2 15
27 7 13 1
27 8 5 9
27 9 6 8
27 10 2 12
27 11 20 7
27 12 14 12
27 13 4 9
27 15 8 3
27 16 14 4
27 17 12 4
27 18 5 2
27 20 7 14
27 21 1 0
27 22 18 6
27 23 17 8
27 24 5 6
27 25 6 11
27 26 3 20
27 27 9 5
27 28 10 7
27 29 11 0
27 30 8 3
27 31 8 3
27 32 13 2
27 33 9 0
27 35 11 0
27 37 1 4
27 38 16 14
27 39 0 11
27 41 9 20
27 42 2 0
27 43 14 5
27 44 3 10
27 47 5 3
27 48 18 13
27 49 7 16
28 0 20 3
28 1 4 16
28 2 18 12
28 3 15 14
28 4 11 2
28 5 6 11
28 6 10 8
28 7 1 1
28 8 8 1
28 9 6 16
28 11 3 0
28 15 6 19
28 16 20 17
28 18 19 15
28 19 9 19
28 20 18 19
28 21 4 7
28 22 11 5
28 24 1 1
28 26 3 4
28 27 12 10
28 28 4 17
28 29 15 16
28 31 5 0
28 32 14 11
28 34 18 20
28 36 9 20
28 37 10 12
28 38 10 10
28 39 17 4
28 40 10 3
28 41 8 13
28 43 4 6
28 44 8 11
28 45 4 6
28 47 1 14
29 0 0 18
29 2 14 12
29 3 4 19
29 4 20 11
29 5 14 18
29 7 20 0
29 8 0 15
29 9 13 15
29 11 15 17
29 12 15 15
29 14 2 11
29 16 6 5
29 17 11 4
29 18 8 8
29 19 15 5
29 20 6 7
29 21 4 13
29 22 18 17
29 23 5 9
29 24 14 0
29 26 17 9
29 27 2 18
29 28 1 17
29 29 4 7
29 30 0 20
29 31 3 6
29 32 11 12
29 33 3 10
29 34 16 12
29 35 15 16
29 36 20 6
29 37 0 9
29 38 8 20
29 39 14 8
29 41 16 14
29 42 2 4
29 43 4 7
29 44 8 2
29 46 12 18
29 48 13 0
29 49 19 14
30 0 0 1
30 1 2 12
30 3 11 11
30 4 9 9
30 5 20 14
30 7 18 9
30 8 20 2
30 9 13 19
30 10 6 15
30 11 14 13
30 14 20 2
30 15 19 14
30 16 16 7
30 17 5 3
30 18 1 19
30 20 12 2
30 21 11 6
30 22 17 20
30 23 20 19
30 25 12 8
30 26 14 1
30 27 1 20
30 28 0 11
30 30 19 2
30 31 6 19
30 32 11 15
30 35 9 4
30 36 9 11
30 37 20 10
30 38 19 6
30 39 10 7
30 42 1 5
30 43 1 0
30 45 2 13
30 47 5 10
30 48 2 5
30 49 4 3
31 0 14 19
31 1 0 2
31 2 11 1
31 4 15 0
31 5 2 9
31 7 15 13
31 8 6 17
31 9 4 2
31 10 17 13
31 11 8 9
31 12 15 17
31 13 18 13
31 14 9 8
31 15 12 17
31 17 12 14
31 19 15 14
31 20 17 0
31 21 14 17
31 22 18 2
31 25 16 3
31 26 10 14
31 27 3 7
31 28 17 0
31 29 15 20
31 30 12 18
31 31 6 9
31 32 18 0
31 33 3 7
31 35 20 16
31 36 12 1
31 37 7 6
31 38 1 13
31 40 5 4
31 41 16 6
31 42 12 5
31 44 12 17
31 45 11 7
31 46 10 2
31 47 4 12
31 48 1 6
31 49 4 14
32 0 3 19
32 2 2 15
32 4 2 17
32 6 17 10
32 7 11 0
32 9 7 15
32 10 14 1
32 11 18 14
32 13 18 10
32 14 11 15
32 15 17 17
32 16 19 8
32 17 0 0
32 18 18 15
32 19 9 0
32 20 0 7
32 22 4 17
32 24 0 14
32 25 15 15
32 27 16 11
32 28 18 3
32 29 14 13
32 30 4 10
32 31 12 0
32 33 11 3
32 34 18 15
32 35 6 5
32 36 8 9
32 37 8 4
32 38 10 19
32 39 9 15
32 40 4 4
32 41 16 19
32 42 15 10
32 43 3 9
32 44 18 0
32 46 15 14
32 48 7 12
32 49 15 5
33 0 15 19
33 1 10 16
33 3 1 10
33 4 15 4
33 5 0 8
33 6 3 20
33 8 15 13
33 9 12 7
33 10 20 20
33 11 11 11
33 13 7 17
33 15 2 13
33 16 5 1
33 19 16 11
33 20 19 7
33 25 11 7
33 26 9 1
33 27 0 0
33 28 7 2
33 29 19 19
33 30 10 17
33 31 19 2
33 32 4 16
33 33 10 19
33 34 12 12
33 35 2 7
33 36 6 1
33 40 13 12
33 41 18 18
33 42 9 9
33 43 5 1
33 44 4 2
33 45 16 4
33 46 14 11
33 47 9 18
33 48 0 18
33 49 11 1
34 0 14 8
34 3 17 5
34 4 9 0
34 5 9 11
34 6 2 4
34 7 2 1
34 8 12 10
34 10 1 6
34 11 9 9
34 12 17 6
34 13 16 13
34 14 14 5
34 18 11 15
34 20 7 18
34 21 1 13
34 23 11 3
34 24 2 0
34 25 6 0
34 28 19 1
34 31 1 16
34 32 8 2
34 33 9 15
34 35 2 20
34 36 4 19
34 37 0 18
34 38 3 4
34 39 12 19
34 40 10 11
34 41 13 5
34 42 20 9
34 43 12 2
34 44 0 13
34 45 3 8
34 46 2 7
34 47 3 4
34 48 8 0
34 49 15 11
35 0 10 3
35 1 16 0
35 2 1 18
35 3 1 13
35 4 11 2
35 5 17 14
35 6 14 13
35 7 16 9
35 8 18 15
35 9 0 7
35 10 3 11
35 11 6 7
35 13 16 4
35 14 14 14
35 16 0 10
35 17 11 19
35 18 17 17
35 19 2 9
35 20 8 1
35 21 13 6
35 22 5 12
35 26 1 11
35 27 17 17
35 28 7 15
35 29 17 5
35 30 2 2
35 31 11 18
35 33 0 12
35 34 7 8
35 36 9 20
35 37 16 9
35 38 20 20
35 39 0 5
35 40 12 20
35 42 3 2
35 43 16 9
35 44 10 14
35 45 3 4
35 46 5 13
35 47 9 1
35 48 5 3
35 49 6 1
36 0 2 11
36 1 1 0
36 2 10 13
36 3 4 16
36 5 20 18
36 6 11 17
36 7 8 2
36 9 2 11
36 10 4 19
36 11 1 12
36 12 5 6
36 13 20 12
36 14 15 4
36 15 19 5
36 16 2 5
36 17 2 6
36 20 7 17
36 21 17 10
36 22 9 15
36 23 7 10
36 24 10 17
36 26 11 15
36 27 11 6
36 29 7 17
36 30 4 7
36 32 3 1
36 34 12 15
36 35 1 6
36 36 5 8
36 38 12 7
36 40 20 19
36 42 19 10
36 43 4 13
36 44 14 13
36 45 19 6
36 46 11 1
36 47 7 7
36 49 10 15
37 0 4 7
37 1 15 3
37 4 1 17
37 5 7 6
37 6 17 17
37 7 2 17
37 9 9 4
37 10 14 2
37 11 9 5
37 12 15 13
37 14 8 14
37 16 11 2
37 17 3 12
37 19 19 16
37 20 9 16
37 22 14 15
37 24 6 4
37 25 20 11
37 27 16 3
37 28 18 7
37 29 19 14
37 30 5 18
37 32 2 18
37 33 11 11
37 34 9 9
37 36 14 11
37 37 7 11
37 40 2 20
37 41 6 5
37 42 0 19
37 44 12 6
37 45 9 0
37 46 5 14
37 47 12 2
37 48 15 13
38 0 2 2
38 1 10 12
38 3 16 17
38 4 2 10
38 5 9 13
38 6 1 11
38 7 4 9
38 8 10 17
38 9 16 2
38 10 9 9
38 11 17 2
38 12 7 17
38 13 19 13
38 14 4 8
38 15 9 13
38 16 7 15
38 18 11 0
38 20 12 11
38 21 19 20
38 24 12 5
38 25 2 3
38 26 7 14
38 27 4 14
38 28 8 8
38 30 1 17
38 32 8 16
38 34 20 5
38 35 5 1
38 36 19 2
38 37 13 17
38 39 19 0
38 40 14 16
38 43 20 8
38 44 8 1
38 45 5 5
38 46 2 9
38 47 1 11
38 48 6 16
38 49 2 2
39 0 7 11
39 1 0 1
39 2 18 12
39 3 8 19
39 4 12 18
39 5 18 8
39 6 12 0
39 8 19 20
39 9 1 19
39 10 2 1
39 11 14 0
39 13 2 8
39 14 17 4
39 15 16 19
39 16 18 16
39 17 6 20
39 18 3 13
39 19 6 3
39 20 17 5
39 22 2 12
39 24 10 11
39 25 2 11
39 26 15 8
39 27 5 5
39 28 2 16
39 29 15 9
39 30 10 18
39 31 4 12
39 33 13 15
39 34 4 11
39 35 15 18
39 36 2 5
39 37 5 6
39 38 9 0
39 39 14 13
39 41 0 9
39 42 18 6
39 44 11 20
39 46 20 14
39 47 17 14
39 49 2 0
40 1 1 3
40 2 16 4
40 3 13 19
40 4 0 13
40 5 0 15
40 6 2 10
40 7 12 20
40 8 3 3
40 9 6 10
40 10 1 14
40 11 8 10
40 15 10 19
40 16 8 18
40 17 16 7
40 18 19 17
40 19 3 4
40 20 10 11
40 21 12 15
40 22 18 9
40 24 18 7
40 25 19 13
40 26 9 17
40 27 10 10
40 29 1 12
40 30 5 17
40 31 3 17
40 32 11 1
40 33 12 12
40 38 8 16
40 39 16 7
40 40 4 3
40 41 13 10
40 42 6 12
40 43 3 19
40 45 15 5
40 46 1 1
40 47 4 6
40 48 9 14
41 0 16 7
41 1 0 1
41 2 17 10
41 3 12 17
41 4 6 16
41 5 2 17
41 6 16 19
41 8 12 7
41 9 5 1
41 10 9 9
41 12 10 4
41 13 6 15
41 14 20 0
41 16 13 11
41 17 20 18
41 18 14 0
41 20 6 4
41 21 7 3
41 22 16 16
41 23 19 18
41 24 6 0
41 25 12 5
41 26 12 17
41 27 10 15
41 28 17 3
41 29 11 7
41 30 11 17
41 31 6 3
41 33 19 17
41 34 11 16
41 35 4 11
41 36 16 3
41 38 11 12
41 40 0 6
41 41 20 5
41 42 12 8
41 43 3 14
41 45 10 8
41 46 14 8
41 47 11 2
42 0 10 5
42 3 4 6
42 4 20 8
42 6 0 1
42 8 1 2
42 10 18 0
42 11 7 3
42 12 19 7
42 13 10 17
42 14 17 2
42 15 1 6
42 16 15 6
42 17 3 1
42 18 14 0
42 20 4 1
42 23 14 4
42 24 2 4
42 26 2 20
42 28 7 4
42 29 7 1
42 30 20 4
42 31 15 12
42 32 11 20
42 33 7 10
42 34 1 7
42 35 8 15
42 36 12 7
42 37 14 9
42 38 12 19
42 39 13 16
42 40 17 20
42 41 17 16
42 42 12 0
42 43 8 16
42 44 20 16
42 45 12 14
42 46 2 4
42 48 14 15
43 0 7 15
43 1 16 4
43 2 13 16
43 3 4 12
43 4 7 1
43 5 16 20
43 7 2 5
43 8 18 12
43 9 12 0
43 10 3 17
43 11 1 5
43 12 0 15
43 13 4 17
43 14 3 15
43 16 7 1
43 17 10 7
43 18 7 0
43 19 16 15
43 22 16 19
43 23 6 1
43 24 1 11
43 26 13 8
43 27 13 9
43 28 12 19
43 29 20 3
43 30 0 1
43 31 20 7
43 32 5 5
43 33 9 18
43 34 3 10
43 36 11 0
43 37 15 17
43 39 3 9
43 40 20 19
43 41 7 11
43 42 5 7
43 43 4 17
43 44 9 6
43 46 1 18
43 49 10 8
44 0 1 17
44 1 17 13
44 2 0 1
44 3 5 1
44 4 20 10
44 6 4 16
44 7 11 10
44 8 17 9
44 11 7 10
44 12 15 1
44 14 2 10
44 15 10 10
44 16 17 2
44 17 20 13
44 18 14 12
44 19 11 10
44 20 4 7
44 21 6 13
44 22 15 1
44 23 3 15
44 24 9 4
44 25 0 20
44 26 11 7
44 27 2 6
44 28 7 2
44 29 10 8
44 30 5 19
44 31 4 2
44 32 10 0
44 34 1 14
44 35 1 15
44 36 20 8
44 38 19 12
44 39 0 18
44 40 17 0
44 41 9 11
44 42 17 20
44 43 3 8
44 44 8 11
44 45 16 16
44 46 16 12
44 47 15 18
44 48 2 0
44 49 2 13
45 0 8 1
45 1 5 14
45 2 15 11
45 3 13 10
45 4 13 16
45 5 4 3
45 7 15 20
45 8 19 12
45 9 3 16
45 10 14 10
45 11 11 17
45 12 12 4
45 14 16 16
45 15 2 11
45 17 5 7
45 20 4 14
45 21 14 15
45 22 11 0
45 23 4 16
45 24 15 11
45 25 18 11
45 27 18 9
45 28 8 17
45 30 6 8
45 31 14 20
45 32 8 11
45 34 18 6
45 35 11 20
45 37 0 16
45 38 15 15
45 39 4 3
45 40 14 18
45 41 9 13
45 42 19 10
45 43 5 13
45 44 5 9
45 46 19 9
45 48 2 14
46 0 16 17
46 2 18 2
46 3 9 2
46 4 18 6
46 5 3 19
46 6 9 7
46 7 12 20
46 8 14 7
46 11 15 11
46 12 11 4
46 13 9 2
46 14 8 9
46 15 15 19
46 17 16 16
46 18 5 20
46 19 1 6
46 20 11 12
46 21 7 10
46 23 3 20
46 24 14 13
46 25 13 1
46 26 19 4
46 27 15 1
46 28 14 2
46 29 1 8
46 30 4 0
46 34 3 18
46 35 6 17
46 36 10 16
46 39 12 8
46 40 17 16
46 42 2 16
46 43 18 7
46 45 3 2
46 46 8 5
46 48 8 13
46 49 10 5
47 0 16 9
47 1 0 3
47 2 19 1
47 3 0 18
47 4 3 11
47 6 2 9
47 7 9 10
47 9 5 20
47 10 2 6
47 11 6 8
47 12 19 12
47 13 8 8
47 14 18 4
47 15 0 3
47 16 18 7
47 17 5 18
47 18 4 15
47 19 15 1
47 21 17 9
47 23 4 10
47 24 6 3
47 26 7 4
47 28 16 10
47 29 18 0
47 30 7 20
47 31 17 1
47 35 1 16
47 37 19 20
47 38 9 1
47 39 10 9
47 40 5 13
47 43 8 2
47 45 11 19
47 46 12 1
48 0 6 4
48 1 6 14
48 3 14 10
48 4 10 11
48 5 18 19
48 6 2 9
48 7 16 17
48 8 13 4
48 9 8 0
48 11 13 17
48 12 0 14
48 13 0 17
48 14 14 1
48 15 10 6
48 16 18 8
48 17 16 11
48 18 17 8
48 19 16 13
48 20 1 5
48 21 16 2
48 22 5 12
48 23 19 2
48 24 12 16
48 25 6 16
48 26 11 11
48 27 4 17
48 28 4 1
48 29 5 15
48 30 20 10
48 31 3 11
48 32 18 7
48 33 15 12
48 34 20 1
48 37 15 11
48 38 8 20
48 39 15 14
48 40 0 16
48 41 5 9
48 42 19 4
48 43 20 7
48 44 16 5
48 45 3 14
48 47 9 7
48 48 20 10
48 49 0 17
49 1 12 12
49 2 1 19
49 3 6 19
49 4 11 11
49 5 11 2
49 6 5 3
49 9 1 8
49 11 7 7
49 14 6 6
49 16 11 12
49 18 13 2
49 19 9 3
49 21 2 4
49 23 1 15
49 24 3 15
49 25 12 13
49 27 2 15
49 28 0 2
49 29 6 9
49 31 6 17
49 32 0 1
49 33 12 12
49 34 7 20
49 35 15 1
49 36 0 15
49 37 1 9
49 38 11 4
49 39 8 7
49 40 7 20
49 41 0 20
49 42 14 4
49 43 15 18
49 45 2 16
49 46 15 5
49 48 16 4
49 49 1 5
