50
2
0 0 19 6
0 1 4 15
0 3 3 9
0 4 6 4
0 5 15 14
0 6 0 5
0 7 5 15
0 8 11 8
0 9 7 13
0 10 10 10
0 11 3 5
0 12 14 17
0 13 10 6
0 14 12 8
0 17 9 20
0 18 4 19
0 19 12 0
0 20 2 11
0 21 10 15
0 22 10 15
0 23 1 7
0 24 4 17
0 25 9 1
0 27 4 11
0 28 20 12
0 30 3 14
0 31 15 19
0 32 19 16
0 33 0 11
0 34 10 0
0 35 15 12
0 37 15 6
0 38 16 8
0 39 1 3
0 40 0 3
0 41 8 5
0 42 7 6
0 43 8 9
0 44 4 5
0 46 13 15
0 47 16 20
0 48 10 7
0 49 5 4
1 1 19 3
1 2 14 5
1 3 17 0
1 4 9 11
1 5 2 2
1 6 7 9
1 9 17 13
1 10 3 14
1 11 13 2
1 12 11 16
1 13 10 15
1 14 3 2
1 15 15 11
1 16 13 5
1 17 4 18
1 19 17 4
1 21 14 15
1 22 2 0
1 23 7 13
1 24 17 0
1 25 5 18
1 26 2 17
1 28 2 13
1 29 1 7
1 30 15 7
1 31 0 12
1 32 20 17
1 33 7 4
1 34 11 10
1 35 20 2
1 36 3 19
1 37 20 0
1 38 5 9
1 39 4 11
1 40 15 16
1 42 0 19
1 43 11 17
1 44 3 2
1 45 16 17
1 46 9 4
1 47 9 17
1 48 7 7
1 49 0 18
2 0 14 8
2 1 7 3
2 2 8 17
2 3 12 5
2 5 2 10
2 6 20 5
2 7 17 1
2 8 0 1
2 9 2 1
2 10 15 12
2 11 2 12
2 12 4 10
2 14 13 0
2 15 12 0
2 16 1 17
2 17 20 1
2 18 9 16
2 19 1 14
2 20 2 15
2 22 18 17
2 23 10 0
2 25 16 18
2 26 20 14
2 27 13 8
2 28 9 10
2 29 19 0
2 31 4 11
2 32 3 20
2 33 8 6
2 34 19 1
2 35 5 17
2 36 4 19
2 37 16 2
2 39 10 20
2 40 14 0
2 41 9 4
2 42 9 14
2 43 19 9
2 44 6 0
2 45 12 3
2 47 3 12
2 48 8 20
2 49 4 11
3 0 14 3
3 1 15 20
3 3 15 8
3 4 3 16
3 5 0 0
3 6 4 8
3 7 5 4
3 8 5 16
3 9 0 18
3 10 3 17
3 11 14 8
3 12 15 19
3 14 13 16
3 15 15 12
3 16 12 20
3 17 5 19
3 18 20 11
3 19 5 7
3 21 19 20
3 22 18 20
3 23 20 10
3 24 13 4
3 25 6 4
3 26 5 18
3 27 16 18
3 28 20 19
3 29 5 3
3 32 8 1
3 33 2 0
3 34 5 10
3 36 1 12
3 37 10 18
3 38 12 18
3 39 7 4
3 40 13 16
3 41 15 2
3 42 20 12
3 43 16 9
3 44 9 7
3 46 1 5
3 47 5 6
3 48 8 8
4 0 12 20
4 2 0 10
4 3 14 18
4 4 14 6
4 5 13 16
4 6 18 6
4 7 2 2
4 8 10 11
4 9 4 4
4 10 10 9
4 11 3 17
4 12 17 19
4 13 2 8
4 14 7 14
4 15 17 1
4 16 7 12
4 19 20 0
4 21 10 13
4 23 18 14
4 24 7 15
4 25 10 16
4 26 8 18
4 27 16 3
4 28 10 18
4 30 10 11
4 31 0 11
4 32 14 15
4 33 0 10
4 34 6 20
4 35 1 16
4 37 13 2
4 38 11 0
4 39 4 1
4 40 9 18
4 42 15 2
4 43 20 7
4 44 20 19
4 45 18 3
4 46 18 7
4 47 16 3
4 48 2 15
4 49 14 1
5 0 4 9
5 1 5 0
5 2 16 3
5 3 5 10
5 4 15 1
5 5 2 3
5 7 19 9
5 8 4 9
5 9 14 19
5 11 19 3
5 12 18 14
5 13 17 3
5 14 19 9
5 15 10 6
5 16 2 17
5 18 18 13
5 19 12 6
5 21 10 0
5 22 20 11
5 24 4 2
5 25 6 9
5 26 18 3
5 27 19 6
5 28 11 8
5 30 11 7
5 31 8 5
5 32 3 0
5 34 20 18
5 35 0 19
5 36 1 13
5 37 18 2
5 39 12 14
5 41 7 15
5 42 19 11
5 43 20 0
5 44 7 6
5 45 4 12
5 46 11 20
5 47 17 5
5 48 20 18
5 49 7 12
6 0 7 16
6 1 5 8
6 2 15 13
6 4 4 13
6 5 7 12
6 6 9 14
6 7 5 0
6 9 12 4
6 11 8 19
6 13 1 9
6 14 9 6
6 15 2 7
6 16 19 6
6 17 8 10
6 18 20 19
6 19 2 3
6 20 9 17
6 21 18 12
6 22 4 10
6 23 17 20
6 25 17 20
6 26 7 2
6 27 3 4
6 28 8 11
6 29 14 8
6 30 1 15
6 31 15 6
6 32 16 5
6 33 17 1
6 34 14 9
6 35 3 9
6 36 5 1
6 38 0 8
6 39 3 7
6 40 9 9
6 41 6 15
6 42 8 3
6 43 11 13
6 44 13 8
6 45 3 18
6 46 19 14
6 47 9 12
6 48 3 9
6 49 17 10
7 1 5 12
7 2 11 10
7 3 11 15
7 4 7 3
7 6 12 14
7 8 17 3
7 10 19 11
7 11 3 19
7 13 5 15
7 14 20 1
7 15 16 5
7 16 10 13
7 19 6 13
7 20 11 16
7 22 12 11
7 23 1 1
7 24 17 19
7 25 10 0
7 26 8 20
7 27 18 15
7 28 14 5
7 29 13 15
7 30 19 13
7 34 12 3
7 35 19 15
7 36 9 2
7 37 0 15
7 38 1 7
7 40 9 8
7 41 0 15
7 42 3 0
7 43 15 6
7 44 8 15
7 45 2 2
7 46 16 4
7 48 7 17
7 49 15 3
8 0 1 17
8 1 12 19
8 2 1 20
8 4 18 3
8 5 11 11
8 6 8 5
8 7 5 4
8 8 3 19
8 9 15 4
8 10 9 11
8 11 13 4
8 12 9 8
8 13 1 16
8 14 0 9
8 15 6 20
8 17 13 14
8 18 8 17
8 21 16 2
8 22 17 10
8 24 14 0
8 25 2 3
8 26 8 12
8 27 20 15
8 30 18 2
8 31 16 20
8 33 5 6
8 34 15 20
8 35 16 10
8 37 13 15
8 38 10 9
8 41 14 5
8 42 2 12
8 43 11 0
8 46 6 3
8 47 2 10
8 48 19 16
8 49 1 15
9 1 16 1
9 2 11 0
9 4 9 8
9 6 12 9
9 7 19 16
9 8 6 15
9 10 15 20
9 12 18 1
9 14 13 9
9 15 10 7
9 16 12 18
9 17 19 1
9 18 2 6
9 19 4 4
9 20 14 18
9 21 11 10
9 22 15 20
9 23 12 0
9 24 14 2
9 25 15 17
9 26 18 6
9 27 13 1
9 30 13 13
9 31 6 8
9 32 3 17
9 33 13 11
9 34 19 5
9 36 3 13
9 38 18 17
9 39 11 6
9 40 12 0
9 41 7 7
9 42 6 4
9 44 17 20
9 45 10 8
9 47 19 4
9 48 17 15
9 49 4 7
10 1 15 5
10 2 20 2
10 3 12 2
10 5 20 12
10 6 3 9
10 7 10 9
10 8 11 6
10 9 14 13
10 10 6 16
10 11 4 15
10 13 12 15
10 15 7 11
10 17 10 19
10 18 12 13
10 19 0 17
10 20 11 15
10 21 7 9
10 22 6 17
10 23 5 15
10 24 12 17
10 25 15 12
10 27 12 20
10 28 9 16
10 29 16 19
10 30 18 7
10 31 7 14
10 32 16 12
10 33 6 4
10 35 15 19
10 37 7 18
10 39 13 3
10 41 19 2
10 42 8 12
10 43 13 12
10 45 20 4
10 46 1 6
10 47 16 9
10 48 2 2
11 0 20 11
11 2 1 5
11 3 14 17
11 4 3 2
11 5 15 16
11 6 20 4
11 8 10 6
11 10 18 1
11 11 20 10
11 12 1 14
11 13 11 1
11 16 20 6
11 19 20 18
11 20 20 13
11 22 16 1
11 23 1 4
11 24 9 4
11 25 1 0
11 26 12 14
11 27 1 19
11 28 13 3
11 29 15 10
11 30 5 4
11 31 14 10
11 32 9 17
11 33 16 15
11 35 13 6
11 36 6 0
11 38 11 10
11 39 1 10
11 40 19 18
11 41 8 7
11 42 3 2
11 44 0 13
11 45 15 13
11 46 5 0
11 48 4 15
11 49 11 16
12 0 18 2
12 1 20 18
12 4 6 10
12 5 18 1
12 6 16 2
12 7 0 12
12 8 6 18
12 9 7 20
12 10 18 15
12 12 11 1
12 13 6 19
12 14 18 14
12 15 14 8
12 16 6 18
12 18 13 20
12 19 2 2
12 20 16 9
12 21 5 8
12 22 20 16
12 23 0 17
12 24 9 19
12 25 13 19
12 26 15 12
12 27 0 6
12 28 9 10
12 29 5 19
12 30 8 14
12 32 14 13
12 33 5 20
12 34 2 17
12 35 4 19
12 36 8 3
12 41 12 1
12 42 1 15
12 43 16 2
12 44 0 9
12 45 13 9
12 46 9 1
12 48 1 12
12 49 13 11
13 0 9 16
13 2 5 2
13 4 8 1
13 5 10 20
13 6 1 4
13 8 17 20
13 9 17 20
13 10 14 9
13 11 19 8
13 12 19 16
13 13 7 7
13 15 4 16
13 16 7 3
13 17 8 14
13 18 12 19
13 19 4 8
13 20 16 15
13 21 0 19
13 22 10 15
13 23 18 15
13 24 11 11
13 25 1 12
13 26 2 3
13 27 8 8
13 28 11 0
13 29 14 4
13 31 3 0
13 32 3 20
13 33 10 13
13 34 4 5
13 35 13 9
13 36 11 6
13 37 14 0
13 38 10 18
13 39 20 20
13 40 12 9
13 41 11 6
13 42 11 7
13 43 11 5
13 45 7 0
13 47 16 2
13 48 6 20
13 49 15 9
14 1 10 18
14 2 8 5
14 4 3 20
14 5 18 16
14 7 0 8
14 8 19 9
14 11 14 12
14 12 8 5
14 14 16 17
14 15 12 9
14 16 12 4
14 17 10 11
14 18 18 18
14 19 3 9
14 20 16 20
14 22 10 11
14 23 14 14
14 24 12 18
14 25 14 2
14 26 11 0
14 27 4 3
14 28 19 20
14 29 20 12
14 31 16 2
14 33 5 9
14 34 6 0
14 36 15 7
14 37 8 6
14 38 10 13
14 39 8 16
14 40 12 9
14 41 16 7
14 42 7 5
14 43 2 7
14 45 15 11
14 47 10 15
14 48 4 19
14 49 17 6
15 0 15 2
15 1 1 9
15 4 12 1
15 5 5 12
15 7 4 2
15 8 16 16
15 9 9 19
15 10 17 0
15 13 19 4
15 14 5 0
15 15 20 5
15 16 9 9
15 17 2 0
15 18 1 14
15 19 9 0
15 20 19 5
15 21 7 20
15 22 15 0
15 23 5 10
15 24 8 6
15 25 1 17
15 26 7 7
15 27 16 18
15 28 9 7
15 29 13 12
15 30 14 7
15 31 17 7
15 32 5 14
15 34 12 14
15 35 20 0
15 36 13 20
15 37 13 18
15 38 4 5
15 39 13 5
15 40 0 20
15 41 0 20
15 42 18 18
15 43 2 6
15 44 4 20
15 45 18 8
15 46 12 11
15 47 8 19
15 48 2 20
15 49 12 20
16 1 11 6
16 2 17 15
16 3 5 14
16 6 18 7
16 7 6 7
16 8 0 11
16 9 8 19
16 10 17 13
16 11 4 5
16 12 13 17
16 13 7 14
16 14 9 8
16 15 19 10
16 16 12 12
16 17 9 6
16 18 11 14
16 21 13 10
16 22 5 18
16 24 7 11
16 25 15 0
16 26 16 20
16 28 3 6
16 29 0 19
16 30 12 11
16 31 8 12
16 33 8 8
16 34 0 11
16 35 20 3
16 36 4 5
16 37 16 14
16 38 10 8
16 39 17 19
16 40 9 6
16 41 3 12
16 42 5 10
16 43 18 15
16 44 7 13
16 45 8 12
16 46 10 11
16 48 13 16
16 49 17 14
17 0 1 0
17 1 13 12
17 2 8 17
17 4 16 14
17 5 5 17
17 6 19 1
17 7 18 5
17 8 20 1
17 11 1 0
17 12 2 9
17 13 6 16
17 14 19 0
17 16 7 4
17 17 11 3
17 18 0 11
17 20 7 6
17 21 8 9
17 22 13 5
17 23 12 10
17 25 18 9
17 26 5 1
17 27 1 3
17 28 17 0
17 30 11 12
17 31 20 12
17 32 5 17
17 33 9 8
17 34 11 5
17 35 10 17
17 36 5 20
17 37 17 13
17 38 6 2
17 39 1 8
17 40 18 17
17 41 0 16
17 42 16 4
17 43 18 20
17 44 10 15
17 46 0 4
17 47 1 18
17 49 9 3
18 0 19 20
18 1 15 5
18 3 12 5
18 4 13 7
18 5 1 11
18 6 20 8
18 9 13 1
18 12 1 9
18 13 18 20
18 14 18 8
18 16 2 16
18 17 3 20
18 18 4 18
18 19 10 14
18 23 3 5
18 24 8 16
18 25 17 17
18 26 8 3
18 27 7 17
18 28 7 7
18 30 16 1
18 32 4 15
18 33 10 8
18 34 10 14
18 35 1 20
18 38 12 3
18 40 13 20
18 41 14 0
18 42 0 1
18 43 0 1
18 44 1 13
18 45 10 5
18 47 0 15
18 48 7 1
18 49 4 15
19 0 20 2
19 4 19 15
19 5 4 1
19 7 13 16
19 8 7 14
19 9 16 11
19 10 16 3
19 11 15 17
19 12 12 6
19 13 20 2
19 14 6 19
19 15 13 7
19 16 4 9
19 17 0 2
19 18 17 10
19 19 6 4
19 20 0 2
19 21 7 18
19 22 2 6
19 23 14 8
19 24 9 13
19 25 14 14
19 26 6 1
19 27 1 5
19 29 11 8
19 30 9 12
19 31 11 15
19 32 19 12
19 33 20 7
19 34 1 4
19 35 8 3
19 36 9 14
19 37 8 6
19 38 14 14
19 39 1 4
19 40 12 4
19 41 9 10
19 42 8 3
19 43 7 9
19 45 19 18
19 46 2 1
19 47 12 2
19 48 3 14
19 49 13 15
20 1 17 10
20 2 1 6
20 3 9 1
20 5 6 2
20 6 4 10
20 7 1 19
20 8 11 8
20 9 5 13
20 11 1 5
20 13 12 14
20 14 3 17
20 15 17 14
20 16 16 14
20 17 13 3
20 18 8 3
20 19 12 15
20 20 8 12
20 21 16 6
20 22 9 4
20 25 18 9
20 26 9 13
20 27 12 15
20 28 0 8
20 29 20 9
20 30 8 0
20 31 4 12
20 32 5 17
20 33 1 0
20 34 4 14
20 35 17 15
20 36 3 15
20 38 17 1
20 40 0 19
20 41 17 2
20 42 12 11
20 43 3 1
20 44 16 19
20 45 8 6
20 46 0 17
20 48 6 7
20 49 4 18
21 0 16 2
21 1 13 10
21 2 12 16
21 3 15 11
21 4 7 19
21 5 11 5
21 6 11 4
21 7 13 9
21 8 12 8
21 9 16 19
21 10 14 8
21 11 7 20
21 12 1 8
21 13 17 10
21 14 8 4
21 15 4 1
21 16 10 17
21 18 4 19
21 20 13 13
21 21 15 2
21 22 1 10
21 23 10 19
21 24 5 4
21 26 12 7
21 27 19 0
21 29 8 11
21 31 5 0
21 32 20 20
21 33 12 13
21 34 7 14
21 35 6 13
21 37 8 17
21 39 0 11
21 40 4 12
21 41 4 9
21 42 13 8
21 43 12 18
21 44 0 12
21 45 19 4
21 46 16 14
21 47 7 13
21 48 9 9
21 49 18 4
22 0 2 8
22 1 17 10
22 2 12 3
22 3 7 15
22 4 16 16
22 5 9 14
22 6 14 5
22 7 7 15
22 8 5 5
22 9 6 20
22 12 13 15
22 14 9 6
22 15 3 15
22 16 13 14
22 17 8 11
22 18 1 11
22 19 6 9
22 20 15 15
22 21 0 12
22 23 14 16
22 26 4 14
22 27 13 12
22 28 0 4
22 31 6 5
22 32 2 4
22 33 18 15
22 34 0 9
22 36 3 16
22 38 1 17
22 39 7 7
22 40 10 12
22 41 10 14
22 42 4 7
22 43 18 6
22 44 7 18
22 45 15 17
22 46 4 6
22 47 16 11
22 48 18 16
22 49 5 4
23 0 1 11
23 1 14 7
23 2 7 13
23 5 13 2
23 7 14 7
23 8 14 6
23 10 13 0
23 11 6 18
23 12 15 3
23 13 13 8
23 15 11 12
23 18 8 15
23 19 7 6
23 20 15 10
23 21 6 17
23 22 8 14
23 23 14 7
23 24 1 14
23 25 12 6
23 26 3 13
23 27 8 16
23 28 0 17
23 30 9 7
23 31 4 7
23 32 8 10
23 34 9 2
23 37 7 4
23 39 13 11
23 40 14 7
23 41 7 0
23 42 14 18
23 43 16 2
23 45 17 10
23 46 0 14
23 48 17 10
24 0 20 16
24 1 8 16
24 3 19 15
24 5 20 11
24 6 10 0
24 7 13 9
24 9 10 14
24 10 4 20
24 11 8 13
24 12 15 20
24 13 5 20
24 14 3 4
24 15 14 7
24 16 4 6
24 18 11 10
24 19 1 20
24 21 3 15
24 22 5 1
24 23 11 14
24 24 3 13
24 25 14 20
24 27 8 4
24 29 5 1
24 31 3 19
24 33 5 17
24 34 16 6
24 36 10 4
24 37 4 5
24 38 19 20
24 40 19 4
24 41 17 6
24 42 19 1
24 45 10 3
24 46 5 5
24 47 20 7
24 48 18 6
24 49 2 3
25 0 15 16
25 1 1 12
25 2 20 5
25 4 19 6
25 5 7 1
25 6 18 2
25 7 6 12
25 9 13 3
25 10 8 12
25 11 5 4
25 12 16 1
25 13 1 4
25 14 0 7
25 15 14 14
25 18 7 0
25 20 4 11
25 22 12 14
25 23 16 4
25 24 20 1
25 26 8 10
25 27 9 17
25 28 9 14
25 30 10 7
25 31 4 16
25 32 11 19
25 33 19 1
25 34 3 3
25 35 16 17
25 36 5 5
25 38 14 2
25 39 9 10
25 40 1 12
25 41 11 20
25 42 3 16
25 43 6 13
25 44 7 4
25 46 1 11
25 47 3 11
26 0 0 8
26 2 1 9
26 4 16 4
26 5 18 0
26 6 10 7
26 7 9 12
26 8 2 20
26 10 0 17
26 11 15 10
26 12 2 4
26 13 6 1
26 14 18 3
26 16 7 11
26 17 8 16
26 19 8 17
26 20 8 11
26 21 19 13
26 22 13 8
26 23 17 12
26 24 6 17
26 25 1 3
26 27 12 10
26 28 9 3
26 29 0 12
26 30 12 19
26 33 9 2
26 34 19 3
26 35 18 20
26 36 15 9
26 37 10 7
26 38 1 18
26 39 12 3
26 40 9 9
26 41 9 2
26 42 10 13
26 43 14 20
26 44 9 3
26 45 3 12
26 46 20 18
26 47 16 5
26 49 7 16
27 0 15 15
27 1 5 4
27 2 6 10
27 3 5 2
27 4 19 7
27 5 9 12
27 6 7 3
27 7 10 19
27 8 6 2
27 10 8 9
27 11 0 17
27 12 10 2
27 13 9 2
27 14 2 11
27 15 1 15
27 17 13 12
27 19 4 8
27 20 8 20
27 21 4 6
27 22 7 5
27 23 3 8
27 24 16 4
27 25 2 4
27 26 3 16
27 27 4 13
27 28 18 2
27 29 14 17
27 30 1 15
27 31 6 12
27 32 19 13
27 33 7 15
27 35 5 1
27 36 7 9
27 38 17 15
27 39 3 5
27 40 3 7
27 41 6 10
27 42 1 20
27 43 3 16
27 45 3 9
27 46 10 3
27 48 10 14
27 49 9 9
28 1 20 8
28 2 16 18
28 4 2 18
28 6 10 9
28 7 7 2
28 8 6 8
28 9 17 1
28 10 19 4
28 11 19 1
28 12 4 2
28 13 16 2
28 15 5 13
28 16 15 18
28 17 5 7
28 18 12 3
28 19 1 1
28 20 13 18
28 21 10 16
28 22 0 2
28 23 2 0
28 24 5 17
28 25 0 13
28 26 19 6
28 27 7 12
28 28 0 14
28 29 6 2
28 30 8 6
28 31 11 10
28 32 7 1
28 33 15 3
28 34 5 13
28 35 20 18
28 37 19 4
28 38 19 14
28 40 14 10
28 41 18 12
28 42 0 16
28 43 10 5
28 44 2 2
28 45 10 6
28 47 13 9
28 48 14 0
28 49 20 0
29 0 16 9
29 1 13 8
29 2 4 4
29 4 7 3
29 5 10 2
29 8 6 14
29 11 8 5
29 12 13 7
29 13 17 0
29 14 4 13
29 15 6 16
29 16 16 1
29 17 16 12
29 18 1 19
29 19 7 9
29 20 8 9
29 21 20 2
29 22 13 18
29 23 16 3
29 25 13 8
29 27 2 0
29 28 20 9
29 29 17 16
29 31 19 5
29 32 17 2
29 33 14 4
29 34 2 13
29 35 9 18
29 36 8 19
29 37 19 12
29 38 13 17
29 40 19 1
29 41 19 7
29 42 19 7
29 43 7 9
29 44 6 9
29 46 10 17
29 47 15 14
29 48 6 10
29 49 3 8
30 0 1 17
30 1 10 8
30 2 3 1
30 3 10 19
30 4 18 15
30 5 2 9
30 7 16 1
30 9 2 12
30 10 3 12
30 12 11 0
30 13 8 19
30 14 7 16
30 15 6 11
30 16 13 11
30 17 15 12
30 18 17 0
30 19 19 20
30 20 8 0
30 21 15 6
30 22 14 9
30 23 13 0
30 24 18 2
30 25 14 12
30 26 11 0
30 27 16 11
30 28 16 9
30 29 0 10
30 30 7 0
30 31 17 13
30 32 12 17
30 33 19 13
30 34 11 19
30 35 0 9
30 36 2 14
30 38 2 10
30 39 20 20
30 40 14 18
30 41 14 1
30 42 4 6
30 43 16 1
30 44 1 15
30 45 5 14
30 46 6 12
30 48 10 10
30 49 12 0
31 0 4 9
31 1 18 16
31 3 10 11
31 5 13 11
31 6 12 3
31 7 5 17
31 8 6 2
31 9 17 0
31 10 4 12
31 11 0 6
31 12 6 1
31 13 14 1
31 16 4 2
31 17 4 16
31 18 11 2
31 19 17 13
31 21 2 2
31 22 20 18
31 23 6 2
31 24 8 16
31 25 12 4
31 26 19 10
31 27 18 3
31 28 18 18
31 29 11 19
31 31 15 1
31 32 13 12
31 33 0 1
31 34 16 9
31 35 3 15
31 37 13 6
31 38 5 19
31 39 16 20
31 41 5 13
31 42 11 1
31 43 8 7
31 44 19 12
31 45 7 17
31 46 5 20
31 47 7 6
31 48 16 16
32 0 17 4
32 1 7 5
32 2 0 19
32 3 15 10
32 4 15 5
32 5 12 17
32 6 15 10
32 7 1 11
32 8 3 14
32 10 1 3
32 11 18 10
32 12 19 20
32 13 19 5
32 14 9 6
32 16 17 19
32 17 12 0
32 18 0 1
32 19 15 0
32 20 20 2
32 21 20 13
32 22 20 18
32 23 1 20
32 24 6 10
32 26 10 5
32 27 18 18
32 28 1 0
32 30 8 16
32 32 7 0
32 33 9 8
32 34 4 16
32 35 9 4
32 36 20 0
32 37 1 6
32 39 20 11
32 40 9 18
32 41 19 5
32 43 7 17
32 44 3 0
32 46 18 7
32 47 3 8
32 48 15 16
33 2 18 10
33 4 7 9
33 5 2 5
33 7 3 1
33 8 8 6
33 9 11 10
33 10 18 5
33 11 5 14
33 12 9 19
33 13 7 20
33 14 8 0
33 15 1 6
33 18 9 14
33 19 19 2
33 20 7 0
33 21 19 12
33 22 11 9
33 23 16 14
33 24 17 14
33 26 15 7
33 27 12 4
33 30 10 14
33 31 19 8
33 33 6 9
33 34 2 17
33 35 16 7
33 36 6 11
33 37 9 9
33 38 9 16
33 39 4 9
33 41 8 9
33 42 19 5
33 43 0 19
33 45 8 15
33 46 17 4
33 48 2 14
33 49 14 16
34 0 12 0
34 1 0 4
34 3 18 3
34 4 3 16
34 5 14 4
34 6 11 1
34 7 16 1
34 8 2 7
34 9 2 8
34 10 9 4
34 11 12 6
34 12 5 5
34 13 3 2
34 14 4 12
34 15 4 12
34 16 2 6
34 17 6 14
34 18 1 14
34 19 4 4
34 20 6 13
34 21 12 2
34 24 1 6
34 25 10 5
34 26 10 2
34 27 0 20
34 28 19 12
34 29 3 13
34 30 12 9
34 31 7 19
34 32 2 3
34 33 17 6
34 35 15 6
34 36 1 11
34 39 18 8
34 40 2 20
34 41 6 17
34 42 17 9
34 43 10 4
34 44 17 2
34 45 1 14
34 46 1 20
34 47 3 9
34 48 14 17
34 49 2 14
35 0 1 2
35 1 3 13
35 2 12 1
35 3 15 8
35 4 19 15
35 5 10 18
35 6 3 4
35 7 19 20
35 8 11 0
35 10 20 17
35 11 7 9
35 12 11 1
35 14 2 0
35 15 16 6
35 16 4 6
35 17 16 2
35 18 5 0
35 20 11 3
35 21 5 14
35 22 2 6
35 23 1 20
35 25 17 14
35 26 4 2
35 27 2 6
35 28 19 1
35 29 10 11
35 30 11 17
35 31 3 12
35 32 11 0
35 33 5 16
35 35 6 12
35 36 14 14
35 37 4 0
35 38 6 19
35 39 5 4
35 40 12 16
35 41 13 5
35 43 6 1
35 44 11 12
35 45 4 4
35 46 2 11
35 47 7 2
35 48 19 15
36 0 11 1
36 1 8 4
36 2 9 13
36 3 8 7
36 4 1 12
36 5 15 14
36 6 10 20
36 7 6 8
36 8 13 13
36 9 10 6
36 10 20 15
36 11 6 5
36 12 9 3
36 13 5 3
36 14 11 11
36 15 4 14
36 16 12 13
36 17 20 14
36 18 16 20
36 19 15 5
36 20 15 5
36 21 7 16
36 22 5 3
36 23 14 7
36 24 6 11
36 26 0 7
36 27 20 3
36 28 20 7
36 29 4 10
36 30 8 18
36 31 20 14
36 32 2 9
36 33 15 6
36 34 12 2
36 35 8 8
36 36 6 8
36 37 8 5
36 38 6 7
36 39 17 16
36 40 19 16
36 41 10 10
36 42 4 13
36 44 0 7
36 45 19 9
36 47 12 10
36 48 0 18
36 49 15 7
37 0 20 6
37 1 9 17
37 3 8 0
37 4 5 17
37 6 20 16
37 7 15 4
37 8 4 18
37 9 16 14
37 10 11 13
37 11 19 15
37 12 4 16
37 14 18 15
37 15 12 19
37 16 4 17
37 17 20 16
37 18 10 13
37 19 11 17
37 20 0 12
37 22 1 7
37 24 14 4
37 25 12 18
37 26 20 1
37 28 19 14
37 29 13 16
37 30 12 16
37 31 0 7
37 32 8 4
37 33 8 12
37 34 6 10
37 35 14 7
37 36 18 4
37 37 16 9
37 38 4 6
37 39 6 10
37 41 16 5
37 42 1 16
37 43 8 9
37 44 12 18
37 45 2 9
37 46 4 20
37 47 5 15
37 48 18 17
38 0 11 11
38 1 19 6
38 2 13 8
38 3 13 10
38 4 0 9
38 5 11 1
38 6 18 6
38 7 20 6
38 8 13 16
38 10 0 11
38 11 9 15
38 12 4 2
38 14 4 15
38 15 5 12
38 16 13 10
38 17 1 7
38 18 13 9
38 19 5 20
38 20 11 18
38 21 15 4
38 22 6 17
38 23 20 11
38 25 0 1
38 26 19 6
38 27 19 10
38 28 15 2
38 31 18 16
38 32 11 14
38 34 1 14
38 35 6 9
38 36 1 9
38 37 5 16
38 39 20 3
38 40 7 17
38 41 17 7
38 42 14 3
38 44 0 5
38 45 14 7
38 46 13 9
38 47 13 17
38 48 11 20
38 49 19 14
39 2 2 2
39 3 9 7
39 4 14 18
39 5 15 16
39 6 16 17
39 7 15 18
39 9 19 18
39 10 14 19
39 11 17 7
39 12 7 15
39 13 2 4
39 14 8 14
39 15 20 15
39 16 5 6
39 17 13 9
39 18 9 1
39 19 19 9
39 21 11 6
39 22 13 1
39 23 4 0
39 24 16 17
39 25 9 9
39 27 17 1
39 28 12 10
39 29 18 13
39 30 18 6
39 31 17 17
39 32 13 18
39 33 16 2
39 35 11 17
39 36 15 9
39 37 13 17
39 38 14 13
39 39 5 19
39 41 8 16
39 42 1 13
39 44 6 17
39 45 5 14
39 46 12 6
39 49 4 20
40 0 1 14
40 1 20 6
40 3 20 16
40 5 15 13
40 7 12 11
40 8 8 19
40 9 0 14
40 10 15 3
40 13 15 19
40 14 9 0
40 15 15 16
40 16 16 3
40 17 13 10
40 18 5 8
40 19 2 15
40 20 2 7
40 21 17 17
40 22 5 12
40 23 2 1
40 25 0 17
40 26 20 15
40 27 8 14
40 28 4 12
40 29 15 16
40 30 14 9
40 31 11 13
40 32 18 16
40 33 3 10
40 34 19 17
40 35 8 20
40 37 7 18
40 38 11 13
40 39 17 5
40 40 3 8
40 41 6 7
40 42 3 20
40 43 6 9
40 44 7 8
40 45 17 7
40 46 2 6
40 48 8 11
41 0 13 5
41 1 9 8
41 2 1 18
41 3 10 8
41 4 17 0
41 5 5 17
41 6 14 1
41 8 1 15
41 9 14 18
41 10 16 13
41 11 20 11
41 12 5 15
41 13 20 1
41 14 9 10
41 15 9 9
41 16 20 17
41 18 16 17
41 19 11 20
41 20 2 13
41 21 5 7
41 22 2 10
41 23 5 9
41 25 5 20
41 26 0 15
41 27 3 15
41 29 15 20
41 30 11 12
41 31 5 7
41 32 4 12
41 34 11 20
41 35 8 17
41 36 17 0
41 37 16 6
41 38 14 16
41 39 2 13
41 41 19 2
41 42 3 8
41 43 18 13
41 44 2 0
41 45 5 6
41 46 17 0
41 47 0 10
41 49 13 14
42 0 1 8
42 1 12 10
42 2 1 2
42 3 3 12
42 4 19 17
42 7 9 17
42 8 1 11
42 9 8 13
42 10 6 10
42 11 7 19
42 12 9 8
42 14 13 17
42 15 16 8
42 17 14 16
42 18 12 16
42 20 12 14
42 21 7 6
42 22 10 9
42 23 15 7
42 24 20 0
42 25 17 10
42 26 11 7
42 27 16 4
42 28 5 15
42 29 12 8
42 31 11 12
42 32 7 19
42 36 5 16
42 37 7 8
42 38 18 14
42 39 12 13
42 40 15 19
42 41 7 3
42 42 18 7
42 43 6 0
42 44 10 7
42 45 9 9
42 46 11 3
42 47 19 5
42 48 12 8
42 49 17 10
43 0 11 1
43 1 19 2
43 2 14 6
43 4 16 19
43 5 1 8
43 6 5 13
43 7 10 12
43 10 8 17
43 11 5 1
43 12 4 13
43 13 3 10
43 14 17 19
43 15 1 7
43 16 1 10
43 18 16 3
43 19 18 8
43 20 17 4
43 21 10 10
43 22 8 3
43 23 5 3
43 24 18 11
43 25 5 19
43 27 4 8
43 28 2 13
43 29 0 17
43 30 0 14
43 31 18 7
43 32 16 14
43 33 12 20
43 34 14 14
43 36 5 16
43 38 11 5
43 41 15 17
43 42 16 19
43 45 17 0
43 46 9 6
43 47 8 13
43 48 8 18
44 0 8 9
44 1 10 6
44 2 0 4
44 4 4 2
44 5 0 1
44 6 19 10
44 7 20 2
44 9 18 11
44 10 9 16
44 11 9 1
44 13 6 20
44 14 4 18
44 15 8 17
44 16 9 2
44 17 3 14
44 18 7 14
44 22 12 15
44 23 3 16
44 24 15 6
44 25 11 14
44 26 3 1
44 27 5 4
44 28 6 4
44 29 16 15
44 30 8 19
44 31 2 2
44 32 0 0
44 33 20 15
44 34 1 9
44 36 12 3
44 37 13 5
44 38 11 8
44 39 9 16
44 40 20 3
44 41 2 3
44 44 0 5
44 46 8 10
44 48 19 5
44 49 17 4
45 0 20 17
45 1 11 20
45 5 19 6
45 6 5 2
45 7 12 12
45 8 0 1
45 9 6 12
45 10 1 6
45 11 18 18
45 12 6 11
45 14 13 8
45 15 7 5
45 16 18 3
45 17 10 4
45 18 11 6
45 19 20 10
45 20 6 13
45 21 18 10
45 22 8 1
45 24 5 9
45 25 12 14
45 26 13 5
45 27 4 17
45 29 20 3
45 30 6 13
45 31 19 19
45 32 2 7
45 33 16 4
45 34 15 2
45 35 6 2
45 36 12 6
45 37 11 16
45 38 10 8
45 39 11 17
45 40 3 3
45 41 6 20
45 42 1 14
45 44 19 3
45 45 7 4
45 46 8 12
45 47 2 14
45 48 12 2
46 0 8 10
46 1 4 14
46 2 14 11
46 4 3 16
46 5 20 14
46 6 0 14
46 7 11 1
46 9 19 9
46 10 6 12
46 11 18 12
46 12 18 6
46 13 13 9
46 14 2 10
46 15 20 11
46 16 10 7
46 17 11 15
46 19 3 12
46 20 4 1
46 21 6 7
46 22 2 20
46 23 5 14
46 24 18 20
46 25 1 7
46 26 9 16
46 27 10 17
46 28 10 3
46 29 10 4
46 30 9 7
46 31 1 12
46 33 4 13
46 35 16 18
46 36 13 12
46 37 6 19
46 38 15 17
46 39 1 1
46 40 9 7
46 41 9 11
46 42 4 4
46 43 19 16
46 44 10 18
46 45 10 2
46 46 6 1
46 47 0 12
46 48 15 0
46 49 2 15
47 3 7 17
47 4 2 12
47 7 14 16
47 8 0 8
47 9 9 20
47 10 1 15
47 11 5 12
47 12 14 11
47 13 15 20
47 14 0 1
47 16 15 12
47 17 9 19
47 18 5 17
47 19 20 8
47 20 18 16
47 21 15 12
47 22 19 8
47 24 19 3
47 25 3 14
47 26 18 12
47 27 12 19
47 28 4 7
47 29 9 20
47 30 2 1
47 31 10 12
47 32 13 18
47 34 8 3
47 36 9 15
47 37 6 18
47 38 0 19
47 39 9 10
47 40 10 15
47 41 3 5
47 42 15 15
47 44 0 7
47 46 11 15
47 47 15 10
47 48 3 17
48 0 10 7
48 2 15 4
48 3 20 11
48 5 1 2
48 6 10 4
48 7 20 18
48 9 20 0
48 10 3 13
48 11 18 18
48 12 13 10
48 13 10 16
48 14 11 11
48 15 9 1
48 16 1 13
48 17 15 10
48 18 4 9
48 19 15 7
48 20 19 14
48 22 9 3
48 24 13 5
48 25 2 12
48 26 15 20
48 27 8 5
48 28 3 3
48 29 6 15
48 30 3 13
48 31 20 3
48 32 5 12
48 33 16 5
48 35 19 17
48 36 0 16
48 38 15 9
48 39 11 4
48 40 0 19
48 41 16 17
48 42 9 12
48 43 10 12
48 46 3 7
48 48 13 5
48 49 19 0
49 0 8 13
49 1 14 20
49 2 7 20
49 6 10 10
49 7 16 1
49 8 15 17
49 9 9 2
49 10 12 18
49 11 4 8
49 13 6 13
49 14 14 15
49 15 12 14
49 16 20 9
49 17 17 0
49 18 12 4
49 21 18 1
49 22 7 8
49 23 1 10
49 24 7 4
49 26 15 20
49 27 7 18
49 29 18 12
49 31 0 9
49 32 0 7
49 36 12 8
49 37 5 14
49 38 9 14
49 40 4 9
49 41 15 5
49 45 18 0
49 46 17 18
49 47 7 20
49 48 1 5
49 49 3 15
