50
2
0 0 10 18
0 1 9 18
0 2 14 14
0 3 12 11
0 4 19 13
0 5 3 10
0 7 16 19
0 8 8 5
0 9 7 0
0 10 10 7
0 12 4 14
0 13 14 13
0 14 16 19
0 15 9 6
0 16 10 12
0 17 9 12
0 18 17 20
0 19 5 17
0 20 14 16
0 21 5 8
0 22 17 9
0 23 20 13
0 24 10 4
0 25 20 8
0 29 2 5
0 32 8 17
0 33 19 15
0 34 15 10
0 35 1 13
0 36 15 19
0 38 2 20
0 39 0 15
0 40 19 15
0 42 13 7
0 44 9 14
0 45 15 2
0 46 0 19
0 47 1 18
0 48 5 16
0 49 4 9
1 0 6 6
1 1 8 14
1 2 13 15
1 3 9 1
1 4 19 5
1 5 20 3
1 7 14 5
1 8 8 20
1 9 14 13
1 10 12 18
1 11 2 16
1 12 3 3
1 13 8 20
1 14 12 11
1 15 19 14
1 16 18 13
1 17 10 13
1 18 2 17
1 21 16 6
1 23 8 11
1 24 9 4
1 26 18 19
1 27 9 15
1 29 19 15
1 30 8 5
1 31 10 12
1 34 1 8
1 35 18 9
1 36 17 2
1 37 10 20
1 38 11 14
1 39 19 11
1 40 13 20
1 41 10 11
1 42 1 13
1 43 16 2
1 44 17 19
1 45 9 18
1 46 7 14
1 47 7 14
1 48 11 3
1 49 17 18
2 0 5 7
2 1 17 20
2 2 13 9
2 3 5 19
2 4 10 15
2 5 5 3
2 6 11 6
2 7 4 19
2 8 3 16
2 9 1 0
2 11 17 6
2 12 3 16
2 13 15 20
2 14 2 0
2 15 13 4
2 16 1 0
2 17 14 1
2 18 9 3
2 19 20 5
2 20 11 12
2 21 2 16
2 22 2 4
2 23 12 7
2 24 4 0
2 25 13 9
2 26 16 18
2 27 18 13
2 28 10 3
2 29 19 6
2 30 2 3
2 31 14 7
2 32 8 18
2 33 13 5
2 35 20 6
2 37 9 6
2 38 10 18
2 39 18 4
2 40 18 4
2 41 19 11
2 43 2 6
2 44 0 0
2 45 13 19
2 47 11 19
2 48 19 2
3 1 10 5
3 2 16 10
3 3 12 16
3 4 18 8
3 5 7 12
3 6 9 18
3 7 17 20
3 8 2 15
3 10 17 19
3 11 5 7
3 13 1 13
3 14 13 1
3 15 4 19
3 17 20 1
3 18 7 12
3 19 7 2
3 21 15 13
3 22 15 6
3 23 12 5
3 24 6 6
3 25 5 17
3 26 8 0
3 27 20 13
3 29 5 4
3 30 13 1
3 31 20 15
3 32 16 16
3 33 1 18
3 34 19 2
3 35 8 20
3 36 5 0
3 38 17 20
3 39 0 2
3 40 7 10
3 42 14 4
3 43 3 15
3 44 15 15
3 46 19 10
3 48 12 2
4 0 9 12
4 2 10 2
4 3 19 12
4 4 7 18
4 5 9 7
4 6 12 11
4 7 20 19
4 8 13 11
4 9 3 7
4 10 7 8
4 11 15 20
4 12 7 20
4 13 11 17
4 14 1 0
4 16 14 19
4 17 14 8
4 18 11 1
4 19 18 10
4 20 12 20
4 22 6 1
4 23 13 4
4 24 7 3
4 25 10 17
4 26 6 8
4 28 7 19
4 29 15 9
4 30 0 15
4 32 12 19
4 33 6 3
4 34 14 10
4 35 0 14
4 36 6 0
4 37 5 19
4 38 10 11
4 39 4 14
4 41 16 16
4 42 6 17
4 43 5 16
4 44 8 13
4 45 16 3
4 46 1 4
4 47 1 7
4 48 5 1
4 49 8 18
5 0 9 3
5 2 12 12
5 5 13 7
5 8 10 5
5 10 10 9
5 12 20 9
5 13 20 16
5 14 16 16
5 15 16 8
5 16 8 2
5 17 7 2
5 19 15 2
5 20 15 17
5 23 3 4
5 24 18 6
5 25 0 4
5 26 20 2
5 28 8 12
5 29 20 6
5 30 19 4
5 31 14 2
5 32 10 15
5 33 2 2
5 34 14 0
5 35 13 5
5 36 15 10
5 37 18 20
5 38 15 1
5 39 3 8
5 41 13 1
5 42 10 9
5 43 7 12
5 44 10 12
5 45 20 13
5 46 6 6
5 47 11 18
5 48 12 7
5 49 19 7
6 0 5 12
6 1 13 12
6 3 10 11
6 4 12 15
6 5 4 5
6 6 0 12
6 8 6 1
6 9 15 17
6 12 16 10
6 13 15 11
6 14 8 18
6 15 19 5
6 16 3 7
6 17 16 2
6 18 16 11
6 19 5 2
6 20 3 0
6 21 15 4
6 22 4 18
6 23 2 8
6 24 7 15
6 25 11 3
6 26 12 2
6 28 0 10
6 29 12 1
6 30 3 10
6 31 4 12
6 32 2 16
6 33 20 7
6 34 9 1
6 35 13 10
6 36 19 12
6 37 20 14
6 38 4 5
6 39 12 6
6 40 17 8
6 41 2 2
6 42 7 20
6 43 15 16
6 44 1 15
6 45 5 9
6 46 5 18
6 47 18 15
6 48 2 3
7 1 8 6
7 3 6 6
7 4 4 2
7 5 12 8
7 6 1 17
7 8 2 15
7 9 1 20
7 10 18 1
7 11 17 16
7 12 18 3
7 13 18 20
7 14 1 7
7 15 5 7
7 17 2 15
7 20 4 16
7 21 16 6
7 23 9 19
7 25 7 5
7 26 12 8
7 27 17 17
7 28 16 12
7 32 6 14
7 33 12 5
7 34 19 8
7 35 8 15
7 36 12 4
7 37 14 14
7 38 11 11
7 39 1 19
7 41 16 0
7 44 3 2
7 45 8 12
7 46 0 12
7 47 2 18
7 48 13 14
7 49 18 5
8 0 11 14
8 1 7 18
8 2 7 15
8 3 4 18
8 4 0 8
8 5 19 0
8 6 2 3
8 7 18 16
8 8 11 1
8 9 2 7
8 10 7 3
8 12 10 10
8 14 7 1
8 15 16 10
8 16 6 2
8 18 0 5
8 19 8 7
8 23 5 19
8 24 2 14
8 27 9 5
8 30 17 4
8 31 13 5
8 32 9 0
8 34 16 20
8 35 6 20
8 36 1 15
8 37 12 11
8 38 12 3
8 40 13 6
8 41 7 2
8 42 7 7
8 43 20 2
8 44 1 12
8 45 10 18
8 46 17 4
8 47 1 16
8 48 8 5
8 49 2 13
9 0 3 20
9 1 5 1
9 2 9 11
9 4 15 3
9 5 2 3
9 6 6 18
9 7 0 8
9 8 2 7
9 9 11 7
9 10 8 9
9 11 18 16
9 12 16 3
9 13 6 13
9 14 19 4
9 15 2 11
9 16 19 10
9 17 3 5
9 18 13 14
9 21 1 13
9 22 12 0
9 23 16 7
9 24 5 9
9 25 19 12
9 26 1 20
9 27 12 15
9 28 6 13
9 29 4 20
9 30 19 15
9 31 3 4
9 34 3 20
9 37 12 14
9 38 10 9
9 39 10 7
9 40 16 5
9 41 14 17
9 42 3 3
9 43 2 13
9 44 16 9
9 45 15 1
9 46 4 7
9 47 10 16
9 48 19 17
9 49 8 12
10 0 11 20
10 1 20 8
10 2 6 8
10 3 6 20
10 4 9 13
10 5 13 19
10 6 15 3
10 7 3 19
10 8 10 14
10 9 5 14
10 10 11 13
10 11 3 7
10 12 0 15
10 14 8 0
10 15 14 3
10 17 8 10
10 19 6 12
10 20 16 16
10 21 3 9
10 22 13 10
10 23 12 18
10 25 10 7
10 26 2 8
10 28 12 2
10 29 0 8
10 30 2 13
10 32 1 16
10 33 4 15
10 36 13 10
10 37 10 18
10 45 19 6
10 46 5 19
10 48 7 15
10 49 5 9
11 1 2 7
11 2 5 15
11 3 4 16
11 4 15 10
11 5 5 13
11 6 10 8
11 7 6 11
11 9 12 12
11 10 12 2
11 11 12 16
11 12 15 1
11 14 11 5
11 15 4 3
11 16 5 16
11 17 5 1
11 18 18 20
11 19 8 19
11 20 15 20
11 21 15 16
11 23 4 19
11 25 17 8
11 26 17 8
11 27 9 7
11 29 11 12
11 31 7 4
11 32 17 18
11 34 16 19
11 35 6 1
11 36 3 6
11 37 15 8
11 39 10 10
11 40 18 18
11 41 16 8
11 42 18 11
11 43 1 3
11 44 11 7
11 45 15 17
11 46 13 15
11 47 20 4
11 48 17 19
12 0 17 15
12 1 16 4
12 2 1 0
12 3 13 8
12 4 18 17
12 5 16 10
12 6 15 0
12 7 17 11
12 8 19 11
12 9 11 10
12 10 6 0
12 11 9 1
12 12 3 9
12 13 18 13
12 14 7 19
12 15 14 18
12 16 18 19
12 17 3 20
12 18 7 7
12 19 2 19
12 20 18 10
12 21 18 2
12 22 5 10
12 23 19 19
12 24 9 6
12 25 4 11
12 29 1 19
12 30 18 9
12 31 11 15
12 32 8 20
12 34 10 10
12 35 6 8
12 38 0 11
12 39 3 10
12 41 18 11
12 42 12 17
12 46 1 1
12 47 6 15
12 48 20 8
12 49 0 19
13 0 19 3
13 1 10 11
13 4 0 3
13 6 9 2
13 8 11 3
13 11 6 12
13 12 13 10
13 16 10 14
13 17 1 18
13 18 11 19
13 19 12 8
13 20 10 13
13 21 20 8
13 22 9 8
13 23 1 14
13 24 9 1
13 25 18 4
13 26 16 10
13 27 18 1
13 30 0 4
13 31 20 13
13 33 7 1
13 34 14 5
13 36 9 10
13 37 14 3
13 38 20 2
13 39 0 12
13 41 4 0
13 42 16 10
13 43 19 1
13 45 11 20
13 46 6 13
13 47 17 6
13 48 1 15
13 49 3 11
14 0 13 20
14 1 19 11
14 2 14 10
14 3 2 15
14 5 19 5
14 6 4 7
14 7 19 2
14 9 6 1
14 10 2 20
14 11 13 8
14 12 16 2
14 13 14 13
14 15 10 15
14 16 15 9
14 17 1 6
14 19 13 3
14 20 3 20
14 21 0 10
14 22 5 9
14 24 10 7
14 25 9 10
14 26 18 6
14 27 0 10
14 28 0 0
14 29 8 6
14 30 7 3
14 32 11 12
14 33 16 16
14 34 12 20
14 35 1 3
14 36 20 7
14 37 5 1
14 38 6 19
14 39 18 4
14 40 14 20
14 41 3 3
14 42 10 4
14 44 4 7
14 45 1 7
14 46 16 11
14 47 15 13
14 49 9 6
15 0 0 3
15 1 15 14
15 2 10 11
15 3 6 13
15 5 10 19
15 6 6 15
15 7 14 18
15 8 3 3
15 9 18 8
15 10 3 15
15 11 13 9
15 12 8 10
15 13 15 1
15 14 15 15
15 15 20 18
15 18 13 19
15 19 5 6
15 20 3 19
15 21 9 13
15 23 9 20
15 24 14 2
15 26 8 20
15 27 15 6
15 28 16 3
15 29 1 3
15 30 7 15
15 31 1 9
15 32 14 20
15 34 2 20
15 35 14 11
15 36 2 15
15 38 14 11
15 40 13 1
15 41 9 11
15 43 6 0
15 44 18 1
15 45 8 11
15 46 15 1
15 47 16 16
15 48 20 13
16 0 7 19
16 1 11 9
16 2 9 20
16 3 17 0
16 6 5 10
16 7 8 11
16 8 10 18
16 9 7 17
16 10 18 0
16 11 15 14
16 12 12 11
16 13 10 2
16 15 7 12
16 17 11 1
16 18 19 0
16 19 2 1
16 20 5 6
16 21 13 14
16 22 20 1
16 23 6 0
16 25 8 20
16 26 14 12
16 27 13 15
16 28 4 6
16 29 9 8
16 30 18 20
16 31 12 2
16 32 1 20
16 33 16 13
16 34 4 9
16 35 4 2
16 37 20 6
16 38 15 9
16 39 13 13
16 40 1 2
16 41 14 14
16 42 2 14
16 43 11 9
16 45 15 12
16 46 18 12
16 47 18 19
16 48 11 7
17 0 19 2
17 1 0 1
17 2 15 0
17 3 14 10
17 4 5 11
17 6 17 9
17 7 7 15
17 8 17 8
17 9 14 17
17 10 13 6
17 11 10 6
17 12 14 7
17 14 13 16
17 15 15 5
17 17 8 6
17 18 16 1
17 19 17 10
17 20 12 6
17 21 20 11
17 22 14 9
17 23 1 19
17 24 1 14
17 25 15 19
17 28 17 12
17 29 20 6
17 30 4 1
17 31 20 8
17 32 10 19
17 33 0 17
17 34 15 4
17 35 18 9
17 36 6 20
17 37 16 12
17 38 11 20
17 39 8 12
17 40 4 11
17 41 15 8
17 42 18 13
17 43 12 12
17 45 6 11
17 46 15 1
17 47 2 20
17 48 6 13
17 49 15 11
18 0 1 17
18 2 16 2
18 3 11 7
18 4 9 12
18 5 1 7
18 6 10 9
18 7 10 15
18 9 4 14
18 10 12 15
18 11 11 4
18 12 19 12
18 14 6 16
18 16 9 19
18 17 1 5
18 18 15 6
18 19 17 10
18 20 9 2
18 21 3 6
18 22 2 10
18 23 7 6
18 24 12 2
18 25 20 12
18 26 11 14
18 27 7 1
18 29 9 20
18 31 6 2
18 32 4 14
18 33 1 15
18 37 16 14
18 38 11 3
18 39 17 17
18 40 17 9
18 42 11 18
18 43 11 11
18 45 9 19
18 46 6 1
18 47 16 3
18 48 19 19
18 49 1 4
19 0 10 20
19 1 11 6
19 2 20 13
19 3 11 1
19 4 13 1
19 5 14 11
19 6 6 6
19 7 3 15
19 8 17 9
19 10 0 14
19 11 9 10
19 12 3 17
19 13 8 6
19 14 0 17
19 16 14 17
19 18 12 18
19 19 17 13
19 20 18 6
19 22 6 9
19 23 10 14
19 26 14 11
19 27 12 0
19 28 0 15
19 29 7 13
19 30 13 12
19 31 0 15
19 32 18 2
19 34 8 2
19 35 10 8
19 36 11 9
19 38 17 3
19 39 20 10
19 40 4 12
19 41 1 0
19 42 6 11
19 43 12 11
19 44 14 12
19 45 17 15
19 46 2 19
19 47 10 8
19 48 18 0
19 49 18 3
20 1 12 0
20 2 1 4
20 3 16 9
20 4 15 14
20 5 19 0
20 6 1 20
20 7 9 3
20 8 0 20
20 9 14 18
20 10 2 3
20 11 13 12
20 12 20 13
20 13 6 11
20 14 9 12
20 16 1 19
20 17 3 5
20 18 12 19
20 19 12 17
20 20 15 9
20 21 11 2
20 22 9 18
20 23 3 15
20 24 13 10
20 25 1 16
20 26 5 20
20 27 11 20
20 29 6 7
20 31 14 1
20 32 1 16
20 33 2 13
20 34 9 9
20 36 6 3
20 37 4 4
20 38 17 6
20 39 8 6
20 40 19 15
20 41 11 11
20 42 1 20
20 43 11 17
20 44 7 14
20 45 10 8
20 47 6 2
20 48 2 4
20 49 0 12
21 0 19 20
21 1 18 10
21 2 16 13
21 3 1 15
21 5 20 9
21 7 14 14
21 10 3 14
21 12 1 19
21 13 10 4
21 14 9 11
21 15 3 8
21 16 11 12
21 17 16 8
21 18 3 11
21 20 4 3
21 22 5 8
21 23 12 20
21 24 4 18
21 25 11 20
21 26 8 11
21 27 0 18
21 28 16 17
21 29 9 1
21 30 7 12
21 31 7 15
21 33 0 3
21 34 18 14
21 35 7 9
21 36 10 8
21 37 4 9
21 39 19 15
21 41 6 20
21 42 14 9
21 43 6 11
21 44 14 18
21 45 6 17
21 47 6 9
21 48 10 2
21 49 4 6
22 0 10 19
22 1 14 19
22 2 3 2
22 3 10 8
22 6 2 9
22 7 2 12
22 8 5 7
22 10 2 10
22 11 2 15
22 12 13 14
22 13 3 5
22 14 11 16
22 15 20 3
22 16 20 20
22 18 11 19
22 20 4 6
22 21 1 2
22 22 9 14
22 23 13 19
22 24 9 18
22 26 15 1
22 27 14 10
22 28 11 3
22 29 19 13
22 30 13 10
22 31 15 15
22 32 4 3
22 33 12 11
22 34 2 15
22 35 6 20
22 36 14 17
22 37 5 20
22 38 4 10
22 39 14 11
22 41 3 18
22 43 1 14
22 44 1 10
22 45 10 7
22 46 6 19
22 47 5 18
22 48 11 14
22 49 7 10
23 0 15 0
23 2 14 3
23 3 10 19
23 4 12 5
23 5 10 11
23 6 15 18
23 7 9 6
23 8 5 20
23 9 6 10
23 11 7 17
23 12 19 6
23 13 3 15
23 14 18 19
23 15 4 14
23 16 2 16
23 17 8 6
23 18 4 4
23 19 2 9
23 20 15 14
23 21 0 4
23 22 19 4
23 23 9 12
23 24 12 4
23 25 20 1
23 26 8 4
23 28 7 0
23 29 12 1
23 30 16 18
23 31 15 6
23 32 20 1
23 34 13 4
23 36 14 13
23 37 5 1
23 38 9 14
23 39 3 6
23 40 1 1
23 41 3 9
23 43 4 15
23 44 5 14
23 45 16 3
23 46 16 20
23 47 7 16
23 48 3 11
23 49 1 14
24 0 2 18
24 2 6 11
24 3 11 8
24 4 18 13
24 5 17 11
24 6 17 11
24 7 4 11
24 8 7 4
24 9 11 9
24 10 3 16
24 13 12 10
24 14 15 14
24 15 10 9
24 16 0 16
24 18 18 2
24 19 17 9
24 20 18 19
24 21 2 0
24 22 3 7
24 23 16 4
24 24 18 10
24 25 2 12
24 26 9 11
24 28 0 4
24 29 20 3
24 31 9 14
24 32 0 8
24 33 10 19
24 35 0 5
24 36 5 17
24 39 0 1
24 40 10 2
24 41 20 2
24 43 19 20
24 44 20 2
24 45 2 14
24 46 1 17
24 47 20 20
24 48 12 12
24 49 3 16
25 0 0 11
25 1 17 20
25 2 6 17
25 3 9 14
25 4 8 14
25 5 11 14
25 6 7 9
25 7 8 11
25 11 1 16
25 12 4 13
25 13 20 16
25 15 8 8
25 17 19 1
25 21 10 17
25 22 4 17
25 23 2 12
25 24 12 0
25 25 16 3
25 27 9 5
25 28 10 0
25 29 2 12
25 30 19 15
25 31 13 10
25 32 1 19
25 33 2 7
25 34 15 12
25 36 17 10
25 37 2 2
25 38 6 15
25 39 8 17
25 40 12 10
25 42 5 4
25 43 15 0
25 46 18 9
25 47 0 5
25 48 9 4
25 49 17 10
26 0 5 3
26 1 12 10
26 2 12 12
26 3 4 1
26 4 15 17
26 5 0 4
26 6 2 2
26 7 8 6
26 9 7 19
26 10 7 8
26 11 20 20
26 12 3 8
26 14 7 19
26 16 7 11
26 17 17 11
26 18 19 19
26 19 6 20
26 20 20 2
26 21 17 9
26 23 1 12
26 24 11 19
26 25 16 10
26 26 6 7
26 27 18 17
26 28 2 12
26 29 7 0
26 30 9 13
26 31 12 6
26 32 4 20
26 33 20 0
26 34 4 20
26 36 6 0
26 37 5 3
26 40 11 14
26 41 14 16
26 43 10 2
26 45 5 11
26 46 16 13
26 47 13 5
26 48 1 5
26 49 0 4
27 2 8 10
27 4 6 19
27 5 3 17
27 6 0 15
27 7 8 6
27 8 10 13
27 11 13 19
27 12 11 3
27 13 7 13
27 14 2 14
27 15 10 17
27 16 8 2
27 17 8 7
27 18 3 15
27 19 16 14
27 20 4 13
27 21 20 13
27 22 20 5
27 24 6 14
27 25 18 20
27 26 12 16
27 27 20 4
27 28 7 1
27 30 17 4
27 32 12 4
27 35 5 2
27 36 0 20
27 38 9 18
27 39 8 1
27 40 9 19
27 41 6 16
27 42 4 12
27 43 12 11
27 44 20 14
27 45 2 12
27 47 11 2
27 48 8 4
27 49 16 10
28 0 15 1
28 1 5 15
28 2 19 20
28 3 5 9
28 4 6 3
28 5 15 8
28 6 8 13
28 8 2 2
28 9 1 8
28 10 5 5
28 11 18 6
28 12 0 3
28 13 20 18
28 15 7 9
28 17 16 12
28 18 9 9
28 19 13 20
28 20 6 6
28 21 4 8
28 22 5 11
28 23 3 12
28 24 8 16
28 25 4 3
28 26 15 14
28 29 18 19
28 30 19 4
28 31 5 3
28 32 11 15
28 36 5 3
28 37 7 7
28 38 2 9
28 39 7 16
28 40 7 13
28 41 17 13
28 42 16 13
28 43 3 13
28 44 18 2
28 45 20 8
28 47 0 6
28 48 18 13
28 49 7 10
29 0 6 18
29 1 16 11
29 2 13 13
29 3 17 3
29 4 7 16
29 5 6 14
29 6 17 8
29 8 2 17
29 10 2 11
29 11 9 5
29 12 12 3
29 13 5 8
29 14 15 13
29 15 17 14
29 16 2 14
29 17 15 8
29 18 18 13
29 19 11 19
29 20 19 18
29 21 18 9
29 22 11 12
29 23 8 16
29 24 14 6
29 25 9 2
29 26 1 8
29 27 13 13
29 28 17 2
29 29 12 5
29 30 14 12
29 31 13 3
29 32 14 8
29 33 12 16
29 34 11 8
29 35 15 7
29 36 3 17
29 38 10 10
29 39 18 9
29 40 16 2
29 41 13 10
29 42 2 15
29 43 19 17
29 45 5 2
29 47 12 15
29 48 19 18
30 0 4 19
30 4 2 8
30 6 19 8
30 9 20 0
30 11 17 14
30 13 15 10
30 16 5 8
30 17 16 5
30 18 7 16
30 19 13 0
30 20 12 0
30 21 14 5
30 23 2 15
30 24 8 15
30 25 13 5
30 26 2 15
30 28 13 2
30 29 17 12
30 30 4 16
30 32 16 19
30 33 9 1
30 34 6 2
30 35 12 5
30 36 2 17
30 37 10 17
30 38 3 2
30 40 16 15
30 41 3 5
30 42 6 10
30 43 6 19
30 44 16 12
30 45 20 4
30 46 9 19
30 47 6 6
30 48 3 16
30 49 12 2
31 1 15 20
31 2 8 20
31 3 2 12
31 4 19 9
31 5 15 13
31 6 14 8
31 8 13 11
31 9 2 10
31 10 16 5
31 11 3 9
31 12 9 5
31 13 2 3
31 14 16 12
31 15 4 15
31 16 17 13
31 17 10 20
31 18 19 10
31 19 15 15
31 20 15 16
31 21 9 15
31 22 15 3
31 23 13 11
31 25 1 13
31 26 6 17
31 27 10 19
31 28 13 13
31 29 14 1
31 30 0 11
31 33 1 5
31 38 1 19
31 39 9 0
31 40 3 12
31 41 6 7
31 43 9 9
31 44 10 4
31 45 1 16
31 46 19 1
31 47 19 18
31 48 20 17
31 49 1 1
32 0 4 4
32 1 6 8
32 2 8 8
32 3 19 6
32 4 15 17
32 5 16 10
32 6 12 3
32 7 1 18
32 9 20 3
32 11 18 15
32 13 15 18
32 16 18 20
32 17 12 2
32 20 7 5
32 21 8 5
32 25 16 11
32 28 5 14
32 30 12 20
32 31 14 2
32 32 6 6
32 33 16 19
32 34 10 13
32 35 18 12
32 36 5 12
32 38 18 6
32 39 13 6
32 40 11 5
32 43 9 3
32 44 17 8
32 45 2 1
32 46 6 10
32 48 5 11
33 0 20 13
33 4 14 13
33 5 14 0
33 6 0 4
33 7 3 19
33 11 18 8
33 13 18 14
33 15 5 1
33 16 7 15
33 18 12 5
33 19 7 6
33 22 20 7
33 23 11 10
33 24 17 11
33 25 0 0
33 26 3 16
33 27 7 10
33 28 5 10
33 31 17 13
33 32 4 13
33 33 12 19
33 34 14 18
33 35 7 17
33 36 16 9
33 37 9 5
33 38 8 1
33 40 5 16
33 42 3 3
33 43 0 14
33 44 13 6
33 45 17 3
33 46 9 8
33 47 6 10
33 48 16 0
34 0 19 8
34 1 14 20
34 4 12 1
34 6 0 0
34 7 17 2
34 8 17 15
34 9 0 0
34 10 16 13
34 11 20 9
34 12 10 12
34 14 7 7
34 17 18 3
34 18 20 0
34 19 6 19
34 20 15 12
34 21 4 6
34 22 2 7
34 23 10 15
34 24 18 17
34 25 20 7
34 26 19 5
34 27 10 5
34 28 3 9
34 29 3 14
34 30 7 11
34 31 9 14
34 32 7 12
34 33 8 0
34 34 20 4
34 35 16 9
34 36 12 3
34 37 18 18
34 39 0 15
34 40 5 18
34 42 2 16
34 43 0 6
34 44 11 0
34 46 10 10
34 47 17 11
34 48 16 3
34 49 16 11
35 0 11 2
35 1 8 9
35 2 15 5
35 3 10 19
35 4 9 9
35 5 18 4
35 6 18 3
35 7 18 2
35 8 3 19
35 9 12 13
35 10 10 0
35 11 8 7
35 12 18 0
35 13 20 10
35 15 19 5
35 16 11 8
35 18 19 8
35 19 7 6
35 20 1 20
35 21 4 9
35 22 16 17
35 23 8 4
35 24 10 15
35 25 15 5
35 26 16 10
35 27 15 11
35 29 9 14
35 30 0 17
35 31 18 7
35 32 13 13
35 33 8 14
35 34 13 8
35 35 14 12
35 36 1 3
35 37 16 15
35 38 2 8
35 39 9 14
35 40 15 6
35 41 9 15
35 42 6 11
35 43 5 3
35 44 10 1
35 45 13 13
35 46 2 16
35 47 16 1
35 49 5 11
36 0 17 17
36 1 8 18
36 2 18 11
36 5 13 16
36 6 0 14
36 7 4 10
36 8 17 2
36 9 19 20
36 10 20 7
36 11 11 5
36 13 13 6
36 14 4 16
36 15 4 16
36 16 8 7
36 17 18 20
36 18 16 2
36 19 16 12
36 20 18 12
36 21 20 18
36 22 6 4
36 24 0 14
36 26 19 19
36 27 5 8
36 28 6 8
36 29 10 5
36 31 1 5
36 32 4 17
36 33 6 11
36 34 20 11
36 35 19 7
36 36 4 10
36 38 17 15
36 39 19 13
36 40 2 0
36 43 0 7
36 44 9 5
36 45 12 10
36 46 3 3
36 48 7 11
36 49 1 19
37 0 4 19
37 1 0 8
37 2 9 13
37 3 11 11
37 4 6 14
37 5 16 20
37 6 17 8
37 7 14 14
37 8 14 1
37 9 12 1
37 10 16 11
37 11 4 12
37 12 8 5
37 13 6 4
37 15 8 5
37 16 6 12
37 17 14 12
37 18 13 11
37 19 2 17
37 20 19 14
37 21 6 17
37 22 10 7
37 23 1 10
37 24 17 9
37 25 3 15
37 26 11 4
37 29 20 2
37 30 10 14
37 32 3 14
37 33 3 13
37 35 5 3
37 36 4 4
37 37 4 10
37 38 16 13
37 39 12 2
37 40 1 7
37 41 0 9
37 42 11 11
37 43 19 3
37 45 11 8
37 46 16 8
37 47 18 0
37 48 18 13
38 0 6 6
38 1 6 6
38 2 18 4
38 3 9 13
38 5 7 14
38 6 5 18
38 7 4 7
38 8 17 1
38 9 5 0
38 10 14 7
38 11 14 17
38 12 5 9
38 14 4 12
38 15 12 9
38 16 6 13
38 18 15 6
38 19 9 4
38 20 7 13
38 21 20 6
38 22 16 4
38 23 20 2
38 24 7 9
38 25 15 6
38 26 2 17
38 27 14 17
38 28 0 0
38 30 0 0
38 32 2 1
38 33 0 0
38 34 7 10
38 35 20 20
38 36 11 10
38 37 6 16
38 38 2 3
38 39 20 13
38 40 10 4
38 41 20 5
38 42 6 8
38 44 12 13
38 45 11 14
38 46 15 0
38 47 14 16
38 48 2 12
39 1 14 10
39 2 4 8
39 4 2 13
39 8 10 14
39 9 11 9
39 12 4 12
39 13 6 12
39 15 13 4
39 18 12 1
39 20 7 9
39 22 8 17
39 23 14 18
39 24 15 11
39 25 1 13
39 26 14 19
39 27 2 7
39 28 8 8
39 29 6 17
39 30 5 13
39 32 18 5
39 33 18 12
39 34 8 18
39 35 2 12
39 36 1 15
39 37 17 17
39 38 6 6
39 39 7 10
39 40 19 10
39 41 8 10
39 42 13 5
39 43 5 5
39 44 18 16
39 45 10 16
39 48 1 14
39 49 9 4
40 0 17 19
40 1 12 5
40 2 11 11
40 3 1 7
40 5 4 13
40 6 1 1
40 7 20 16
40 9 13 1
40 10 10 18
40 11 3 5
40 12 2 14
40 13 4 7
40 14 5 19
40 15 15 1
40 16 5 18
40 17 17 7
40 18 3 12
40 19 15 0
40 20 18 1
40 21 20 14
40 22 6 12
40 23 2 10
40 24 4 19
40 25 1 0
40 26 6 15
40 27 6 1
40 29 12 20
40 30 6 16
40 31 8 20
40 32 4 14
40 33 1 7
40 34 12 15
40 35 19 1
40 36 3 18
40 37 3 19
40 40 1 0
40 41 4 12
40 42 20 6
40 43 16 10
40 44 9 5
40 46 3 2
40 47 3 5
40 48 2 13
40 49 18 12
41 1 5 14
41 2 1 18
41 3 7 13
41 4 12 11
41 5 20 17
41 7 6 18
41 8 15 16
41 10 13 17
41 11 9 15
41 14 19 15
41 15 5 17
41 16 18 18
41 18 2 15
41 19 2 8
41 20 12 13
41 21 19 2
41 23 6 16
41 24 12 4
41 25 0 8
41 27 15 14
41 28 6 2
41 29 12 9
41 30 7 16
41 32 12 12
41 33 19 20
41 34 7 12
41 35 19 4
41 36 3 6
41 38 11 12
41 39 14 16
41 40 16 12
41 41 7 14
41 42 6 7
41 44 10 5
41 45 12 6
41 47 20 18
41 48 3 6
41 49 20 14
42 0 15 7
42 2 18 17
42 3 16 14
42 4 16 12
42 5 20 16
42 6 13 18
42 8 1 9
42 9 9 14
42 11 16 19
42 12 2 5
42 13 5 1
42 15 0 11
42 17 16 19
42 18 12 5
42 19 1 7
42 21 16 2
42 22 1 0
42 23 15 20
42 24 20 0
42 26 2 16
42 27 6 19
42 28 13 15
42 29 6 4
42 30 12 13
42 31 3 13
42 32 3 11
42 33 5 5
42 34 8 3
42 35 6 7
42 36 2 16
42 37 13 9
42 40 6 6
42 41 14 10
42 42 10 5
42 44 19 0
42 45 16 16
42 47 13 19
42 48 0 11
42 49 1 1
43 0 2 10
43 1 19 14
43 2 0 16
43 3 4 1
43 5 1 1
43 6 10 4
43 7 1 1
43 8 1 12
43 9 11 1
43 10 8 4
43 11 19 7
43 12 17 1
43 13 17 2
43 16 5 16
43 17 12 4
43 18 19 12
43 19 9 9
43 20 19 2
43 22 10 10
43 23 18 13
43 26 16 7
43 27 5 9
43 29 14 8
43 30 2 20
43 32 18 2
43 33 13 5
43 35 14 5
43 36 6 2
43 37 8 5
43 38 19 20
43 39 19 9
43 40 5 5
43 41 8 13
43 43 18 9
43 45 3 2
43 46 2 9
43 47 0 5
43 48 12 12
43 49 15 18
44 0 3 16
44 2 16 17
44 3 2 0
44 5 19 5
44 6 2 17
44 7 1 6
44 9 8 16
44 10 18 8
44 11 16 8
44 12 14 14
44 13 10 16
44 14 9 9
44 15 3 9
44 16 0 18
44 17 0 8
44 18 19 16
44 19 19 18
44 21 14 7
44 22 17 9
44 24 3 1
44 25 7 8
44 26 4 8
44 29 12 12
44 30 12 20
44 31 1 4
44 32 17 14
44 33 17 9
44 35 0 17
44 36 9 5
44 38 9 1
44 39 0 19
44 40 20 1
44 42 13 17
44 43 0 2
44 44 4 18
44 45 15 10
44 46 11 11
44 47 17 15
44 48 8 0
44 49 4 8
45 0 11 11
45 1 10 5
45 2 11 19
45 3 6 13
45 4 5 17
45 5 8 19
45 6 8 13
45 7 6 0
45 8 13 8
45 9 2 4
45 10 3 1
45 11 19 4
45 12 17 20
45 13 6 8
45 15 10 9
45 16 20 6
45 17 1 20
45 18 10 18
45 20 16 4
45 22 3 18
45 23 9 14
45 24 8 20
45 25 18 18
45 26 9 7
45 27 7 9
45 28 14 17
45 29 14 4
45 30 0 6
45 31 20 6
45 32 2 5
45 34 10 8
45 35 9 5
45 36 7 3
45 37 10 11
45 38 17 15
45 40 8 18
45 41 20 11
45 42 3 8
45 44 8 8
45 45 18 16
45 46 7 18
45 47 7 8
45 48 19 1
45 49 15 17
46 0 13 12
46 1 2 1
46 2 11 18
46 3 0 11
46 5 7 11
46 6 9 2
46 7 5 14
46 8 9 0
46 9 11 4
46 10 19 10
46 12 12 0
46 13 2 14
46 14 6 0
46 15 19 15
46 16 2 7
46 17 9 11
46 18 1 19
46 19 10 14
46 20 6 12
46 21 9 9
46 22 9 10
46 24 19 1
46 25 0 20
46 26 13 6
46 27 10 6
46 28 2 13
46 30 9 17
46 31 19 5
46 32 17 4
46 33 10 8
46 34 11 4
46 35 16 1
46 37 11 3
46 38 8 12
46 39 13 20
46 40 12 8
46 41 16 9
46 42 20 19
46 43 17 4
46 44 16 14
46 45 13 11
46 46 12 4
46 48 8 3
46 49 2 0
47 1 3 7
47 3 9 6
47 4 10 5
47 5 0 18
47 6 8 20
47 7 15 1
47 8 12 11
47 9 3 13
47 10 9 15
47 11 16 5
47 12 16 13
47 13 2 16
47 14 11 11
47 15 20 2
47 16 15 18
47 17 2 5
47 18 6 11
47 19 11 19
47 20 0 12
47 21 17 0
47 23 17 12
47 24 10 7
47 25 9 18
47 27 9 18
47 29 1 8
47 30 16 13
47 31 19 8
47 32 15 5
47 33 8 1
47 34 16 3
47 35 1 14
47 37 16 16
47 38 2 4
47 40 20 9
47 41 11 16
47 42 1 20
47 43 6 6
47 44 2 17
47 45 8 3
47 46 7 14
47 47 0 10
48 0 17 16
48 3 17 4
48 4 16 0
48 5 8 15
48 6 6 1
48 7 9 4
48 8 15 5
48 9 0 20
48 10 5 20
48 12 0 15
48 13 17 20
48 14 9 1
48 15 13 4
48 16 8 12
48 17 19 16
48 18 5 20
48 19 11 13
48 20 20 4
48 21 8 7
48 22 15 9
48 27 3 14
48 29 13 17
48 30 19 3
48 31 17 0
48 32 10 0
48 33 15 1
48 34 19 18
48 36 1 0
48 37 20 15
48 38 8 19
48 39 6 0
48 41 11 16
48 42 20 5
48 43 15 1
48 44 5 8
48 45 20 14
48 46 15 15
48 47 16 5
48 49 9 12
49 0 6 18
49 1 20 15
49 2 16 2
49 6 8 7
49 7 5 5
49 8 17 20
49 10 19 3
49 11 2 15
49 12 6 1
49 13 2 14
49 14 0 0
49 15 0 2
49 16 6 19
49 17 14 4
49 18 2 4
49 19 12 18
49 20 1 5
49 21 8 3
49 22 12 10
49 23 15 5
49 24 18 10
49 27 5 15
49 28 13 17
49 29 14 11
49 30 6 14
49 31 8 3
49 32 14 7
49 33 19 19
49 34 10 14
49 35 18 14
49 36 1 1
49 37 18 1
49 38 2 14
49 39 2 7
49 40 13 19
49 43 18 4
49 44 7 6
49 45 15 5
49 46 5 3
49 48 6 11
