50
2
0 0 13 15
0 1 15 18
0 2 18 13
0 4 8 11
0 5 0 0
0 6 19 10
0 9 11 7
0 11 0 6
0 12 19 10
0 13 6 18
0 14 5 10
0 15 9 16
0 19 3 16
0 20 17 13
0 21 10 15
0 23 11 6
0 24 13 20
0 27 4 17
0 28 18 10
0 29 12 3
0 30 0 12
0 31 10 4
0 32 5 1
0 33 6 18
0 34 17 5
0 35 3 15
0 38 16 12
0 39 6 11
0 40 1 0
0 42 7 6
0 43 9 20
0 44 11 2
0 45 1 0
0 46 7 19
0 47 15 11
0 48 17 1
0 49 16 17
1 0 7 16
1 1 6 14
1 2 17 3
1 3 20 19
1 5 17 16
1 7 1 19
1 8 12 3
1 9 18 14
1 10 5 15
1 11 15 17
1 12 8 4
1 14 17 2
1 15 18 9
1 16 9 15
1 17 1 6
1 18 19 0
1 20 9 0
1 21 12 13
1 23 14 4
1 24 1 18
1 27 7 7
1 28 6 12
1 29 6 2
1 30 11 2
1 34 18 1
1 38 13 14
1 39 7 17
1 41 17 10
1 42 12 11
1 43 4 5
1 44 1 15
1 45 1 6
1 46 2 4
1 47 4 9
1 48 10 11
1 49 20 0
2 0 4 9
2 1 6 14
2 2 1 10
2 3 10 1
2 6 4 2
2 7 9 4
2 8 0 1
2 9 4 13
2 10 1 10
2 12 17 11
2 13 13 4
2 14 15 15
2 15 5 6
2 16 15 8
2 17 14 3
2 18 3 12
2 19 12 3
2 20 20 16
2 21 4 7
2 22 17 12
2 23 9 2
2 24 6 8
2 27 13 19
2 28 2 15
2 29 5 7
2 30 9 5
2 31 12 20
2 32 11 16
2 33 20 8
2 34 13 18
2 38 15 9
2 40 17 17
2 42 4 0
2 46 1 19
2 48 18 15
2 49 3 3
3 0 13 15
3 1 17 6
3 2 19 3
3 3 5 3
3 4 18 18
3 5 5 10
3 6 12 20
3 8 9 4
3 9 11 13
3 10 15 14
3 11 2 1
3 12 13 11
3 14 16 14
3 15 19 6
3 16 2 17
3 17 12 9
3 18 14 12
3 19 5 10
3 20 0 1
3 21 0 13
3 23 4 3
3 24 4 7
3 25 12 5
3 30 19 5
3 31 19 13
3 33 3 18
3 34 16 0
3 35 7 10
3 36 15 13
3 37 5 17
3 38 4 12
3 39 16 11
3 40 2 19
3 41 9 2
3 42 11 16
3 43 10 9
3 45 7 19
3 46 9 0
3 47 5 1
3 48 20 7
3 49 16 2
4 3 11 20
4 4 4 16
4 6 3 10
4 7 12 5
4 8 1 11
4 9 1 3
4 11 4 5
4 14 14 10
4 15 16 19
4 17 2 16
4 18 13 13
4 19 7 7
4 21 18 11
4 23 3 15
4 24 16 20
4 26 12 1
4 28 17 14
4 29 13 20
4 31 2 11
4 32 15 2
4 33 19 9
4 34 18 16
4 35 20 8
4 36 18 19
4 38 5 18
4 40 10 10
4 41 5 4
4 43 14 14
4 44 1 1
4 46 8 13
4 47 2 18
4 48 18 16
4 49 0 6
5 0 10 7
5 2 9 6
5 3 3 1
5 4 0 11
5 5 14 0
5 6 5 4
5 8 4 2
5 9 14 20
5 10 4 9
5 11 17 9
5 12 10 3
5 13 19 14
5 15 13 16
5 16 5 14
5 18 17 16
5 21 9 20
5 23 4 15
5 25 2 6
5 26 0 2
5 27 17 17
5 28 17 13
5 29 3 4
5 30 17 3
5 31 5 0
5 32 0 14
5 34 4 2
5 35 16 2
5 36 14 8
5 37 2 6
5 38 18 6
5 40 11 16
5 41 12 15
5 42 20 4
5 43 18 18
5 44 7 11
5 46 3 18
5 47 3 3
5 48 6 20
6 0 14 10
6 1 1 15
6 2 16 0
6 3 11 18
6 4 13 11
6 6 1 16
6 7 8 6
6 9 6 2
6 10 14 10
6 11 5 16
6 12 11 11
6 13 0 0
6 14 6 1
6 16 20 5
6 17 8 5
6 18 15 17
6 19 0 9
6 20 12 6
6 21 6 11
6 22 20 5
6 23 4 0
6 24 1 13
6 26 10 1
6 27 1 20
6 28 0 19
6 29 7 20
6 30 10 14
6 31 0 12
6 32 13 7
6 34 13 10
6 35 13 11
6 36 14 4
6 38 10 10
6 41 5 8
6 42 13 4
6 43 6 4
6 44 6 5
6 45 11 14
6 46 0 9
6 49 7 6
7 0 19 20
7 1 19 5
7 2 10 15
7 4 7 3
7 5 12 15
7 6 8 0
7 8 6 6
7 9 17 3
7 10 20 0
7 11 0 13
7 12 5 0
7 15 3 17
7 16 6 7
7 17 4 17
7 18 2 7
7 19 15 0
7 20 6 5
7 21 16 8
7 22 16 8
7 23 16 17
7 24 2 6
7 25 13 18
7 26 3 0
7 27 3 10
7 29 9 18
7 30 6 20
7 31 17 8
7 33 8 17
7 34 12 17
7 35 20 20
7 37 19 4
7 39 5 11
7 40 17 4
7 41 2 18
7 42 11 5
7 43 5 20
7 44 6 16
7 45 4 5
7 46 15 2
7 47 16 0
7 48 19 10
7 49 7 11
8 1 14 10
8 2 19 8
8 3 2 4
8 4 0 1
8 5 4 2
8 6 20 17
8 8 4 17
8 9 2 5
8 11 17 6
8 12 13 20
8 13 15 8
8 14 0 15
8 15 2 10
8 16 5 12
8 18 19 15
8 19 9 4
8 20 19 13
8 21 7 5
8 23 3 8
8 25 19 2
8 26 20 2
8 27 12 1
8 28 8 7
8 29 17 6
8 30 20 2
8 31 6 11
8 32 14 5
8 34 20 5
8 35 19 8
8 36 20 15
8 37 3 12
8 39 6 18
8 40 15 11
8 41 0 7
8 42 13 15
8 44 6 5
8 46 2 5
8 47 4 2
8 48 15 3
8 49 1 9
9 0 11 17
9 1 20 3
9 2 7 20
9 4 19 17
9 5 9 6
9 6 11 4
9 7 0 10
9 9 6 15
9 10 14 6
9 11 1 4
9 12 17 5
9 13 7 12
9 14 15 7
9 15 14 13
9 16 6 3
9 18 19 18
9 19 4 14
9 20 3 17
9 21 9 7
9 22 7 1
9 23 6 18
9 24 5 13
9 25 5 14
9 27 13 13
9 29 8 0
9 30 12 14
9 32 15 3
9 33 10 11
9 34 18 20
9 35 11 14
9 36 0 9
9 37 15 18
9 38 12 2
9 39 16 6
9 40 20 12
9 41 1 12
9 42 16 17
9 43 18 18
9 44 12 6
9 45 19 14
9 46 15 7
9 47 6 18
9 48 7 20
10 0 13 3
10 1 7 11
10 2 18 11
10 3 20 8
10 4 19 16
10 5 2 14
10 7 13 15
10 8 13 17
10 9 6 15
10 10 11 13
10 11 9 12
10 12 8 2
10 13 17 14
10 14 2 13
10 15 17 19
10 16 14 18
10 17 14 7
10 18 1 12
10 19 16 7
10 21 6 19
10 22 15 14
10 23 2 11
10 27 14 7
10 28 7 7
10 29 4 20
10 30 13 17
10 31 6 5
10 32 19 5
10 33 14 7
10 34 19 9
10 35 9 0
10 37 0 9
10 38 11 17
10 39 13 2
10 40 14 14
10 41 7 19
10 42 8 9
10 43 0 13
10 44 0 15
10 46 12 20
10 47 15 12
10 48 11 5
10 49 20 17
11 0 5 19
11 1 10 0
11 3 1 0
11 4 10 20
11 5 15 11
11 6 15 13
11 7 11 11
11 9 17 6
11 10 6 10
11 11 1 9
11 14 14 15
11 15 9 3
11 16 10 8
11 17 17 9
11 18 20 6
11 19 7 16
11 20 15 19
11 21 19 20
11 22 19 1
11 23 19 18
11 24 2 19
11 25 14 6
11 26 6 16
11 27 1 20
11 30 14 16
11 31 11 15
11 32 4 17
11 33 0 11
11 34 16 18
11 36 11 8
11 37 0 6
11 39 14 19
11 40 4 6
11 42 18 13
11 43 5 10
11 45 14 15
11 47 4 15
11 48 5 7
11 49 13 9
12 0 11 11
12 2 19 4
12 4 12 12
12 5 7 14
12 6 14 8
12 7 17 6
12 8 15 17
12 9 14 11
12 10 18 17
12 11 6 10
12 12 4 5
12 13 19 14
12 14 0 19
12 16 3 16
12 17 1 18
12 19 17 8
12 20 16 7
12 21 6 15
12 22 17 4
12 23 4 16
12 24 17 16
12 25 16 13
12 26 19 15
12 27 2 12
12 28 17 5
12 29 0 16
12 30 7 9
12 31 1 9
12 32 17 19
12 34 17 7
12 37 3 19
12 38 18 20
12 39 2 10
12 40 11 0
12 41 3 13
12 42 12 3
12 43 17 16
12 44 7 7
12 45 14 9
12 46 16 2
12 48 2 0
12 49 20 7
13 0 10 16
13 1 4 14
13 2 15 5
13 3 19 13
13 5 15 10
13 6 16 3
13 9 0 18
13 10 19 17
13 12 14 0
13 14 19 16
13 15 12 19
13 17 9 20
13 18 5 0
13 19 6 6
13 20 5 11
13 22 3 16
13 23 17 2
13 26 4 18
13 27 3 15
13 28 15 0
13 30 7 20
13 31 9 11
13 33 12 12
13 34 0 10
13 35 6 17
13 37 9 19
13 38 16 18
13 39 2 10
13 40 6 3
13 41 19 6
13 43 17 13
13 44 14 2
13 46 8 8
13 48 17 7
13 49 18 20
14 2 1 11
14 3 5 15
14 5 7 16
14 6 16 9
14 7 17 4
14 8 3 10
14 9 15 19
14 10 14 9
14 11 12 2
14 14 19 9
14 15 2 18
14 16 3 19
14 17 4 9
14 20 14 15
14 21 2 11
14 23 12 7
14 24 15 5
14 25 15 16
14 26 11 0
14 27 14 2
14 28 12 16
14 30 12 13
14 31 8 14
14 32 6 2
14 33 13 4
14 34 6 5
14 35 16 11
14 38 7 12
14 39 16 3
14 40 12 7
14 42 3 19
14 43 8 14
14 44 9 19
14 45 15 7
14 46 16 17
14 47 6 6
14 48 7 18
14 49 2 13
15 0 13 13
15 1 19 10
15 2 8 18
15 3 12 6
15 4 8 3
15 5 18 8
15 6 19 15
15 7 5 15
15 8 14 7
15 9 8 18
15 10 0 8
15 11 9 11
15 12 2 7
15 13 9 1
15 14 5 18
15 15 7 7
15 16 19 15
15 18 20 20
15 19 14 0
15 20 3 13
15 21 5 19
15 22 12 15
15 23 14 1
15 24 1 1
15 25 20 0
15 26 11 14
15 27 5 3
15 29 8 17
15 30 0 2
15 31 6 5
15 32 13 19
15 33 15 18
15 34 16 17
15 35 18 18
15 36 18 0
15 37 17 3
15 39 20 9
15 40 11 4
15 41 18 2
15 42 3 5
15 43 14 1
15 44 0 0
15 46 2 10
15 47 19 20
15 48 14 5
15 49 12 4
16 0 6 0
16 2 1 3
16 3 4 9
16 4 5 16
16 5 0 7
16 7 9 9
16 8 19 5
16 9 14 10
16 10 3 19
16 11 2 8
16 14 13 3
16 15 9 17
16 16 18 0
16 17 7 9
16 18 6 13
16 20 9 9
16 22 4 12
16 24 8 13
16 25 17 15
16 27 1 5
16 28 1 7
16 29 0 8
16 30 6 17
16 32 3 19
16 33 9 7
16 34 12 20
16 35 6 8
16 37 1 10
16 38 5 18
16 39 19 1
16 40 10 19
16 41 3 20
16 42 12 18
16 43 1 4
16 44 16 3
16 45 6 10
16 46 9 19
16 47 8 14
16 48 17 17
16 49 12 17
17 0 4 12
17 1 16 16
17 3 5 7
17 5 20 19
17 7 12 18
17 8 0 10
17 10 6 1
17 11 15 0
17 12 6 13
17 13 13 8
17 14 12 0
17 15 5 10
17 16 15 9
17 17 1 10
17 18 8 0
17 19 18 11
17 20 11 8
17 21 4 17
17 23 15 16
17 25 3 17
17 27 19 17
17 28 15 12
17 29 0 20
17 30 7 13
17 31 6 9
17 32 3 17
17 33 2 2
17 34 6 19
17 35 2 19
17 37 15 14
17 38 0 11
17 39 1 5
17 40 13 20
17 41 3 1
17 42 15 6
17 43 11 4
17 44 17 0
17 45 20 20
17 47 7 13
17 48 7 19
18 0 19 8
18 1 12 18
18 2 20 8
18 3 17 6
18 5 4 17
18 6 14 2
18 9 7 12
18 10 4 2
18 11 13 10
18 12 15 7
18 18 15 0
18 19 2 2
18 20 10 17
18 22 17 7
18 23 20 7
18 24 1 19
18 25 3 18
18 26 6 18
18 27 19 7
18 28 8 6
18 29 16 4
18 30 20 14
18 31 5 20
18 33 0 14
18 34 11 15
18 35 4 4
18 36 18 12
18 38 4 20
18 39 18 16
18 40 1 1
18 41 0 0
18 43 10 14
18 44 8 11
18 45 3 1
18 46 16 0
18 47 3 0
18 48 13 4
19 0 20 14
19 1 9 16
19 2 2 2
19 4 18 8
19 5 16 16
19 6 17 9
19 7 18 0
19 8 12 8
19 9 15 20
19 10 16 19
19 12 16 5
19 14 17 0
19 15 4 15
19 16 4 6
19 17 14 19
19 19 10 5
19 20 6 3
19 21 19 2
19 22 5 12
19 23 3 10
19 24 6 18
19 25 16 19
19 26 18 11
19 27 5 16
19 28 7 1
19 29 13 20
19 30 10 15
19 31 12 0
19 32 7 13
19 33 9 20
19 34 10 18
19 35 17 0
19 38 19 7
19 39 2 8
19 40 15 1
19 41 9 20
19 43 4 16
19 45 5 2
19 47 5 18
19 49 3 20
20 1 20 19
20 2 6 17
20 3 5 1
20 4 8 18
20 5 10 8
20 6 9 18
20 7 18 20
20 8 7 13
20 9 4 2
20 11 2 6
20 12 0 11
20 13 13 2
20 14 10 19
20 15 19 19
20 16 15 0
20 17 1 13
20 18 13 3
20 19 0 17
20 20 15 5
20 21 17 20
20 22 11 9
20 23 2 18
20 25 12 1
20 26 8 7
20 27 5 12
20 29 19 6
20 31 12 3
20 32 20 13
20 33 15 16
20 34 5 14
20 35 8 5
20 37 8 11
20 38 8 8
20 39 11 16
20 40 1 18
20 41 6 3
20 45 8 9
20 46 4 15
20 47 4 17
20 48 0 12
20 49 5 11
21 0 3 1
21 2 18 7
21 3 6 10
21 4 12 20
21 5 1 12
21 6 1 5
21 7 17 17
21 8 9 12
21 9 7 17
21 12 1 9
21 13 13 14
21 14 16 8
21 15 7 4
21 17 18 16
21 18 1 6
21 19 12 18
21 21 17 0
21 22 16 10
21 23 5 5
21 24 5 4
21 25 2 15
21 27 11 16
21 28 15 13
21 29 7 18
21 31 9 9
21 33 15 13
21 34 3 12
21 35 6 14
21 36 6 12
21 38 9 0
21 39 13 0
21 40 12 15
21 42 3 3
21 43 0 5
21 44 13 13
21 46 2 4
21 48 0 11
21 49 6 17
22 0 16 12
22 1 3 16
22 2 7 16
22 3 17 3
22 4 19 15
22 5 20 12
22 6 15 0
22 8 8 4
22 9 12 7
22 10 10 0
22 11 3 6
22 12 2 18
22 13 0 16
22 14 2 9
22 16 4 20
22 17 2 13
22 19 14 15
22 20 20 3
22 21 10 15
22 22 0 17
22 24 3 8
22 25 8 0
22 27 1 14
22 28 1 4
22 29 20 18
22 31 9 13
22 32 6 15
22 33 19 14
22 34 18 4
22 35 7 5
22 37 14 4
22 38 3 3
22 39 13 10
22 40 10 11
22 41 12 12
22 42 7 3
22 43 10 8
22 44 3 0
22 45 8 9
22 46 3 17
22 47 11 4
22 49 9 19
23 0 6 19
23 1 4 8
23 5 7 15
23 6 20 2
23 8 8 4
23 10 18 9
23 11 16 11
23 12 7 17
23 14 7 16
23 15 12 12
23 16 16 12
23 17 20 18
23 18 3 2
23 19 16 7
23 20 19 17
23 21 2 7
23 22 4 16
23 23 18 15
23 24 6 8
23 25 7 7
23 26 1 16
23 29 11 17
23 30 8 14
23 31 12 5
23 34 20 18
23 35 9 16
23 36 19 0
23 38 16 16
23 39 20 3
23 42 13 13
23 43 16 14
23 44 7 5
23 45 17 4
23 46 3 6
23 47 8 18
23 48 16 6
23 49 8 10
24 0 4 17
24 1 8 6
24 2 11 1
24 3 13 7
24 4 5 2
24 5 17 8
24 6 12 18
24 7 7 9
24 8 3 18
24 9 7 15
24 10 10 14
24 11 18 17
24 12 13 3
24 13 6 2
24 14 17 7
24 16 9 9
24 17 1 20
24 19 16 8
24 20 7 14
24 21 16 11
24 22 20 16
24 23 5 5
24 24 13 13
24 25 17 13
24 26 9 15
24 27 7 3
24 28 16 0
24 29 10 8
24 31 7 1
24 32 4 1
24 33 17 20
24 35 20 14
24 36 19 18
24 37 14 17
24 39 4 0
24 40 12 7
24 41 16 8
24 42 15 13
24 43 15 4
24 44 10 18
24 45 12 20
24 46 8 9
24 48 3 2
24 49 9 16
25 0 8 4
25 1 0 4
25 2 3 15
25 3 15 15
25 5 15 12
25 7 17 1
25 8 2 17
25 10 14 6
25 11 10 13
25 12 9 13
25 13 13 1
25 14 12 8
25 15 11 4
25 16 14 2
25 17 5 8
25 19 18 4
25 20 13 12
25 21 8 4
25 24 1 9
25 25 13 3
25 26 16 16
25 27 0 13
25 29 2 17
25 30 17 2
25 31 2 19
25 32 19 16
25 33 14 5
25 34 1 5
25 35 12 6
25 37 10 20
25 38 18 10
25 41 6 12
25 42 2 16
25 43 8 1
25 44 12 5
25 45 19 20
25 46 7 7
25 47 10 6
25 48 7 2
25 49 16 12
26 0 13 17
26 1 10 16
26 2 1 16
26 3 10 10
26 4 6 18
26 5 6 13
26 6 5 5
26 8 2 10
26 9 14 3
26 10 6 2
26 12 4 13
26 13 10 3
26 14 8 7
26 15 0 5
26 16 12 20
26 17 15 16
26 19 0 10
26 20 5 15
26 21 9 8
26 22 0 5
26 23 8 18
26 25 17 3
26 26 17 18
26 27 18 9
26 28 5 4
26 29 7 15
26 30 17 16
26 31 11 14
26 32 6 2
26 33 16 11
26 34 6 7
26 36 19 20
26 37 8 5
26 38 5 17
26 39 0 9
26 41 20 0
26 43 4 13
26 44 16 11
26 45 20 17
26 46 11 6
26 47 15 12
26 48 9 2
26 49 14 18
27 0 18 9
27 1 12 7
27 3 14 15
27 4 13 6
27 5 3 13
27 6 19 4
27 8 13 5
27 9 17 9
27 10 0 6
27 11 8 4
27 12 2 15
27 14 7 12
27 16 18 11
27 17 16 14
27 19 20 1
27 20 20 8
27 22 16 15
27 23 19 6
27 24 11 14
27 25 15 14
27 26 5 11
27 27 1 9
27 29 14 16
27 30 15 6
27 31 5 5
27 32 19 15
27 33 1 5
27 34 19 16
27 35 19 3
27 36 20 3
27 38 13 2
27 39 5 4
27 40 11 18
27 41 7 12
27 42 14 9
27 43 19 4
27 44 6 9
27 47 3 8
27 49 4 7
28 0 6 0
28 1 14 8
28 3 14 19
28 4 6 8
28 5 0 13
28 9 0 12
28 10 14 3
28 11 18 11
28 13 14 13
28 14 16 17
28 15 16 19
28 16 9 16
28 17 13 10
28 19 11 15
28 20 7 5
28 21 16 4
28 22 1 1
28 23 0 19
28 24 4 0
28 25 15 18
28 26 5 15
28 28 9 13
28 29 8 8
28 32 7 19
28 33 9 1
28 34 12 8
28 35 2 13
28 37 1 8
28 38 16 9
28 39 7 0
28 40 18 7
28 41 2 18
28 42 7 14
28 43 18 14
28 44 5 1
28 45 18 4
29 0 3 10
29 1 1 15
29 2 16 6
29 3 7 15
29 4 20 2
29 5 7 1
29 6 0 3
29 8 1 11
29 9 10 19
29 10 10 6
29 11 19 12
29 12 0 4
29 13 0 4
29 14 14 7
29 15 2 4
29 16 3 15
29 17 5 6
29 18 9 16
29 19 12 4
29 20 4 11
29 21 0 11
29 23 8 18
29 24 1 0
29 25 4 7
29 26 16 14
29 27 10 17
29 30 7 6
29 31 17 18
29 33 16 10
29 34 9 12
29 36 19 20
29 37 2 15
29 38 5 7
29 39 9 20
29 41 13 6
29 42 12 17
29 45 16 15
29 46 9 1
29 47 10 11
29 48 12 6
29 49 10 3
30 2 7 9
30 3 10 5
30 4 3 15
30 5 9 10
30 6 19 7
30 8 0 6
30 9 17 8
30 10 12 3
30 12 10 10
30 13 11 5
30 14 9 1
30 15 4 19
30 16 18 9
30 17 10 9
30 18 18 11
30 19 7 7
30 20 6 18
30 21 6 9
30 22 13 9
30 23 6 14
30 24 8 1
30 25 14 15
30 26 18 10
30 29 18 1
30 30 17 13
30 31 20 12
30 33 13 6
30 34 10 5
30 36 12 17
30 40 5 18
30 41 11 6
30 42 18 14
30 44 19 5
30 45 19 14
30 46 6 4
30 47 13 12
30 49 9 18
31 0 6 17
31 1 15 6
31 3 19 0
31 4 11 6
31 5 16 20
31 6 15 11
31 7 12 13
31 10 1 15
31 12 20 8
31 13 8 17
31 14 18 11
31 15 20 10
31 16 5 19
31 17 19 12
31 18 19 4
31 19 14 6
31 20 15 1
31 21 18 5
31 22 11 4
31 23 6 2
31 24 15 11
31 25 6 17
31 26 4 13
31 27 3 8
31 28 5 11
31 29 1 1
31 30 4 14
31 31 8 11
31 32 6 3
31 33 6 11
31 34 10 9
31 35 13 15
31 36 6 0
31 37 18 16
31 39 16 7
31 40 17 18
31 41 18 20
31 42 15 4
31 44 14 5
31 45 13 3
31 46 11 19
31 47 17 5
31 48 4 12
31 49 17 3
32 1 18 14
32 2 16 8
32 3 16 7
32 4 0 17
32 5 8 1
32 6 10 6
32 9 16 19
32 10 2 1
32 11 1 6
32 13 2 8
32 16 10 1
32 17 11 3
32 18 20 16
32 19 15 7
32 20 5 13
32 22 16 9
32 23 13 8
32 24 12 2
32 25 19 7
32 26 18 9
32 27 3 4
32 28 8 12
32 29 2 15
32 30 8 10
32 31 7 0
32 32 19 19
32 33 6 6
32 34 8 8
32 37 18 20
32 38 0 11
32 39 11 16
32 41 13 19
32 42 2 8
32 43 16 17
32 45 8 2
32 46 12 18
32 47 18 20
32 48 10 15
32 49 3 20
33 0 12 6
33 1 18 8
33 2 5 10
33 3 2 12
33 4 18 9
33 6 10 14
33 7 2 9
33 9 18 3
33 11 18 8
33 12 11 13
33 13 8 14
33 14 10 3
33 15 1 18
33 16 6 16
33 18 13 0
33 19 4 13
33 20 14 0
33 21 8 5
33 22 11 19
33 24 11 8
33 25 2 14
33 26 18 13
33 27 9 18
33 28 16 0
33 29 2 14
33 30 8 7
33 31 19 6
33 32 13 16
33 34 17 17
33 35 15 4
33 36 9 2
33 38 15 18
33 39 3 15
33 40 18 0
33 42 20 17
33 43 0 12
33 44 16 19
33 46 15 8
33 47 8 17
34 0 10 2
34 4 6 3
34 5 1 9
34 8 20 18
34 10 6 11
34 11 5 6
34 14 14 14
34 16 12 4
34 17 17 12
34 18 15 7
34 19 8 4
34 21 17 1
34 22 16 13
34 24 5 14
34 25 4 18
34 27 16 17
34 29 3 13
34 30 14 0
34 31 17 11
34 32 18 14
34 33 8 0
34 35 6 17
34 36 2 11
34 37 1 4
34 39 1 16
34 40 6 18
34 41 14 12
34 42 13 20
34 43 3 18
34 44 2 7
34 45 11 16
34 47 6 12
34 49 20 4
35 0 8 1
35 1 12 18
35 2 6 10
35 3 1 9
35 4 7 1
35 5 18 18
35 7 19 7
35 8 1 4
35 9 16 13
35 11 7 20
35 12 13 13
35 13 0 10
35 14 12 18
35 15 1 8
35 16 16 18
35 17 16 15
35 18 13 17
35 19 17 4
35 20 14 16
35 21 6 14
35 22 20 0
35 24 2 10
35 26 8 1
35 29 13 20
35 30 19 2
35 31 16 10
35 33 12 4
35 34 14 13
35 36 17 3
35 37 20 5
35 38 18 20
35 39 1 10
35 40 20 19
35 42 7 0
35 43 5 16
35 45 20 20
35 47 11 7
35 48 8 11
35 49 13 6
36 0 1 7
36 1 12 2
36 3 7 12
36 4 9 18
36 5 12 4
36 6 19 0
36 7 1 6
36 8 2 1
36 9 6 20
36 10 16 16
36 11 0 12
36 12 3 7
36 15 10 17
36 16 8 3
36 17 12 6
36 18 13 2
36 19 12 20
36 20 2 16
36 21 6 2
36 22 16 17
36 23 8 2
36 24 12 10
36 25 8 16
36 28 12 16
36 34 6 12
36 35 8 1
36 36 19 6
36 37 9 20
36 38 8 2
36 39 8 16
36 41 6 0
36 42 14 7
36 43 3 20
36 44 16 10
36 45 15 16
36 47 1 14
37 1 10 7
37 2 6 18
37 3 8 5
37 5 4 12
37 8 16 6
37 9 18 1
37 12 16 15
37 13 8 7
37 14 16 16
37 16 20 17
37 17 18 1
37 18 11 8
37 20 11 2
37 21 1 16
37 22 8 4
37 23 13 2
37 24 4 4
37 25 12 5
37 26 0 15
37 27 2 9
37 28 19 2
37 30 10 15
37 31 14 17
37 32 2 14
37 33 17 15
37 34 11 8
37 35 19 10
37 36 8 12
37 37 3 1
37 38 8 2
37 39 12 20
37 40 9 4
37 42 16 1
37 44 16 10
37 45 20 6
37 47 3 15
37 49 19 14
38 0 12 2
38 1 8 19
38 2 18 12
38 3 13 15
38 5 15 18
38 6 8 20
38 7 9 14
38 8 7 12
38 9 20 14
38 11 17 17
38 12 15 17
38 13 9 6
38 14 7 2
38 17 8 0
38 18 15 2
38 19 0 17
38 20 4 5
38 21 4 19
38 22 14 11
38 23 14 15
38 24 2 3
38 26 15 8
38 27 12 13
38 28 10 2
38 29 6 4
38 32 1 2
38 33 2 0
38 37 20 1
38 38 17 7
38 40 12 2
38 41 0 9
38 42 2 1
38 43 17 13
38 44 3 9
38 45 19 8
38 47 13 5
38 49 1 11
39 0 7 6
39 1 17 3
39 2 13 15
39 3 20 13
39 4 8 18
39 5 4 11
39 6 6 16
39 7 6 7
39 8 20 19
39 9 14 18
39 10 12 19
39 11 8 7
39 12 17 11
39 13 6 12
39 14 18 14
39 15 8 14
39 16 4 11
39 17 18 13
39 19 11 0
39 20 2 11
39 22 8 19
39 24 18 8
39 27 9 20
39 28 14 1
39 29 18 5
39 30 0 2
39 32 6 4
39 33 11 0
39 35 19 8
39 36 1 7
39 37 19 10
39 38 15 5
39 39 7 9
39 40 11 17
39 41 19 1
39 42 10 7
39 43 19 4
39 44 3 16
39 45 10 0
39 46 20 19
39 47 20 0
39 48 18 20
39 49 6 8
40 0 16 9
40 1 0 17
40 2 8 7
40 3 7 14
40 4 6 1
40 5 6 14
40 6 14 17
40 10 8 16
40 11 12 18
40 12 9 2
40 13 10 15
40 14 2 14
40 15 18 20
40 16 17 0
40 19 5 14
40 21 2 20
40 22 20 7
40 23 11 13
40 24 19 12
40 25 5 4
40 26 9 0
40 27 10 17
40 28 1 9
40 29 9 11
40 30 8 11
40 31 4 9
40 34 3 5
40 35 3 20
40 37 13 17
40 38 6 5
40 41 20 18
40 43 14 12
40 44 13 0
40 45 7 14
40 46 1 18
40 47 3 14
40 48 6 14
40 49 18 11
41 0 12 20
41 2 7 1
41 4 19 15
41 7 0 16
41 8 13 15
41 9 20 15
41 10 16 19
41 11 9 6
41 12 7 20
41 13 13 11
41 14 17 6
41 15 3 18
41 16 5 14
41 17 6 7
41 18 2 20
41 19 8 20
41 20 20 9
41 22 18 16
41 23 8 0
41 25 14 8
41 26 13 4
41 28 12 9
41 29 6 2
41 30 3 12
41 31 0 13
41 32 17 7
41 33 18 4
41 34 6 10
41 35 3 19
41 36 18 13
41 38 18 18
41 40 2 13
41 41 6 16
41 42 7 11
41 43 6 8
41 45 16 3
41 48 16 2
41 49 13 3
42 0 17 5
42 2 9 17
42 3 4 7
42 4 15 6
42 5 3 3
42 7 13 19
42 8 5 15
42 9 6 10
42 10 15 19
42 11 2 3
42 12 14 1
42 15 15 14
42 16 5 13
42 17 12 1
42 18 9 12
42 19 18 9
42 21 3 8
42 22 15 19
42 23 0 15
42 24 1 15
42 25 4 13
42 27 9 7
42 29 13 6
42 30 3 0
42 32 18 20
42 33 17 10
42 35 10 18
42 36 20 7
42 37 13 10
42 39 9 20
42 40 9 4
42 41 5 10
42 42 15 10
42 43 4 3
42 44 17 9
42 45 16 1
42 47 16 2
42 48 16 6
42 49 18 9
43 0 11 20
43 1 7 6
43 2 9 0
43 3 14 0
43 4 3 9
43 5 5 14
43 6 0 1
43 7 9 17
43 8 11 1
43 9 10 4
43 10 13 9
43 11 14 5
43 12 3 6
43 13 6 11
43 15 18 19
43 16 5 10
43 17 0 17
43 18 2 17
43 19 14 13
43 20 11 15
43 21 18 18
43 23 19 12
43 24 8 6
43 25 5 13
43 26 3 15
43 28 8 13
43 29 0 10
43 32 2 17
43 34 6 5
43 35 7 1
43 37 2 12
43 40 2 12
43 41 20 7
43 42 2 11
43 43 12 18
43 44 1 7
43 45 13 15
43 48 5 6
43 49 11 16
44 0 15 7
44 1 3 0
44 2 16 3
44 3 0 15
44 4 3 2
44 6 12 20
44 8 15 0
44 9 14 10
44 10 8 16
44 11 18 5
44 12 16 20
44 14 16 3
44 15 12 2
44 16 15 7
44 18 0 14
44 19 4 13
44 20 4 6
44 21 20 2
44 23 3 3
44 24 14 15
44 25 6 20
44 26 10 16
44 27 7 0
44 29 11 0
44 31 10 1
44 35 7 0
44 36 3 1
44 37 11 4
44 39 7 17
44 40 9 13
44 41 0 16
44 42 4 14
44 44 15 4
44 46 17 7
44 47 20 11
44 49 3 14
45 0 7 9
45 1 8 14
45 2 2 3
45 3 10 18
45 4 11 7
45 5 13 2
45 6 3 20
45 8 3 12
45 9 15 17
45 10 6 6
45 11 9 9
45 12 16 17
45 13 12 3
45 14 11 0
45 15 9 17
45 16 4 20
45 17 19 1
45 19 11 0
45 21 15 15
45 23 19 2
45 24 1 6
45 25 11 15
45 26 18 6
45 27 14 8
45 28 13 15
45 29 13 1
45 30 12 3
45 31 9 7
45 32 16 6
45 33 19 1
45 34 18 14
45 35 17 2
45 36 6 8
45 37 6 18
45 38 12 17
45 39 9 7
45 40 3 2
45 43 15 14
45 44 14 17
45 45 12 3
45 47 18 17
45 48 10 11
45 49 1 4
46 0 9 11
46 1 20 6
46 2 5 17
46 3 14 1
46 4 15 3
46 5 10 6
46 6 0 2
46 7 1 13
46 8 2 0
46 9 17 13
46 10 7 7
46 12 17 1
46 13 2 13
46 14 4 10
46 16 0 8
46 17 9 2
46 18 2 18
46 20 8 0
46 21 20 2
46 22 2 20
46 23 7 14
46 24 15 3
46 29 17 11
46 30 12 12
46 31 10 18
46 32 20 11
46 33 9 20
46 34 17 15
46 35 18 5
46 36 3 13
46 39 18 14
46 41 6 20
46 42 11 0
46 43 10 15
46 44 5 1
46 47 16 16
46 48 8 13
46 49 11 7
47 0 0 10
47 1 0 2
47 2 16 5
47 3 8 14
47 4 2 3
47 5 12 9
47 6 14 20
47 7 2 11
47 8 6 9
47 9 4 0
47 11 8 7
47 12 1 7
47 13 0 13
47 14 0 5
47 15 14 18
47 16 14 15
47 18 8 15
47 19 12 10
47 21 7 8
47 22 17 7
47 23 14 5
47 24 7 13
47 25 6 15
47 26 8 5
47 27 19 19
47 30 15 16
47 31 4 4
47 32 16 13
47 33 19 18
47 34 2 1
47 35 15 18
47 36 19 17
47 37 6 18
47 38 16 0
47 39 17 0
47 40 6 15
47 41 6 15
47 42 16 8
47 43 11 16
47 44 2 9
47 45 7 2
47 46 11 0
47 47 18 2
47 48 12 16
47 49 18 20
48 0 15 17
48 1 11 5
48 2 14 20
48 3 20 9
48 4 8 3
48 6 11 15
48 7 3 18
48 8 7 9
48 9 13 6
48 10 18 9
48 11 1 2
48 12 9 9
48 13 10 0
48 14 5 2
48 15 6 9
48 16 3 0
48 17 20 1
48 18 16 4
48 20 8 6
48 21 13 11
48 22 0 19
48 23 20 10
48 24 6 4
48 25 9 20
48 26 16 2
48 28 4 16
48 30 3 10
48 31 19 6
48 33 2 9
48 36 10 0
48 37 6 16
48 38 6 3
48 39 12 20
48 41 2 9
48 42 8 19
48 44 15 12
48 45 9 4
48 46 7 6
48 47 2 16
48 48 6 20
48 49 14 2
49 0 15 2
49 1 5 2
49 2 6 9
49 4 4 15
49 5 11 1
49 6 1 13
49 7 9 18
49 8 8 20
49 9 4 5
49 10 6 16
49 11 3 20
49 13 7 7
49 14 19 6
49 16 17 10
49 17 5 17
49 18 20 9
49 19 7 11
49 20 15 15
49 21 11 19
49 22 7 6
49 23 20 6
49 24 18 9
49 25 3 3
49 26 14 5
49 27 5 8
49 31 6 17
49 32 18 20
49 33 7 12
49 34 3 3
49 35 3 10
49 36 14 19
49 37 20 19
49 38 8 13
49 39 10 20
49 40 10 13
49 42 1 17
49 44 17 20
49 45 19 3
49 46 18 18
49 47 19 14
49 48 20 1
49 49 1 0
