50
2
0 0 12 1
0 1 4 4
0 2 0 17
0 3 0 12
0 4 3 3
0 5 19 7
0 8 1 1
0 9 8 13
0 10 12 15
0 12 3 0
0 13 10 0
0 14 19 7
0 15 12 12
0 16 7 17
0 17 8 4
0 18 6 14
0 20 13 14
0 22 1 4
0 23 2 0
0 24 8 2
0 25 16 19
0 27 14 10
0 28 3 7
0 29 20 7
0 31 20 8
0 33 17 7
0 34 15 12
0 35 20 6
0 37 1 12
0 38 4 18
0 40 17 11
0 42 19 8
0 43 2 19
0 46 17 3
0 47 6 8
0 48 11 15
1 0 7 8
1 1 3 13
1 2 20 10
1 3 18 5
1 4 6 11
1 5 17 1
1 7 7 14
1 8 1 7
1 9 20 18
1 10 8 7
1 11 19 1
1 12 18 13
1 13 17 15
1 15 9 16
1 17 9 4
1 18 15 5
1 21 12 6
1 22 8 15
1 26 9 20
1 27 6 7
1 29 6 16
1 30 16 18
1 31 12 0
1 32 2 0
1 33 14 13
1 34 19 10
1 35 19 15
1 36 20 14
1 38 17 10
1 39 9 3
1 40 11 20
1 41 2 7
1 42 16 1
1 43 9 4
1 44 12 14
1 46 19 1
1 47 9 2
1 48 4 8
1 49 7 12
2 1 8 7
2 2 0 12
2 3 14 20
2 4 17 16
2 5 11 10
2 6 5 8
2 7 12 3
2 8 0 1
2 9 11 11
2 10 13 5
2 12 18 10
2 13 0 19
2 14 12 2
2 15 20 6
2 16 15 14
2 17 16 4
2 18 0 2
2 19 16 15
2 20 18 15
2 21 10 1
2 22 2 10
2 23 20 17
2 24 19 2
2 25 10 17
2 27 7 7
2 28 3 5
2 29 11 1
2 30 13 19
2 31 5 6
2 32 10 19
2 33 13 11
2 35 14 20
2 36 14 6
2 37 8 9
2 38 9 13
2 39 17 20
2 40 20 19
2 41 15 3
2 44 8 17
2 45 9 3
2 46 8 7
2 47 7 2
2 48 3 19
3 0 20 20
3 1 10 20
3 2 12 9
3 3 12 15
3 4 12 11
3 5 15 19
3 6 6 8
3 9 8 8
3 11 16 5
3 12 13 18
3 13 8 7
3 14 8 3
3 15 17 5
3 16 12 17
3 18 9 12
3 20 13 0
3 21 5 20
3 22 19 15
3 23 10 20
3 24 0 11
3 25 20 12
3 26 14 0
3 27 7 7
3 28 10 4
3 29 16 17
3 30 9 11
3 31 12 6
3 32 13 16
3 34 0 17
3 35 0 7
3 36 20 5
3 37 0 11
3 38 8 16
3 42 7 7
3 43 20 2
3 44 20 1
3 45 19 5
3 46 4 11
3 48 1 15
3 49 11 14
4 0 9 6
4 1 12 2
4 3 15 4
4 5 20 16
4 7 12 9
4 9 5 2
4 10 8 19
4 11 5 13
4 12 10 9
4 13 5 3
4 14 1 18
4 15 15 6
4 16 19 16
4 17 19 1
4 19 17 16
4 20 19 19
4 22 12 13
4 24 18 15
4 25 8 19
4 27 2 5
4 29 4 18
4 32 16 4
4 33 16 9
4 34 14 8
4 35 18 0
4 36 2 16
4 37 20 3
4 39 5 6
4 42 4 9
4 43 0 3
4 44 11 13
4 45 16 17
4 47 9 1
4 49 14 10
5 0 6 14
5 1 13 15
5 3 11 19
5 4 0 7
5 5 12 16
5 6 1 18
5 8 2 0
5 10 16 7
5 11 19 10
5 12 2 13
5 13 8 1
5 14 1 13
5 15 4 2
5 16 13 18
5 17 16 13
5 18 19 14
5 19 17 1
5 20 20 16
5 22 6 20
5 23 10 4
5 24 1 20
5 25 19 12
5 26 12 9
5 28 16 17
5 29 12 7
5 30 3 12
5 31 0 15
5 32 11 0
5 33 3 1
5 34 20 13
5 35 14 3
5 36 10 12
5 38 3 0
5 39 19 7
5 40 0 4
5 41 3 13
5 44 17 17
5 46 5 17
5 48 6 13
6 0 12 16
6 1 17 13
6 3 3 4
6 4 5 12
6 5 8 4
6 8 4 1
6 9 14 17
6 10 6 12
6 11 1 10
6 12 2 16
6 13 7 9
6 15 2 16
6 17 9 16
6 18 8 1
6 20 12 17
6 21 18 10
6 22 4 0
6 23 17 5
6 24 18 2
6 25 16 14
6 26 0 13
6 27 3 4
6 29 20 6
6 30 6 0
6 31 0 19
6 32 15 8
6 33 0 14
6 34 16 20
6 35 13 16
6 36 17 0
6 38 3 1
6 41 1 7
6 42 5 14
6 43 8 16
6 44 5 7
6 46 0 5
6 47 0 15
6 48 5 17
7 0 9 1
7 1 11 6
7 2 20 13
7 3 10 14
7 4 18 19
7 5 13 13
7 6 11 2
7 8 7 10
7 9 18 6
7 10 17 19
7 11 19 7
7 12 9 18
7 14 2 18
7 15 13 14
7 16 13 1
7 17 13 13
7 18 19 5
7 19 1 19
7 21 15 1
7 22 19 4
7 23 9 8
7 24 12 1
7 25 2 8
7 26 9 9
7 27 9 12
7 28 1 20
7 29 19 8
7 32 18 3
7 33 4 18
7 34 13 4
7 35 17 20
7 36 4 1
7 37 10 10
7 39 19 20
7 40 20 20
7 41 20 20
7 43 0 20
7 46 7 14
7 47 9 5
7 48 1 1
8 0 10 6
8 1 12 12
8 2 8 7
8 3 18 6
8 4 16 12
8 6 3 13
8 9 19 20
8 10 19 2
8 11 11 10
8 12 20 4
8 13 18 0
8 15 13 5
8 16 12 7
8 17 14 8
8 18 0 5
8 19 17 2
8 20 16 20
8 21 1 1
8 22 20 16
8 23 18 20
8 24 0 18
8 25 9 9
8 27 15 7
8 30 3 17
8 31 13 12
8 32 14 8
8 33 5 10
8 34 6 8
8 38 6 17
8 39 13 0
8 40 18 1
8 41 7 0
8 42 17 2
8 43 7 1
8 45 20 7
8 47 20 6
8 48 3 9
8 49 10 16
9 0 18 6
9 1 8 19
9 3 15 19
9 4 18 17
9 6 2 0
9 7 13 19
9 8 9 9
9 10 18 9
9 11 10 11
9 12 20 17
9 13 12 16
9 14 13 18
9 15 15 12
9 16 4 4
9 17 10 7
9 18 14 0
9 21 15 19
9 22 12 3
9 24 15 16
9 25 10 20
9 27 6 3
9 28 4 11
9 29 8 15
9 30 6 15
9 32 16 5
9 33 1 5
9 34 1 10
9 35 19 18
9 36 8 8
9 37 8 17
9 38 2 2
9 40 1 11
9 41 10 19
9 42 0 1
9 43 7 12
9 44 10 8
9 45 2 5
9 48 2 19
9 49 19 5
10 0 14 20
10 1 20 18
10 2 15 18
10 3 8 0
10 4 3 1
10 5 8 8
10 6 10 10
10 7 9 1
10 8 10 17
10 9 13 4
10 11 3 8
10 12 20 10
10 13 20 13
10 14 12 8
10 15 9 10
10 16 14 16
10 17 2 20
10 18 11 12
10 19 14 10
10 20 2 20
10 22 17 16
10 23 16 16
10 24 20 5
10 25 11 9
10 26 2 5
10 29 7 10
10 30 0 13
10 31 7 8
10 32 20 0
10 33 6 5
10 34 4 20
10 35 11 6
10 36 6 18
10 37 12 4
10 38 7 5
10 39 11 10
10 40 1 16
10 41 20 4
10 42 0 1
10 43 20 3
10 45 11 10
10 46 6 7
10 47 1 10
10 49 5 4
11 1 14 13
11 2 11 6
11 3 5 17
11 5 6 7
11 7 15 14
11 10 20 11
11 11 9 8
11 13 1 20
11 14 0 12
11 15 8 18
11 16 1 9
11 17 14 9
11 18 3 12
11 20 4 13
11 21 13 11
11 22 14 20
11 23 18 19
11 26 17 2
11 27 1 1
11 28 12 9
11 29 11 19
11 30 12 7
11 31 17 6
11 32 14 11
11 33 6 4
11 35 4 7
11 36 15 20
11 37 18 8
11 38 18 10
11 39 9 10
11 40 2 0
11 41 14 18
11 42 9 16
11 43 9 20
11 44 17 14
11 45 18 1
11 46 18 5
11 47 6 15
11 49 7 5
12 1 16 13
12 2 5 3
12 3 18 3
12 4 9 2
12 5 4 6
12 6 18 18
12 7 6 14
12 9 9 10
12 10 7 11
12 11 3 14
12 12 1 16
12 14 8 12
12 15 10 7
12 16 11 17
12 17 6 16
12 18 20 6
12 19 3 18
12 20 7 11
12 21 6 12
12 22 14 8
12 24 7 20
12 25 5 16
12 27 16 12
12 28 7 14
12 29 0 20
12 30 9 14
12 31 7 14
12 32 9 17
12 33 2 0
12 34 20 6
12 35 11 15
12 37 16 1
12 38 5 1
12 39 4 17
12 40 20 11
12 41 6 13
12 43 12 11
12 44 9 19
12 45 0 16
12 46 18 1
12 47 13 0
12 48 2 12
12 49 19 15
13 0 0 1
13 3 4 5
13 4 18 1
13 5 14 1
13 6 9 13
13 8 8 11
13 9 17 10
13 10 13 9
13 12 8 10
13 13 20 0
13 14 14 11
13 16 12 17
13 17 12 9
13 18 7 8
13 19 17 13
13 20 20 5
13 21 4 14
13 22 13 19
13 23 12 11
13 24 12 9
13 25 10 1
13 26 8 13
13 27 12 18
13 28 13 8
13 29 12 5
13 30 9 17
13 31 3 5
13 36 12 16
13 37 11 6
13 38 5 9
13 40 10 17
13 41 20 13
13 42 13 18
13 43 19 15
13 44 1 20
13 45 19 1
13 46 6 4
13 47 15 6
13 48 0 19
13 49 10 10
14 0 13 10
14 1 3 6
14 2 16 7
14 3 20 4
14 4 4 14
14 6 18 6
14 7 15 16
14 8 12 12
14 9 14 1
14 11 19 15
14 13 11 7
14 16 4 16
14 17 19 17
14 20 0 13
14 22 10 16
14 23 5 0
14 24 5 9
14 25 0 15
14 26 14 17
14 28 16 17
14 29 18 17
14 30 7 9
14 31 9 0
14 33 14 19
14 34 11 4
14 35 19 3
14 37 15 0
14 39 4 5
14 40 6 3
14 41 8 11
14 42 11 12
14 43 5 20
14 44 12 19
14 45 16 2
14 46 7 4
14 48 16 19
14 49 15 15
15 0 18 7
15 1 9 2
15 3 4 10
15 4 17 4
15 8 5 3
15 11 20 20
15 13 11 9
15 14 17 5
15 16 8 6
15 17 7 3
15 18 17 6
15 19 16 15
15 21 5 10
15 22 6 18
15 23 13 14
15 25 19 15
15 27 12 6
15 29 7 14
15 30 10 0
15 33 18 7
15 35 18 8
15 36 18 14
15 37 16 3
15 38 19 17
15 39 1 16
15 41 5 14
15 42 19 15
15 44 16 11
15 45 16 20
15 46 10 15
15 47 20 0
15 48 19 9
15 49 7 13
16 0 5 1
16 1 2 10
16 2 9 9
16 3 15 18
16 4 16 10
16 6 20 15
16 8 15 16
16 10 17 14
16 11 10 19
16 12 0 10
16 13 3 20
16 14 18 18
16 15 6 3
16 16 18 2
16 17 8 20
16 18 9 18
16 19 8 10
16 23 4 11
16 24 5 11
16 25 12 17
16 27 7 0
16 28 13 20
16 29 6 2
16 30 4 9
16 31 0 15
16 32 4 6
16 34 14 13
16 36 11 14
16 37 7 10
16 38 2 12
16 39 18 0
16 40 17 4
16 41 20 15
16 43 4 12
16 44 11 12
16 45 7 4
16 46 12 5
16 49 2 10
17 0 18 2
17 1 18 9
17 2 6 1
17 3 2 18
17 4 14 0
17 5 1 10
17 6 17 16
17 7 20 8
17 8 17 11
17 9 17 10
17 10 7 15
17 11 20 16
17 12 12 19
17 13 3 5
17 14 0 12
17 16 14 16
17 17 12 10
17 18 14 19
17 19 7 13
17 21 5 13
17 22 6 7
17 23 5 6
17 24 17 9
17 25 7 8
17 26 15 8
17 27 19 12
17 28 12 16
17 29 8 17
17 30 9 2
17 31 1 6
17 33 20 8
17 35 15 11
17 36 4 15
17 37 17 17
17 38 5 4
17 39 4 4
17 40 0 4
17 41 14 16
17 42 12 6
17 43 1 10
17 44 13 15
17 45 13 19
17 46 20 9
17 47 5 4
17 48 8 0
17 49 15 7
18 0 2 2
18 1 13 2
18 2 5 15
18 4 4 20
18 5 2 2
18 6 2 9
18 8 20 13
18 9 14 6
18 10 6 12
18 11 20 4
18 12 9 5
18 13 4 5
18 14 5 15
18 15 0 13
18 16 19 4
18 18 6 2
18 19 8 8
18 20 17 7
18 21 1 19
18 23 0 19
18 25 5 3
18 26 17 16
18 27 14 10
18 30 20 6
18 31 7 14
18 32 6 4
18 33 20 7
18 34 14 16
18 35 6 6
18 36 18 18
18 37 1 8
18 39 1 14
18 40 0 16
18 41 11 16
18 42 6 3
18 44 10 0
18 46 19 13
18 47 19 18
18 49 0 18
19 0 6 14
19 1 3 8
19 2 17 0
19 3 5 2
19 4 10 14
19 7 11 2
19 8 0 8
19 9 14 12
19 10 16 15
19 11 0 14
19 12 10 9
19 13 0 9
19 14 19 4
19 15 1 10
19 16 8 5
19 17 13 13
19 18 19 15
19 20 5 11
19 21 5 6
19 22 0 13
19 23 20 3
19 24 7 2
19 25 9 0
19 26 2 15
19 27 16 20
19 28 13 14
19 29 6 18
19 30 13 9
19 31 3 9
19 32 19 18
19 33 14 20
19 34 13 11
19 38 3 10
19 39 1 17
19 40 12 17
19 41 14 11
19 42 2 3
19 43 11 6
19 44 13 15
19 45 20 18
19 47 17 14
19 48 4 3
19 49 20 19
20 0 9 1
20 1 18 4
20 2 20 7
20 6 0 12
20 7 13 0
20 8 18 20
20 9 12 2
20 10 9 17
20 12 0 1
20 14 0 5
20 15 14 1
20 16 13 5
20 17 13 0
20 18 4 10
20 19 1 1
20 21 8 13
20 24 6 11
20 25 20 8
20 26 13 9
20 27 18 0
20 28 14 10
20 29 9 0
20 30 14 8
20 31 6 16
20 32 2 7
20 33 1 20
20 34 1 4
20 35 19 16
20 36 17 9
20 37 7 19
20 38 12 0
20 39 13 12
20 41 18 12
20 42 9 0
20 43 20 11
20 44 3 8
20 45 7 5
20 46 8 10
20 47 3 12
20 48 20 9
21 1 10 16
21 3 17 10
21 4 17 17
21 6 19 10
21 7 13 4
21 9 0 6
21 10 15 14
21 11 9 18
21 13 14 6
21 15 9 1
21 16 5 19
21 17 7 5
21 18 9 1
21 21 6 2
21 22 18 0
21 23 17 4
21 24 4 1
21 25 1 7
21 26 20 10
21 27 17 12
21 28 16 9
21 29 14 10
21 31 2 13
21 32 17 6
21 33 0 2
21 34 5 13
21 35 16 18
21 38 11 13
21 39 19 11
21 40 0 6
21 41 4 15
21 42 15 6
21 43 1 7
21 44 17 9
21 46 1 13
21 47 2 12
21 49 4 17
22 0 11 0
22 1 2 17
22 2 20 5
22 3 0 10
22 4 8 0
22 5 17 20
22 6 11 17
22 9 6 18
22 10 12 19
22 11 14 15
22 12 2 3
22 14 17 5
22 15 18 14
22 16 18 17
22 17 16 20
22 18 13 19
22 19 5 1
22 21 12 10
22 23 13 12
22 24 10 10
22 25 15 7
22 26 15 18
22 27 9 8
22 29 20 19
22 30 7 11
22 31 9 8
22 32 0 14
22 33 2 17
22 34 12 6
22 35 16 8
22 36 15 9
22 37 2 5
22 39 15 1
22 40 11 5
22 41 16 13
22 42 3 4
22 44 6 12
22 45 6 0
22 46 8 3
22 48 7 5
22 49 20 1
23 0 0 3
23 1 19 1
23 2 10 3
23 3 13 15
23 4 10 4
23 5 7 20
23 6 4 6
23 7 11 4
23 8 6 19
23 10 5 4
23 11 14 16
23 12 11 15
23 13 13 0
23 15 2 9
23 16 17 3
23 17 16 9
23 18 6 16
23 19 18 5
23 20 20 12
23 22 4 3
23 23 11 19
23 24 13 4
23 25 0 10
23 27 6 7
23 28 1 4
23 31 4 3
23 32 3 4
23 33 3 17
23 34 12 6
23 37 10 19
23 38 9 0
23 39 19 18
23 40 8 13
23 41 2 8
23 44 14 16
23 45 19 7
23 46 8 0
23 47 1 0
24 0 16 8
24 1 10 4
24 2 20 17
24 3 9 7
24 4 15 19
24 6 0 8
24 9 7 2
24 12 20 5
24 13 20 8
24 15 10 16
24 16 13 5
24 17 0 9
24 18 3 10
24 19 1 15
24 22 17 9
24 25 4 17
24 26 14 16
24 27 19 12
24 28 12 17
24 29 13 7
24 31 18 17
24 32 0 1
24 33 11 8
24 34 17 13
24 35 12 3
24 36 1 18
24 39 4 16
24 40 17 17
24 41 16 1
24 42 7 9
24 43 19 16
24 45 10 12
24 46 15 19
24 47 7 6
24 49 1 18
25 0 14 8
25 1 12 15
25 2 4 16
25 3 8 8
25 4 15 20
25 6 5 5
25 7 5 17
25 8 20 2
25 9 13 17
25 10 10 9
25 11 13 12
25 12 17 4
25 13 9 9
25 15 6 10
25 16 20 6
25 17 16 1
25 18 1 9
25 19 4 15
25 21 8 8
25 22 2 1
25 23 9 14
25 24 12 0
25 25 8 16
25 26 2 7
25 27 5 13
25 28 14 4
25 29 3 11
25 30 18 13
25 33 18 18
25 34 1 0
25 35 19 3
25 36 8 7
25 37 15 0
25 38 17 7
25 39 0 16
25 40 20 1
25 41 1 8
25 45 7 7
25 46 15 1
25 47 9 12
25 48 4 16
25 49 16 4
26 1 1 19
26 2 7 14
26 3 8 3
26 5 10 8
26 6 12 19
26 7 17 0
26 8 17 1
26 9 12 8
26 12 20 14
26 13 14 11
26 14 4 4
26 17 12 1
26 19 10 15
26 21 0 5
26 22 1 0
26 23 12 1
26 24 18 0
26 25 13 6
26 26 13 11
26 27 7 19
26 28 11 16
26 29 0 20
26 30 16 18
26 31 20 17
26 32 2 12
26 33 6 3
26 34 4 9
26 36 14 18
26 37 1 2
26 38 9 19
26 39 14 16
26 40 16 12
26 41 7 14
26 42 11 16
26 43 2 10
26 44 0 18
26 45 5 16
26 46 20 4
26 47 2 8
26 48 0 15
27 1 1 7
27 2 16 7
27 4 15 17
27 5 0 11
27 6 7 12
27 7 10 4
27 8 6 19
27 9 3 11
27 10 8 6
27 11 4 17
27 12 7 12
27 13 1 9
27 14 16 7
27 15 11 1
27 16 7 16
27 17 16 12
27 20 3 13
27 21 9 18
27 22 20 11
27 23 16 1
27 24 20 19
27 25 20 7
27 26 17 3
27 27 1 3
27 28 9 8
27 29 0 5
27 31 1 6
27 32 9 7
27 33 2 9
27 34 10 16
27 35 20 7
27 36 17 18
27 37 7 1
27 38 7 9
27 39 12 7
27 40 9 20
27 41 6 0
27 42 5 14
27 44 8 14
27 45 16 4
27 46 8 10
27 47 15 13
27 48 18 5
27 49 17 20
28 0 19 17
28 2 1 12
28 3 8 3
28 4 1 19
28 6 4 8
28 7 19 1
28 8 6 0
28 9 12 15
28 10 7 13
28 12 14 17
28 14 13 1
28 16 20 7
28 17 11 6
28 18 19 8
28 20 6 5
28 21 4 18
28 22 9 17
28 27 12 0
28 28 4 19
28 29 18 9
28 30 13 5
28 32 5 20
28 33 14 1
28 34 11 9
28 35 9 5
28 36 18 15
28 37 3 3
28 38 13 17
28 39 16 10
28 40 15 0
28 41 15 13
28 42 7 20
28 43 16 7
28 44 6 18
28 45 7 8
28 46 16 0
28 47 15 0
28 49 3 19
29 1 8 4
29 2 20 9
29 3 8 17
29 4 14 8
29 5 15 2
29 6 7 10
29 8 0 12
29 9 19 7
29 10 16 12
29 11 18 18
29 12 19 7
29 13 8 7
29 15 10 7
29 16 2 19
29 18 20 16
29 19 15 20
29 20 13 4
29 21 12 4
29 22 7 20
29 23 15 15
29 24 0 17
29 25 5 10
29 26 14 9
29 27 17 11
29 30 8 18
29 31 20 11
29 32 0 13
29 33 17 10
29 34 1 12
29 35 2 6
29 36 1 12
29 37 16 1
29 38 3 11
29 39 3 16
29 40 13 14
29 43 15 18
29 44 7 18
29 45 3 6
29 46 11 16
29 47 16 12
29 48 15 10
29 49 17 1
30 0 10 5
30 1 15 8
30 3 3 3
30 4 19 8
30 5 14 19
30 6 2 18
30 7 17 2
30 9 4 5
30 10 7 3
30 12 4 4
30 13 2 8
30 14 10 5
30 15 20 14
30 16 11 14
30 17 0 13
30 18 18 3
30 19 2 20
30 20 5 19
30 21 6 1
30 23 8 13
30 24 5 0
30 25 14 6
30 26 16 14
30 27 2 18
30 28 8 0
30 30 20 6
30 31 19 6
30 32 8 16
30 33 9 16
30 34 7 7
30 35 19 2
30 36 0 11
30 37 16 14
30 38 8 8
30 39 14 8
30 40 10 1
30 41 4 4
30 42 6 19
30 44 11 16
30 45 18 2
30 46 6 11
30 49 7 3
31 0 2 8
31 1 14 3
31 2 18 20
31 3 13 3
31 4 19 5
31 5 6 10
31 7 12 13
31 8 1 0
31 9 10 20
31 10 17 3
31 11 13 1
31 12 16 9
31 13 18 18
31 15 1 11
31 16 16 10
31 17 0 15
31 18 15 8
31 20 0 6
31 22 17 11
31 23 0 15
31 24 2 7
31 25 0 4
31 26 20 19
31 27 0 6
31 28 18 14
31 29 14 6
31 30 13 15
31 31 10 1
31 32 0 19
31 35 2 7
31 36 15 8
31 37 12 2
31 38 11 10
31 39 2 20
31 40 13 12
31 41 1 8
31 42 11 13
31 43 2 12
31 44 1 12
31 45 2 14
31 46 3 13
31 47 10 15
31 48 6 3
31 49 15 8
32 0 20 17
32 1 3 9
32 2 11 3
32 4 12 10
32 6 3 6
32 9 20 12
32 10 0 4
32 11 5 14
32 13 8 19
32 14 16 3
32 15 7 12
32 16 19 18
32 17 4 12
32 18 8 8
32 19 17 3
32 20 13 2
32 21 5 10
32 22 3 20
32 23 14 11
32 24 18 4
32 25 9 2
32 26 19 11
32 27 19 20
32 28 5 18
32 29 19 7
32 30 4 0
32 32 0 7
32 33 10 6
32 34 4 1
32 35 17 17
32 36 16 18
32 37 12 16
32 38 14 15
32 39 9 9
32 40 9 19
32 42 3 2
32 43 18 6
32 44 19 0
32 45 13 6
32 46 20 7
32 47 11 1
32 48 0 13
32 49 8 18
33 0 5 13
33 1 13 11
33 3 6 3
33 4 18 4
33 5 3 5
33 6 14 8
33 7 15 15
33 8 10 13
33 9 20 17
33 10 19 7
33 11 20 11
33 12 6 18
33 13 12 6
33 15 3 16
33 16 18 12
33 17 2 12
33 18 18 2
33 19 19 9
33 20 14 7
33 22 12 0
33 23 6 3
33 24 1 11
33 25 18 10
33 26 6 1
33 28 10 11
33 30 10 15
33 31 1 11
33 32 1 14
33 33 20 6
33 34 9 9
33 35 1 19
33 36 18 17
33 37 15 15
33 38 2 8
33 39 15 0
33 40 5 15
33 41 17 8
33 43 20 2
33 44 13 20
33 45 1 9
33 46 10 15
33 47 20 5
33 48 18 12
33 49 16 14
34 0 0 14
34 1 13 7
34 2 12 11
34 3 6 6
34 4 3 4
34 5 19 6
34 6 3 1
34 7 9 9
34 8 9 1
34 9 3 19
34 10 1 1
34 12 16 17
34 13 17 4
34 14 14 17
34 18 20 14
34 19 19 14
34 20 6 3
34 22 18 9
34 23 2 3
34 24 15 18
34 25 5 20
34 27 3 15
34 28 17 19
34 30 10 3
34 31 11 20
34 33 13 4
34 34 3 7
34 35 13 5
34 36 10 18
34 37 14 14
34 39 13 20
34 40 17 4
34 41 2 19
34 42 8 3
34 43 5 6
34 44 2 1
34 46 1 12
34 47 17 2
34 48 12 15
34 49 7 5
35 0 9 15
35 1 14 18
35 2 0 16
35 3 9 16
35 4 10 20
35 5 6 17
35 7 6 0
35 8 7 20
35 10 20 5
35 11 20 2
35 12 20 13
35 14 12 3
35 17 4 3
35 19 4 17
35 20 3 0
35 22 11 14
35 23 3 1
35 24 18 17
35 25 9 4
35 26 19 2
35 29 11 7
35 30 3 11
35 31 14 13
35 32 1 11
35 34 3 9
35 35 6 9
35 39 15 16
35 40 4 12
35 42 19 13
35 44 11 20
35 45 0 9
35 46 2 12
35 47 9 16
35 48 2 20
35 49 12 15
36 1 6 14
36 2 7 1
36 3 8 14
36 5 18 2
36 6 6 14
36 7 8 16
36 8 13 14
36 9 1 19
36 10 16 17
36 11 3 5
36 12 9 16
36 16 13 13
36 17 3 4
36 18 0 3
36 19 14 5
36 20 0 6
36 21 14 11
36 22 11 6
36 24 13 20
36 25 7 18
36 26 15 4
36 27 10 11
36 29 5 14
36 30 11 12
36 31 17 19
36 32 20 12
36 34 10 17
36 35 1 20
36 37 10 9
36 38 7 12
36 39 7 18
36 40 3 0
36 41 16 11
36 42 3 20
36 43 9 4
36 45 8 13
36 46 16 2
36 47 6 7
36 48 18 9
36 49 14 4
37 0 9 17
37 1 4 12
37 2 19 18
37 3 13 18
37 6 9 14
37 7 18 15
37 8 20 5
37 9 1 15
37 10 16 3
37 12 19 0
37 14 6 5
37 16 6 9
37 18 5 2
37 19 1 3
37 21 9 11
37 22 15 6
37 23 6 6
37 24 6 9
37 25 13 19
37 26 2 4
37 27 7 1
37 29 6 18
37 30 2 5
37 31 13 16
37 32 9 0
37 33 1 0
37 34 18 8
37 37 2 20
37 38 4 11
37 39 0 9
37 40 14 17
37 41 12 18
37 42 10 7
37 43 4 19
37 44 11 11
37 45 18 20
37 46 8 2
37 47 20 16
37 48 7 17
37 49 9 4
38 0 11 2
38 1 6 0
38 3 2 15
38 4 8 20
38 6 8 17
38 9 16 4
38 11 15 7
38 13 8 6
38 14 5 1
38 15 5 7
38 16 5 8
38 17 4 13
38 18 2 7
38 19 15 19
38 20 3 17
38 21 16 2
38 22 18 20
38 23 19 5
38 24 14 1
38 25 4 17
38 26 1 15
38 27 20 16
38 28 18 17
38 30 14 13
38 31 4 20
38 32 6 3
38 33 11 3
38 34 2 13
38 35 19 8
38 36 17 16
38 37 4 19
38 38 13 12
38 39 15 13
38 40 9 12
38 41 7 3
38 42 16 11
38 43 2 3
38 44 9 17
38 45 17 18
38 46 10 1
38 47 12 12
38 48 18 11
38 49 4 18
39 0 2 2
39 1 6 16
39 2 16 3
39 3 19 19
39 4 12 6
39 5 5 8
39 6 9 11
39 10 13 5
39 11 13 1
39 12 4 7
39 13 19 12
39 14 1 5
39 15 20 5
39 16 9 3
39 17 6 14
39 18 19 2
39 19 13 14
39 20 15 14
39 21 0 1
39 22 3 1
39 23 14 7
39 25 19 17
39 26 17 7
39 27 20 13
39 29 11 5
39 30 5 17
39 32 11 2
39 33 17 9
39 34 1 1
39 36 16 20
39 38 10 4
39 39 11 5
39 40 19 12
39 41 4 14
39 42 6 8
39 43 0 6
39 46 17 3
39 47 6 2
39 48 19 18
40 0 17 7
40 1 20 13
40 2 20 2
40 3 11 2
40 4 11 17
40 5 20 2
40 6 10 0
40 7 17 18
40 8 12 15
40 9 1 3
40 10 19 18
40 12 1 2
40 13 14 4
40 14 7 8
40 15 3 20
40 16 8 13
40 19 4 13
40 20 4 16
40 21 9 5
40 23 20 10
40 24 16 20
40 25 12 6
40 26 20 2
40 27 0 13
40 29 20 20
40 30 7 0
40 32 9 17
40 33 17 11
40 34 8 11
40 35 7 9
40 36 19 16
40 37 11 3
40 38 11 13
40 40 11 6
40 42 13 9
40 43 15 17
40 46 6 14
40 47 12 19
40 48 5 12
40 49 12 18
41 0 19 17
41 1 5 19
41 2 16 18
41 3 13 6
41 5 6 4
41 6 14 10
41 7 9 0
41 8 15 8
41 11 3 18
41 13 9 6
41 14 0 16
41 15 7 2
41 16 14 11
41 17 2 17
41 18 16 15
41 19 16 3
41 20 20 9
41 21 19 12
41 22 0 0
41 23 11 7
41 24 2 15
41 25 3 6
41 27 2 12
41 28 12 12
41 29 20 19
41 30 6 10
41 31 13 1
41 32 7 16
41 34 0 5
41 36 8 8
41 37 4 7
41 38 0 14
41 39 2 11
41 41 6 9
41 42 18 16
41 43 6 0
41 44 1 12
41 45 13 7
41 46 14 14
41 47 9 16
41 48 10 10
41 49 18 4
42 0 1 19
42 3 8 10
42 5 16 20
42 6 17 19
42 8 15 4
42 10 11 13
42 11 18 7
42 12 5 4
42 13 6 5
42 15 4 9
42 16 17 14
42 17 13 16
42 18 0 14
42 19 3 10
42 21 8 7
42 22 20 5
42 23 13 13
42 24 14 18
42 25 7 14
42 26 19 7
42 28 15 19
42 29 0 17
42 30 18 1
42 31 11 6
42 32 5 20
42 33 2 20
42 34 10 10
42 35 15 3
42 36 13 11
42 37 3 7
42 38 6 5
42 39 3 9
42 40 10 14
42 41 15 1
42 42 9 8
42 43 4 14
42 44 5 5
42 45 11 4
42 46 10 4
42 47 15 19
42 49 1 15
43 1 16 5
43 2 8 3
43 3 17 15
43 4 5 19
43 5 18 19
43 6 3 5
43 8 5 18
43 9 18 17
43 10 5 6
43 11 1 3
43 12 18 11
43 13 5 8
43 14 3 10
43 15 7 8
43 16 18 1
43 17 8 3
43 18 17 15
43 19 1 15
43 20 4 9
43 21 13 14
43 22 2 7
43 25 2 0
43 26 11 2
43 27 12 4
43 28 11 1
43 29 15 3
43 30 19 3
43 31 20 4
43 33 5 12
43 35 8 8
43 36 6 9
43 37 11 19
43 38 8 7
43 40 8 19
43 41 15 17
43 42 3 3
43 43 0 8
43 44 8 5
43 45 1 13
43 46 5 13
43 48 0 2
44 0 14 15
44 1 6 13
44 2 1 17
44 3 17 10
44 4 14 8
44 5 5 3
44 6 17 20
44 8 9 3
44 9 15 18
44 10 0 11
44 11 4 1
44 14 3 12
44 15 0 11
44 17 7 10
44 18 7 7
44 19 14 13
44 20 3 9
44 21 6 14
44 22 15 20
44 23 2 6
44 24 9 11
44 25 17 11
44 26 0 18
44 27 2 7
44 28 20 11
44 29 19 6
44 30 9 10
44 31 1 7
44 32 10 17
44 33 2 0
44 34 20 14
44 35 8 16
44 36 8 1
44 37 9 15
44 38 4 2
44 39 6 0
44 41 0 3
44 43 4 3
44 44 9 13
44 45 18 3
44 46 1 1
44 48 12 11
44 49 14 12
45 0 4 13
45 1 10 15
45 2 14 18
45 3 4 3
45 4 8 3
45 5 18 4
45 6 0 10
45 7 16 13
45 8 8 16
45 9 18 9
45 10 2 4
45 11 19 0
45 12 17 5
45 13 1 3
45 15 4 4
45 16 14 17
45 17 11 0
45 18 19 5
45 19 17 16
45 20 8 9
45 21 8 20
45 22 17 4
45 23 10 3
45 25 13 17
45 26 11 4
45 28 1 7
45 29 19 4
45 31 4 11
45 32 5 4
45 33 11 8
45 35 8 7
45 36 12 0
45 37 6 13
45 38 4 9
45 39 13 20
45 40 13 19
45 41 5 20
45 42 10 19
45 44 5 7
45 45 8 8
45 46 18 18
45 47 4 8
45 48 1 0
45 49 0 4
46 0 9 10
46 2 10 16
46 3 2 1
46 4 1 17
46 5 18 18
46 7 17 7
46 8 4 17
46 9 11 3
46 10 19 10
46 11 17 15
46 14 15 2
46 16 12 18
46 17 2 9
46 19 20 1
46 20 20 4
46 21 7 4
46 23 7 6
46 24 8 5
46 25 6 0
46 26 6 17
46 27 18 15
46 28 4 16
46 29 14 20
46 31 16 8
46 33 20 6
46 34 5 19
46 35 9 19
46 38 14 11
46 39 10 3
46 40 10 9
46 41 18 17
46 42 8 3
46 43 12 16
46 45 19 18
46 46 18 11
46 48 11 6
46 49 18 6
47 1 20 1
47 2 10 5
47 3 15 3
47 4 6 2
47 5 0 6
47 7 7 9
47 8 19 7
47 9 16 17
47 10 5 2
47 12 2 5
47 14 9 4
47 15 15 12
47 16 6 17
47 18 4 2
47 19 13 20
47 20 14 12
47 21 11 16
47 22 19 4
47 26 13 11
47 28 9 18
47 29 12 14
47 30 8 6
47 31 14 1
47 32 2 16
47 33 4 20
47 35 6 13
47 36 4 7
47 37 18 10
47 38 7 14
47 40 10 7
47 41 10 4
47 42 2 19
47 44 4 17
47 45 4 7
47 46 20 7
47 47 0 18
47 48 13 15
47 49 19 10
48 3 4 9
48 4 14 13
48 5 3 8
48 6 10 18
48 9 10 20
48 10 14 20
48 11 2 16
48 12 2 5
48 13 14 13
48 14 2 10
48 18 19 10
48 19 18 15
48 20 19 0
48 22 6 5
48 24 16 7
48 25 12 3
48 26 19 12
48 27 0 9
48 29 14 13
48 30 19 13
48 31 20 10
48 32 20 0
48 33 13 5
48 35 3 6
48 36 10 0
48 38 15 0
48 39 13 1
48 40 20 5
48 41 4 9
48 42 5 11
48 45 2 19
48 46 1 20
48 47 11 19
48 49 12 14
49 0 12 20
49 1 1 3
49 2 15 5
49 4 2 0
49 6 11 14
49 7 18 20
49 8 19 3
49 10 12 11
49 11 6 7
49 13 11 10
49 14 14 20
49 15 5 20
49 16 19 11
49 17 9 0
49 19 8 13
49 22 6 16
49 23 9 6
49 24 7 18
49 25 15 10
49 26 14 11
49 27 1 7
49 28 17 16
49 29 19 8
49 30 13 9
49 31 0 2
49 32 16 19
49 33 15 1
49 34 18 16
49 37 19 10
49 38 17 3
49 39 6 10
49 40 16 20
49 41 12 20
49 44 7 16
49 46 7 10
49 47 10 12
49 49 12 2
