50
2
0 0 0 10
0 1 15 13
0 2 13 9
0 3 18 17
0 4 2 2
0 5 11 14
0 7 8 1
0 10 20 3
0 11 9 11
0 12 14 20
0 13 0 6
0 14 3 3
0 15 16 5
0 16 3 4
0 17 14 5
0 18 11 17
0 19 2 4
0 20 20 9
0 22 16 7
0 23 18 12
0 24 2 14
0 25 6 13
0 27 17 1
0 28 4 19
0 29 19 13
0 30 2 14
0 31 20 6
0 33 11 5
0 34 0 14
0 35 10 11
0 36 13 3
0 38 10 0
0 39 2 8
0 40 0 9
0 41 7 1
0 42 6 3
0 43 18 11
0 44 8 18
0 45 7 19
0 47 1 19
0 48 9 14
0 49 8 17
1 0 11 14
1 1 7 17
1 2 20 2
1 3 16 8
1 4 17 4
1 5 2 12
1 6 17 7
1 7 14 13
1 8 8 15
1 9 10 17
1 11 16 17
1 13 17 2
1 15 2 19
1 16 1 1
1 17 18 3
1 18 3 0
1 20 11 5
1 21 11 17
1 22 18 17
1 23 6 10
1 25 12 7
1 26 16 13
1 27 18 18
1 30 17 15
1 31 19 9
1 32 15 1
1 33 14 6
1 34 9 1
1 35 12 5
1 37 17 7
1 38 3 6
1 39 19 16
1 40 5 14
1 41 0 10
1 42 19 6
1 44 5 11
1 46 7 7
1 47 8 11
1 49 20 20
2 1 4 4
2 2 14 6
2 3 18 6
2 5 14 19
2 8 5 4
2 10 1 17
2 12 15 10
2 15 18 20
2 17 11 6
2 18 15 7
2 19 9 2
2 21 3 1
2 22 8 9
2 23 7 19
2 24 14 16
2 25 7 17
2 27 16 4
2 28 14 19
2 31 4 10
2 32 6 11
2 33 19 19
2 34 13 8
2 35 14 12
2 36 11 14
2 37 9 7
2 38 10 14
2 39 10 3
2 40 10 5
2 41 20 13
2 42 0 4
2 43 1 11
2 44 14 1
2 45 4 8
2 46 18 13
2 47 2 7
2 48 7 11
3 0 3 13
3 1 20 17
3 2 19 16
3 3 3 3
3 4 3 18
3 5 2 12
3 6 10 13
3 7 5 20
3 8 7 3
3 11 5 0
3 12 1 20
3 13 19 3
3 14 3 0
3 16 2 10
3 17 12 13
3 19 7 15
3 20 17 19
3 21 13 11
3 22 20 8
3 23 15 7
3 24 9 3
3 25 5 5
3 26 7 16
3 27 11 9
3 28 15 3
3 29 7 15
3 30 12 7
3 31 6 16
3 32 16 2
3 33 14 2
3 34 9 14
3 35 0 6
3 36 10 17
3 38 12 5
3 39 13 13
3 40 20 4
3 41 15 10
3 45 13 20
3 46 9 4
3 47 1 3
3 48 19 12
4 0 7 19
4 1 15 0
4 2 11 3
4 3 6 17
4 5 18 18
4 7 8 15
4 8 15 18
4 9 12 11
4 10 18 20
4 11 2 2
4 12 20 11
4 13 15 7
4 14 5 20
4 15 11 8
4 17 20 8
4 18 11 5
4 20 12 7
4 21 5 4
4 22 18 16
4 23 2 18
4 24 14 12
4 25 12 10
4 26 6 17
4 27 3 11
4 28 12 2
4 29 13 19
4 33 7 15
4 34 4 14
4 35 2 10
4 36 2 6
4 37 2 16
4 40 17 1
4 41 12 8
4 42 13 2
4 43 18 11
4 44 15 7
4 45 12 1
4 46 4 2
4 47 6 18
4 49 2 8
5 0 16 10
5 1 13 3
5 3 9 15
5 4 16 5
5 5 4 17
5 6 4 18
5 7 2 14
5 8 1 16
5 11 8 11
5 12 0 18
5 13 9 2
5 15 11 15
5 16 8 4
5 17 6 15
5 18 17 13
5 19 9 9
5 20 20 14
5 21 15 20
5 22 10 8
5 23 11 3
5 25 7 11
5 26 13 14
5 27 20 13
5 28 5 15
5 29 4 20
5 31 18 14
5 33 6 1
5 34 14 12
5 35 11 15
5 36 20 9
5 37 18 19
5 38 2 0
5 40 19 17
5 41 5 11
5 42 1 20
5 43 6 18
5 44 2 12
5 46 14 12
5 48 5 7
5 49 1 17
6 1 1 6
6 2 19 1
6 3 2 7
6 4 2 0
6 7 1 20
6 8 4 17
6 9 11 1
6 10 13 19
6 11 17 9
6 12 13 20
6 13 10 13
6 15 8 17
6 16 20 12
6 17 6 4
6 18 11 4
6 19 10 9
6 21 14 5
6 23 5 9
6 24 6 12
6 25 5 16
6 26 12 18
6 27 1 5
6 28 4 6
6 29 0 6
6 30 15 5
6 31 15 14
6 32 19 5
6 33 5 20
6 34 3 8
6 35 3 11
6 36 14 15
6 37 14 7
6 38 2 12
6 39 16 15
6 40 3 8
6 41 12 8
6 42 16 2
6 43 19 18
6 44 0 12
6 46 14 4
6 47 9 6
6 48 14 12
6 49 6 1
7 1 14 19
7 2 5 11
7 3 8 15
7 4 12 11
7 5 18 12
7 6 19 10
7 7 15 9
7 9 18 8
7 10 15 6
7 13 7 10
7 14 12 4
7 15 6 15
7 16 6 16
7 17 3 7
7 18 6 6
7 20 1 18
7 21 17 14
7 22 9 12
7 23 16 0
7 24 9 18
7 25 18 3
7 26 12 18
7 28 17 19
7 29 7 17
7 30 19 3
7 31 16 19
7 32 14 12
7 33 19 0
7 35 17 10
7 36 13 17
7 38 0 3
7 39 17 20
7 40 15 20
7 41 16 19
7 42 15 6
7 43 0 1
7 44 5 11
7 45 9 0
7 46 16 11
7 47 9 6
7 48 6 20
7 49 1 17
8 0 18 15
8 1 9 12
8 2 5 9
8 3 2 11
8 4 2 7
8 5 15 16
8 6 20 3
8 8 9 16
8 9 3 19
8 10 3 6
8 11 16 19
8 12 10 3
8 13 3 4
8 16 7 5
8 17 5 12
8 18 12 20
8 19 11 1
8 20 16 1
8 21 8 6
8 22 13 18
8 24 17 12
8 25 2 5
8 26 8 9
8 27 9 20
8 28 11 1
8 30 11 11
8 31 0 19
8 32 6 16
8 33 6 17
8 34 9 13
8 35 9 8
8 36 0 16
8 37 15 0
8 38 7 17
8 39 17 3
8 40 1 18
8 41 12 14
8 43 6 15
8 44 16 12
8 45 15 0
8 48 18 19
8 49 1 17
9 0 2 16
9 1 19 7
9 2 8 18
9 3 8 19
9 4 8 1
9 5 15 11
9 6 18 13
9 7 19 3
9 8 5 18
9 9 2 6
9 10 12 0
9 11 16 11
9 13 8 14
9 15 4 1
9 16 7 15
9 17 2 18
9 19 5 10
9 20 13 15
9 21 6 12
9 22 8 10
9 23 7 9
9 24 0 0
9 25 16 14
9 26 6 10
9 28 18 9
9 29 16 2
9 30 9 4
9 31 4 3
9 32 20 6
9 35 3 11
9 36 17 18
9 38 16 14
9 39 8 5
9 40 8 12
9 41 13 20
9 44 5 19
9 45 8 0
9 46 12 5
9 49 5 5
10 0 2 5
10 5 6 18
10 6 15 4
10 7 4 18
10 8 15 18
10 9 17 20
10 11 0 7
10 12 7 15
10 14 1 10
10 16 18 1
10 18 1 10
10 19 3 12
10 20 6 5
10 21 16 15
10 24 10 20
10 25 16 3
10 26 0 3
10 27 5 14
10 29 4 20
10 30 2 4
10 31 0 12
10 32 4 19
10 34 20 19
10 35 6 5
10 36 6 20
10 37 6 1
10 38 9 11
10 39 9 18
10 40 4 13
10 42 19 10
10 43 12 6
10 44 9 15
10 45 6 19
10 47 1 7
10 48 20 7
10 49 4 6
11 0 0 18
11 1 7 8
11 2 9 5
11 3 10 20
11 5 0 10
11 7 7 5
11 8 9 4
11 11 9 15
11 12 2 12
11 13 6 0
11 14 17 12
11 15 11 2
11 16 6 7
11 17 19 16
11 18 17 17
11 19 18 16
11 20 20 3
11 21 11 3
11 22 13 19
11 23 20 11
11 24 13 13
11 25 1 19
11 26 20 5
11 28 15 12
11 29 17 20
11 30 1 1
11 32 17 7
11 35 5 0
11 36 13 11
11 37 15 2
11 38 20 3
11 39 4 15
11 41 8 17
11 42 8 13
11 43 14 12
11 45 2 4
11 47 14 4
11 48 16 13
11 49 11 12
12 0 7 16
12 1 14 2
12 2 16 16
12 7 19 3
12 8 3 13
12 9 2 10
12 12 12 14
12 13 13 7
12 14 14 16
12 15 9 18
12 16 9 9
12 18 1 5
12 19 11 1
12 20 8 6
12 22 14 13
12 25 11 4
12 26 16 9
12 27 6 11
12 28 2 6
12 29 18 7
12 30 4 0
12 31 20 3
12 33 4 10
12 35 13 0
12 36 12 14
12 39 13 16
12 40 0 1
12 41 3 3
12 42 15 17
12 43 16 15
12 44 5 7
12 45 13 9
12 47 3 7
12 49 19 8
13 0 11 17
13 1 2 12
13 2 17 15
13 4 1 17
13 5 16 17
13 6 1 4
13 7 5 11
13 10 11 0
13 11 20 20
13 12 1 12
13 13 0 0
13 14 20 4
13 15 5 7
13 17 13 14
13 18 13 5
13 19 6 15
13 20 20 20
13 21 5 1
13 22 1 5
13 24 8 5
13 25 11 4
13 26 10 4
13 28 18 8
13 29 14 13
13 31 1 12
13 33 12 18
13 34 19 3
13 35 2 5
13 36 18 14
13 37 10 0
13 38 15 10
13 40 0 13
13 41 0 12
13 42 6 16
13 43 11 11
13 44 9 9
13 46 12 9
13 48 8 11
14 0 14 5
14 1 2 16
14 2 7 2
14 3 14 14
14 5 12 15
14 7 14 3
14 8 10 11
14 10 6 5
14 11 11 19
14 12 7 16
14 13 5 9
14 14 18 14
14 16 20 3
14 17 9 1
14 18 3 3
14 19 15 3
14 20 8 9
14 21 7 15
14 22 12 7
14 24 17 14
14 26 9 9
14 27 20 19
14 28 0 2
14 29 0 16
14 32 19 8
14 34 13 18
14 35 12 9
14 36 10 1
14 37 11 10
14 38 18 2
14 39 15 8
14 40 0 18
14 41 0 6
14 43 1 1
14 44 7 17
14 45 2 9
14 46 20 5
14 47 9 0
14 48 18 0
14 49 14 19
15 0 14 11
15 1 3 4
15 2 3 19
15 4 3 3
15 5 0 5
15 6 12 7
15 7 8 4
15 8 5 6
15 10 12 20
15 11 5 13
15 12 18 16
15 13 0 1
15 14 16 19
15 15 18 9
15 17 20 11
15 18 5 7
15 19 17 2
15 20 15 12
15 24 3 5
15 25 11 3
15 26 0 11
15 28 14 15
15 29 16 9
15 30 14 10
15 31 5 14
15 32 6 5
15 33 7 9
15 36 15 17
15 37 2 17
15 38 6 18
15 39 8 18
15 40 12 8
15 42 17 7
15 43 11 11
15 45 5 7
15 47 5 19
15 48 13 6
15 49 17 11
16 0 5 0
16 3 10 18
16 5 12 13
16 6 15 11
16 7 4 17
16 8 1 2
16 9 5 15
16 10 11 0
16 11 10 15
16 12 3 19
16 14 15 2
16 15 4 2
16 17 17 6
16 18 14 9
16 19 9 12
16 20 17 14
16 21 2 0
16 24 10 18
16 25 7 9
16 26 13 13
16 27 1 4
16 28 20 13
16 29 1 17
16 30 17 16
16 32 18 9
16 33 14 18
16 36 1 3
16 37 14 7
16 39 0 15
16 40 18 3
16 42 4 6
16 43 17 14
16 44 12 9
16 45 5 8
16 46 19 1
16 47 18 13
16 48 18 4
16 49 13 19
17 0 2 11
17 1 4 9
17 3 7 16
17 4 1 18
17 5 4 3
17 6 0 11
17 7 13 0
17 11 17 3
17 12 17 8
17 13 17 10
17 16 6 6
17 18 10 0
17 19 16 5
17 21 5 16
17 24 14 3
17 25 6 14
17 26 7 3
17 27 18 0
17 30 12 15
17 31 11 8
17 32 6 1
17 33 8 1
17 34 0 12
17 35 3 19
17 36 11 12
17 38 3 10
17 39 1 16
17 40 7 20
17 42 11 2
17 44 17 5
17 45 3 19
17 47 9 8
17 48 2 20
18 0 16 1
18 1 7 13
18 2 17 5
18 3 19 1
18 4 3 13
18 5 1 0
18 7 4 3
18 8 8 18
18 9 17 17
18 10 7 0
18 11 7 14
18 12 11 17
18 14 4 13
18 15 11 16
18 17 20 12
18 18 20 17
18 19 10 20
18 20 0 11
18 21 11 18
18 22 20 6
18 24 10 8
18 26 2 11
18 27 5 20
18 28 2 13
18 29 4 15
18 30 8 4
18 31 14 10
18 32 4 13
18 33 7 8
18 34 10 8
18 35 4 3
18 37 9 5
18 38 11 8
18 39 2 2
18 41 4 16
18 43 2 9
18 45 11 14
18 46 17 10
18 48 10 2
18 49 7 1
19 1 16 3
19 2 8 16
19 5 8 7
19 6 16 15
19 8 16 20
19 9 6 15
19 10 18 7
19 12 19 16
19 13 18 17
19 17 6 6
19 18 3 9
19 19 14 13
19 22 3 14
19 23 14 9
19 24 7 14
19 25 20 11
19 26 3 9
19 27 14 14
19 29 9 12
19 31 11 19
19 32 15 2
19 35 12 7
19 36 7 5
19 37 5 13
19 39 0 18
19 40 13 8
19 42 5 6
19 44 16 0
19 47 10 19
19 48 3 12
19 49 11 13
20 0 19 15
20 1 17 0
20 2 6 9
20 4 19 14
20 5 18 2
20 7 7 0
20 8 4 2
20 9 6 18
20 10 2 9
20 11 6 13
20 12 2 3
20 13 11 4
20 14 15 13
20 15 20 4
20 18 15 8
20 20 4 8
20 21 3 2
20 22 17 0
20 23 20 3
20 26 2 17
20 28 17 19
20 29 8 10
20 30 7 17
20 33 6 2
20 35 13 4
20 36 10 20
20 37 12 4
20 38 15 3
20 40 14 10
20 41 0 20
20 44 18 2
20 45 20 6
20 47 12 8
20 48 11 14
20 49 8 18
21 0 0 16
21 1 3 16
21 2 18 13
21 3 1 2
21 7 17 16
21 8 17 11
21 9 13 4
21 10 18 0
21 12 19 11
21 13 11 15
21 14 12 17
21 16 6 5
21 17 19 19
21 19 9 8
21 20 9 8
21 21 17 16
21 22 16 2
21 23 3 17
21 24 0 20
21 25 19 8
21 26 1 4
21 27 14 6
21 28 14 2
21 29 9 0
21 30 10 10
21 31 6 20
21 32 3 19
21 33 9 2
21 34 16 15
21 35 8 20
21 37 8 13
21 38 19 20
21 39 0 19
21 40 11 13
21 41 8 7
21 42 16 7
21 44 9 15
21 45 13 3
21 46 11 14
21 47 17 9
21 48 15 9
22 1 3 9
22 2 0 8
22 4 16 6
22 5 19 1
22 7 18 16
22 8 3 3
22 9 14 1
22 10 14 14
22 11 5 5
22 12 16 20
22 13 1 17
22 14 18 14
22 15 13 20
22 16 0 12
22 17 11 4
22 18 11 4
22 20 16 6
22 21 18 7
22 23 20 17
22 25 3 4
22 27 12 12
22 28 6 17
22 29 17 17
22 30 18 2
22 32 2 12
22 33 17 8
22 34 2 14
22 35 1 9
22 36 13 3
22 37 4 11
22 38 13 10
22 40 11 17
22 41 8 2
22 42 6 7
22 43 3 11
22 44 18 11
22 45 8 1
22 46 20 9
22 47 0 18
22 48 13 0
23 0 5 16
23 2 19 19
23 4 17 18
23 6 11 0
23 7 8 14
23 8 20 1
23 10 9 13
23 12 4 8
23 14 8 18
23 15 2 0
23 16 9 14
23 18 4 5
23 20 10 4
23 21 6 19
23 23 12 0
23 24 10 9
23 25 19 8
23 26 14 16
23 28 12 12
23 29 10 20
23 30 14 12
23 33 15 14
23 34 14 5
23 35 11 10
23 36 5 7
23 38 17 6
23 39 20 4
23 40 12 7
23 41 5 0
23 42 19 17
23 43 12 19
23 44 0 9
23 45 0 11
23 46 7 14
23 47 20 7
24 0 19 3
24 1 7 19
24 2 13 20
24 3 14 6
24 4 11 17
24 5 16 19
24 6 14 12
24 7 16 13
24 8 14 11
24 9 18 3
24 10 19 5
24 11 18 1
24 12 15 15
24 15 9 4
24 16 12 15
24 17 6 9
24 19 11 0
24 20 19 15
24 21 13 12
24 22 1 4
24 23 17 17
24 24 11 4
24 27 8 7
24 28 17 19
24 29 9 8
24 30 3 13
24 31 8 9
24 32 1 14
24 33 13 15
24 35 16 6
24 36 17 10
24 37 12 2
24 38 9 11
24 40 12 1
24 41 0 3
24 42 19 12
24 43 18 14
24 44 10 6
24 45 10 10
24 46 12 1
24 48 6 16
24 49 0 4
25 0 20 10
25 2 3 15
25 3 9 16
25 4 6 18
25 5 8 11
25 7 14 2
25 8 13 19
25 9 19 14
25 10 0 6
25 11 5 15
25 12 6 2
25 13 14 15
25 14 15 4
25 15 15 12
25 18 4 6
25 20 1 12
25 21 11 18
25 22 15 6
25 23 16 8
25 24 14 15
25 26 5 20
25 27 16 6
25 29 0 7
25 30 15 17
25 31 18 5
25 32 4 18
25 33 6 18
25 34 10 17
25 36 16 14
25 37 8 20
25 39 9 3
25 40 12 10
25 42 14 0
25 43 16 19
25 44 1 7
25 46 8 7
25 47 2 4
25 48 8 18
25 49 18 13
26 0 19 10
26 1 20 13
26 2 9 7
26 3 8 18
26 4 15 15
26 5 11 2
26 6 1 3
26 7 20 20
26 8 7 9
26 10 14 16
26 11 9 18
26 12 13 16
26 13 12 0
26 14 13 20
26 15 15 4
26 16 16 1
26 17 6 4
26 18 10 15
26 21 2 9
26 22 5 12
26 23 7 3
26 24 3 9
26 25 3 6
26 26 14 9
26 27 0 17
26 28 16 1
26 29 8 16
26 30 1 5
26 31 16 16
26 32 6 18
26 33 0 17
26 34 14 6
26 35 18 18
26 37 14 9
26 38 15 20
26 39 9 5
26 40 10 4
26 41 8 15
26 42 3 11
26 43 13 4
26 44 4 0
26 45 9 4
26 46 4 20
26 47 2 5
26 49 10 14
27 0 6 15
27 1 18 15
27 2 12 18
27 3 17 11
27 4 18 4
27 5 4 12
27 6 2 19
27 7 16 19
27 8 8 5
27 9 12 16
27 10 20 0
27 11 5 3
27 12 15 0
27 14 19 16
27 15 5 4
27 16 10 6
27 17 7 2
27 18 18 3
27 19 10 13
27 20 15 11
27 21 19 12
27 22 17 3
27 24 5 0
27 25 18 12
27 26 0 19
27 27 19 0
27 28 14 12
27 29 15 2
27 33 14 9
27 34 13 10
27 35 18 7
27 36 0 18
27 37 6 20
27 38 3 13
27 39 5 18
27 40 2 17
27 41 2 20
27 42 4 13
27 43 12 6
27 44 12 13
27 45 1 18
27 46 8 18
27 49 8 4
28 0 16 3
28 1 18 19
28 2 11 13
28 3 20 11
28 5 4 6
28 6 17 9
28 7 1 16
28 8 11 10
28 10 16 11
28 11 1 17
28 12 17 4
28 13 2 5
28 15 18 17
28 16 8 10
28 17 7 14
28 18 9 8
28 19 3 14
28 20 5 19
28 22 15 17
28 23 4 4
28 25 15 3
28 26 20 10
28 27 10 4
28 28 11 4
28 29 9 15
28 30 0 1
28 31 19 7
28 32 12 9
28 33 1 3
28 34 9 8
28 35 13 6
28 37 3 0
28 38 13 6
28 39 16 2
28 40 18 4
28 41 6 5
28 42 5 19
28 43 6 12
28 44 9 19
28 46 3 2
28 48 12 14
28 49 14 11
29 0 15 12
29 2 6 14
29 3 14 17
29 5 6 8
29 6 3 8
29 9 0 4
29 10 8 2
29 11 7 4
29 12 9 15
29 13 20 11
29 14 2 3
29 15 19 5
29 16 1 14
29 17 8 0
29 18 17 18
29 20 13 9
29 21 17 5
29 22 3 13
29 23 15 0
29 27 9 11
29 29 8 10
29 31 12 8
29 32 10 14
29 33 15 1
29 34 10 9
29 36 7 16
29 37 8 3
29 38 9 6
29 39 7 2
29 40 14 7
29 41 5 3
29 42 6 12
29 43 10 11
29 44 8 16
29 45 6 0
29 46 3 6
29 47 12 18
29 48 10 17
29 49 17 7
30 1 7 10
30 2 10 0
30 3 7 0
30 5 9 9
30 6 6 5
30 7 17 13
30 9 1 11
30 10 6 17
30 11 7 15
30 12 19 4
30 13 7 12
30 14 12 11
30 15 11 17
30 16 13 7
30 18 19 1
30 19 5 11
30 20 4 7
30 21 20 10
30 23 19 7
30 24 9 13
30 25 6 13
30 29 8 8
30 30 9 0
30 31 12 2
30 33 2 17
30 34 8 19
30 35 8 2
30 37 17 8
30 38 18 16
30 39 18 19
30 40 0 12
30 41 2 20
30 42 7 18
30 43 3 17
30 44 15 6
30 45 6 19
30 46 2 12
30 47 5 18
30 48 13 17
30 49 3 5
31 0 15 11
31 1 10 14
31 2 9 9
31 4 20 12
31 7 7 11
31 8 20 18
31 9 17 1
31 10 1 1
31 11 3 14
31 12 6 10
31 13 8 19
31 14 4 10
31 16 8 12
31 17 17 10
31 18 9 13
31 20 17 6
31 21 16 6
31 22 20 0
31 23 16 3
31 26 2 16
31 27 6 12
31 28 1 18
31 29 17 4
31 30 7 18
31 31 4 13
31 33 3 17
31 35 10 11
31 36 17 16
31 38 11 16
31 39 19 14
31 40 2 16
31 41 7 19
31 42 7 18
31 44 3 5
31 46 20 8
31 47 2 7
31 48 4 18
31 49 9 2
32 0 17 8
32 1 20 7
32 2 15 20
32 3 19 17
32 4 7 17
32 5 7 13
32 6 1 17
32 7 3 9
32 8 18 6
32 9 5 1
32 10 5 3
32 11 0 6
32 12 19 14
32 13 11 19
32 14 13 20
32 15 8 15
32 17 10 8
32 18 7 16
32 19 20 18
32 20 10 13
32 22 10 13
32 24 18 7
32 25 8 12
32 26 17 9
32 27 4 15
32 28 0 15
32 29 1 19
32 30 6 11
32 31 14 15
32 32 17 13
32 33 18 5
32 34 11 16
32 35 15 15
32 36 18 10
32 37 13 20
32 38 1 11
32 39 6 10
32 40 13 6
32 41 12 18
32 42 15 0
32 43 14 8
32 44 14 10
32 45 18 1
32 46 15 2
32 47 0 19
32 48 10 4
32 49 16 13
33 0 0 9
33 2 7 6
33 3 20 19
33 4 11 19
33 7 14 0
33 10 19 17
33 11 20 7
33 12 13 17
33 13 20 16
33 14 0 10
33 15 5 16
33 17 19 7
33 20 10 4
33 21 4 18
33 22 16 5
33 23 8 19
33 24 11 7
33 26 11 9
33 28 14 0
33 29 4 1
33 32 13 9
33 34 10 11
33 35 20 17
33 37 20 18
33 38 14 7
33 39 16 18
33 40 1 20
33 41 17 17
33 45 18 13
33 46 11 7
33 48 6 19
33 49 5 6
34 0 6 18
34 2 8 4
34 3 0 11
34 4 7 0
34 5 9 6
34 7 9 13
34 10 1 1
34 11 10 9
34 12 5 16
34 13 12 6
34 14 17 18
34 15 14 3
34 16 13 16
34 18 0 16
34 19 0 13
34 20 20 11
34 21 15 11
34 22 20 20
34 23 5 13
34 25 13 13
34 26 19 10
34 27 7 17
34 28 8 9
34 29 8 3
34 30 20 12
34 31 0 2
34 32 10 19
34 33 10 18
34 34 0 19
34 35 0 0
34 36 13 16
34 37 10 7
34 38 13 1
34 40 17 20
34 41 17 15
34 43 14 17
34 44 0 2
34 45 20 7
34 46 18 13
34 47 19 18
34 48 18 8
35 2 2 13
35 3 13 0
35 4 9 8
35 6 4 4
35 7 15 15
35 8 15 0
35 10 9 12
35 12 18 17
35 13 7 18
35 15 6 11
35 16 2 3
35 17 2 20
35 19 19 5
35 20 12 6
35 21 12 15
35 23 7 20
35 24 16 16
35 25 8 4
35 26 19 6
35 28 0 2
35 29 4 11
35 30 9 10
35 31 1 17
35 32 19 6
35 34 16 9
35 35 3 18
35 36 19 16
35 37 3 9
35 38 12 14
35 40 7 12
35 42 4 10
35 43 4 10
35 44 14 3
35 45 20 13
35 46 17 4
35 48 20 14
35 49 9 8
36 1 10 2
36 2 1 9
36 3 9 9
36 4 2 7
36 5 8 6
36 7 20 0
36 8 8 15
36 9 13 14
36 10 20 12
36 11 20 5
36 12 13 14
36 14 19 20
36 16 18 3
36 17 4 4
36 18 0 18
36 19 5 0
36 20 1 20
36 23 15 5
36 24 2 3
36 25 16 16
36 26 0 15
36 27 3 2
36 30 0 6
36 31 5 2
36 32 14 12
36 34 8 16
36 35 8 8
36 36 1 14
36 37 7 6
36 40 3 10
36 41 2 5
36 42 7 8
36 43 6 11
36 45 11 3
36 46 20 7
36 47 17 11
36 48 4 13
36 49 19 8
37 0 20 9
37 1 13 9
37 4 8 14
37 5 9 4
37 6 17 5
37 7 5 19
37 8 8 7
37 9 7 13
37 10 5 17
37 11 17 7
37 12 4 12
37 13 3 12
37 14 16 7
37 15 3 14
37 16 1 16
37 17 7 3
37 18 12 2
37 19 16 4
37 20 2 0
37 21 9 18
37 24 18 16
37 25 6 19
37 28 17 2
37 29 9 11
37 30 4 15
37 31 1 4
37 32 0 11
37 33 9 13
37 34 14 18
37 36 4 17
37 37 9 20
37 38 7 14
37 39 14 16
37 41 3 16
37 42 7 14
37 44 13 0
37 45 8 9
37 46 7 12
37 47 14 4
37 48 20 5
38 0 20 11
38 1 2 1
38 2 20 6
38 3 2 16
38 4 2 19
38 6 17 13
38 7 9 10
38 9 17 10
38 10 4 6
38 12 19 10
38 13 18 13
38 15 11 3
38 16 16 0
38 17 20 19
38 18 6 14
38 20 17 2
38 21 16 5
38 22 14 11
38 24 10 4
38 25 10 14
38 26 10 17
38 27 13 12
38 28 9 0
38 29 14 10
38 30 19 7
38 31 5 9
38 33 4 2
38 34 2 20
38 35 4 19
38 36 1 4
38 37 10 5
38 38 14 9
38 39 11 20
38 40 14 10
38 41 11 7
38 42 6 18
38 44 8 6
38 45 13 5
38 46 16 11
38 47 5 14
38 49 18 1
39 0 4 19
39 2 12 8
39 3 0 15
39 4 12 0
39 5 4 2
39 7 11 1
39 8 5 9
39 9 10 19
39 10 18 12
39 11 2 15
39 13 7 16
39 14 13 1
39 15 16 19
39 16 7 19
39 17 2 12
39 20 8 3
39 21 8 3
39 22 12 16
39 23 9 11
39 24 15 9
39 25 7 18
39 26 20 12
39 27 1 18
39 28 11 9
39 30 5 4
39 31 14 10
39 32 14 9
39 33 5 15
39 34 5 17
39 35 20 3
39 36 10 4
39 37 20 7
39 38 3 1
39 40 16 15
39 41 15 9
39 42 10 20
39 43 5 12
39 44 18 20
39 45 17 15
39 46 5 18
39 47 16 8
40 1 3 7
40 2 5 17
40 3 12 2
40 4 15 1
40 5 12 12
40 6 6 13
40 7 16 6
40 8 13 7
40 9 9 17
40 10 5 11
40 11 8 13
40 12 14 15
40 13 0 3
40 14 20 0
40 16 17 10
40 18 9 10
40 19 10 0
40 20 11 14
40 22 1 15
40 23 12 2
40 24 3 6
40 25 11 18
40 26 4 7
40 27 12 20
40 28 4 14
40 29 10 9
40 30 13 9
40 31 1 1
40 32 20 16
40 33 19 16
40 34 0 11
40 36 4 6
40 37 3 12
40 38 12 8
40 39 14 20
40 40 10 14
40 41 18 9
40 42 16 11
40 43 17 1
40 44 10 10
40 45 1 0
40 46 20 5
40 49 4 10
41 1 13 16
41 2 9 9
41 3 15 12
41 4 9 3
41 5 11 20
41 8 3 18
41 9 19 9
41 11 13 16
41 12 15 10
41 13 13 6
41 14 7 14
41 15 2 9
41 17 17 18
41 18 6 0
41 19 16 8
41 20 6 16
41 21 13 9
41 22 14 2
41 23 6 6
41 24 11 2
41 25 9 7
41 26 10 1
41 27 1 16
41 28 11 7
41 29 17 13
41 30 15 2
41 31 19 13
41 33 13 11
41 34 0 0
41 35 11 13
41 37 13 3
41 39 9 10
41 40 9 5
41 41 15 0
41 42 7 0
41 43 5 12
41 44 18 18
41 45 20 2
41 46 16 16
41 48 16 11
41 49 6 20
42 0 15 8
42 1 18 10
42 2 5 1
42 3 4 19
42 4 18 13
42 5 1 13
42 6 17 6
42 7 10 4
42 8 15 0
42 9 13 0
42 10 4 10
42 11 8 17
42 12 3 13
42 13 20 8
42 14 5 19
42 17 10 10
42 18 12 14
42 19 1 14
42 20 16 5
42 21 0 20
42 22 2 13
42 23 1 16
42 24 9 10
42 25 18 20
42 26 10 6
42 27 12 17
42 28 19 5
42 29 18 0
42 30 6 3
42 31 20 7
42 33 1 7
42 34 18 3
42 35 8 17
42 36 12 11
42 37 2 12
42 38 7 3
42 39 7 12
42 41 15 1
42 42 17 0
42 43 15 10
42 45 2 1
42 46 6 10
42 47 7 15
42 48 7 17
42 49 5 18
43 0 4 16
43 1 9 18
43 3 19 3
43 4 16 3
43 5 1 7
43 6 1 18
43 7 18 0
43 8 13 11
43 9 12 12
43 10 19 3
43 11 5 13
43 12 11 4
43 14 20 1
43 15 19 10
43 17 1 11
43 18 4 7
43 19 15 14
43 20 6 10
43 21 1 19
43 22 7 6
43 24 3 1
43 25 17 3
43 26 4 10
43 27 6 6
43 28 13 4
43 29 1 9
43 30 2 12
43 31 13 8
43 33 13 0
43 34 15 3
43 36 6 12
43 37 9 5
43 39 13 20
43 40 2 7
43 41 18 16
43 42 12 10
43 43 0 7
43 45 2 10
43 46 15 1
43 47 12 10
43 48 11 0
43 49 18 14
44 0 1 19
44 1 18 10
44 2 3 7
44 3 13 11
44 4 2 12
44 5 2 16
44 6 4 6
44 7 3 13
44 8 0 2
44 9 4 3
44 10 5 12
44 11 12 15
44 12 14 16
44 13 14 14
44 14 5 10
44 15 11 2
44 16 14 17
44 17 9 0
44 18 1 6
44 19 20 20
44 20 19 7
44 22 1 7
44 23 2 15
44 24 20 19
44 25 16 7
44 27 2 19
44 28 4 4
44 29 20 6
44 30 4 16
44 31 20 6
44 32 20 13
44 33 6 4
44 34 18 9
44 35 20 2
44 36 6 12
44 37 4 13
44 38 5 15
44 39 11 10
44 40 10 20
44 41 7 15
44 42 2 10
44 43 1 6
44 44 17 20
44 45 20 5
44 47 14 4
44 48 1 7
44 49 9 6
45 0 5 15
45 1 11 7
45 2 8 6
45 3 5 11
45 4 6 0
45 7 20 20
45 8 15 16
45 10 20 8
45 11 12 8
45 13 0 4
45 14 20 16
45 16 13 5
45 17 3 2
45 18 6 18
45 19 20 8
45 20 7 12
45 22 12 18
45 23 13 8
45 24 1 2
45 25 4 17
45 26 19 1
45 28 7 14
45 30 15 12
45 31 18 1
45 32 3 7
45 36 4 13
45 38 7 18
45 39 4 15
45 40 18 7
45 41 19 1
45 42 16 6
45 43 19 17
45 44 14 4
45 45 0 19
45 48 6 5
46 0 18 17
46 1 19 7
46 2 16 1
46 3 16 4
46 4 11 11
46 6 16 5
46 7 8 1
46 8 0 0
46 9 11 12
46 10 11 14
46 11 18 2
46 12 17 0
46 13 5 7
46 14 12 19
46 16 17 12
46 17 20 2
46 19 15 18
46 21 15 13
46 22 15 19
46 23 12 5
46 24 18 6
46 26 2 4
46 27 6 12
46 30 5 1
46 31 17 18
46 32 0 1
46 33 16 13
46 34 10 19
46 35 13 1
46 36 5 0
46 37 1 11
46 38 13 17
46 41 10 17
46 42 13 17
46 44 15 6
46 45 5 13
46 46 7 19
47 0 8 5
47 2 17 1
47 3 7 16
47 4 15 19
47 5 16 9
47 8 20 8
47 9 8 3
47 11 5 9
47 12 19 4
47 13 2 1
47 14 0 8
47 15 0 18
47 17 1 13
47 19 11 14
47 20 15 15
47 21 10 14
47 24 13 14
47 25 4 16
47 26 9 2
47 27 5 8
47 28 13 3
47 29 7 13
47 30 6 6
47 31 7 0
47 32 11 18
47 33 0 1
47 34 4 20
47 35 10 16
47 36 15 16
47 38 2 15
47 39 8 12
47 40 6 17
47 41 14 0
47 42 20 4
47 43 10 9
47 44 7 0
47 46 6 9
47 47 12 8
48 0 11 0
48 1 10 12
48 2 0 4
48 3 10 0
48 4 19 13
48 5 8 17
48 6 10 13
48 7 17 12
48 8 16 17
48 9 18 13
48 12 8 7
48 13 9 13
48 14 0 17
48 15 2 3
48 16 0 15
48 18 10 4
48 19 15 1
48 20 8 0
48 22 12 18
48 23 13 2
48 24 14 8
48 25 11 10
48 28 15 9
48 29 14 12
48 31 16 3
48 32 9 14
48 33 4 3
48 35 17 10
48 36 9 11
48 37 11 3
48 38 13 12
48 39 9 8
48 40 11 5
48 41 14 5
48 42 10 16
48 43 0 16
48 44 6 19
48 45 7 4
48 46 14 13
48 47 20 10
48 48 11 2
48 49 8 7
49 0 7 20
49 1 15 12
49 2 2 13
49 3 12 8
49 5 4 16
49 6 13 17
49 7 8 18
49 8 19 18
49 10 12 18
49 11 18 19
49 14 5 7
49 15 9 9
49 16 8 19
49 17 13 5
49 18 13 17
49 19 6 6
49 22 14 1
49 23 9 19
49 24 16 0
49 25 9 11
49 26 6 7
49 27 0 7
49 28 2 7
49 30 15 14
49 32 18 7
49 35 14 11
49 36 10 11
49 37 0 4
49 38 7 14
49 40 12 10
49 41 3 2
49 42 17 5
49 43 8 2
49 44 18 19
49 45 2 18
49 46 2 6
49 47 12 19
49 48 6 8
49 49 10 17
