50
2
0 1 7 18
0 2 11 7
0 4 8 14
0 5 3 20
0 6 12 11
0 7 7 0
0 8 13 15
0 9 16 15
0 11 19 20
0 12 9 16
0 13 17 3
0 14 3 15
0 15 14 14
0 16 3 1
0 17 3 14
0 18 18 8
0 19 20 16
0 20 3 12
0 21 5 18
0 22 14 19
0 23 11 11
0 24 7 9
0 25 19 11
0 26 5 6
0 27 15 4
0 29 4 10
0 30 0 10
0 31 5 1
0 32 5 0
0 33 0 14
0 34 18 6
0 36 2 15
0 37 4 1
0 38 2 16
0 39 15 9
0 40 12 13
0 41 17 10
0 44 4 12
0 45 13 12
0 47 1 4
0 48 12 9
1 1 17 20
1 2 5 7
1 3 14 7
1 4 14 20
1 5 12 4
1 6 4 15
1 7 17 14
1 8 5 19
1 9 17 10
1 10 19 10
1 11 16 4
1 12 1 13
1 13 2 7
1 14 18 6
1 15 2 18
1 18 6 3
1 20 16 15
1 21 20 0
1 22 14 10
1 23 1 3
1 24 8 0
1 25 13 15
1 26 13 0
1 27 0 7
1 28 0 14
1 29 0 20
1 30 2 4
1 31 4 3
1 32 0 18
1 33 5 8
1 34 2 19
1 35 3 8
1 36 8 14
1 37 13 10
1 38 12 6
1 39 19 5
1 40 13 17
1 41 1 9
1 42 18 3
1 43 18 18
1 44 8 20
1 45 17 6
1 47 19 6
1 49 7 13
2 1 6 2
2 2 7 4
2 3 1 8
2 5 11 5
2 6 6 3
2 7 2 10
2 8 0 11
2 9 14 1
2 10 11 11
2 13 12 18
2 14 8 3
2 16 0 15
2 19 13 19
2 20 1 11
2 21 0 19
2 22 15 9
2 23 2 20
2 24 11 15
2 25 10 0
2 26 9 14
2 28 10 5
2 29 12 1
2 30 10 17
2 31 13 9
2 33 8 10
2 34 18 14
2 37 19 14
2 38 15 14
2 39 15 19
2 40 2 7
2 41 14 1
2 42 12 10
2 43 4 8
2 44 10 3
2 45 19 1
2 46 14 7
2 47 12 17
2 48 10 3
2 49 1 4
3 0 3 0
3 1 13 5
3 2 4 7
3 3 9 13
3 4 15 4
3 5 13 16
3 6 6 20
3 7 19 16
3 8 15 13
3 11 1 15
3 12 12 3
3 13 20 4
3 14 16 16
3 15 17 16
3 17 11 1
3 19 14 8
3 20 18 13
3 21 18 9
3 23 2 12
3 24 12 12
3 25 14 1
3 27 11 20
3 28 5 13
3 29 4 19
3 30 5 14
3 31 3 7
3 32 4 19
3 33 1 20
3 34 20 6
3 35 20 5
3 36 1 13
3 37 16 12
3 38 1 6
3 39 19 13
3 40 3 0
3 41 8 11
3 42 19 20
3 43 6 12
3 44 12 17
3 45 7 9
3 46 6 2
3 48 20 8
3 49 16 20
4 0 8 3
4 1 16 2
4 2 5 13
4 3 2 20
4 4 1 18
4 6 6 20
4 7 10 3
4 8 7 5
4 9 17 13
4 10 5 13
4 11 8 7
4 12 10 2
4 14 5 18
4 15 17 9
4 16 1 13
4 17 6 10
4 18 18 10
4 19 18 7
4 21 10 6
4 22 7 7
4 24 17 19
4 25 8 19
4 27 17 9
4 28 10 16
4 29 15 20
4 31 0 1
4 32 18 7
4 34 14 0
4 35 2 19
4 37 13 9
4 38 13 6
4 39 17 13
4 40 11 17
4 42 5 5
4 43 11 12
4 44 14 9
4 45 0 9
4 46 1 9
4 47 12 7
4 48 4 18
4 49 0 7
5 1 14 4
5 2 6 10
5 3 8 13
5 4 6 18
5 5 19 4
5 6 6 6
5 7 17 6
5 8 20 10
5 9 2 1
5 10 9 6
5 11 8 11
5 12 5 18
5 13 0 15
5 14 6 2
5 17 2 9
5 18 14 8
5 19 1 14
5 22 19 15
5 23 8 13
5 24 20 12
5 25 3 0
5 26 17 12
5 27 11 9
5 28 14 4
5 29 7 14
5 30 10 5
5 31 8 12
5 33 10 6
5 34 17 15
5 35 5 7
5 36 14 13
5 37 3 19
5 38 11 18
5 39 18 8
5 40 4 7
5 41 1 8
5 42 5 3
5 43 13 19
5 44 2 9
5 45 2 11
5 47 6 9
5 48 11 14
6 0 11 13
6 1 3 17
6 2 16 8
6 3 3 2
6 4 2 18
6 6 5 17
6 8 20 9
6 9 0 7
6 12 9 18
6 13 10 10
6 14 2 9
6 15 12 0
6 16 4 14
6 17 2 0
6 18 3 15
6 19 11 5
6 20 2 2
6 21 10 3
6 22 16 5
6 23 15 5
6 24 10 7
6 25 10 10
6 26 20 15
6 27 11 12
6 28 9 17
6 29 9 7
6 30 16 8
6 31 10 0
6 32 10 3
6 33 2 11
6 34 2 4
6 36 10 10
6 38 12 16
6 39 13 12
6 40 13 0
6 41 2 8
6 43 0 8
6 44 18 2
6 45 10 12
6 46 5 0
6 47 18 13
6 48 16 20
6 49 16 6
7 0 7 4
7 1 14 14
7 2 4 7
7 3 10 6
7 4 5 19
7 5 19 16
7 6 0 16
7 7 18 7
7 8 8 20
7 9 2 9
7 10 16 4
7 11 9 7
7 12 5 2
7 14 9 6
7 15 0 7
7 16 7 17
7 17 13 12
7 18 4 18
7 19 14 0
7 20 19 19
7 21 12 0
7 23 9 12
7 25 3 18
7 26 19 0
7 27 1 15
7 29 1 4
7 31 2 5
7 32 11 14
7 33 10 11
7 34 11 7
7 38 2 8
7 39 18 9
7 40 18 15
7 41 7 17
7 42 11 16
7 43 14 14
7 44 11 15
7 45 13 13
7 46 0 14
7 47 13 5
7 49 13 17
8 0 2 11
8 1 4 6
8 2 19 15
8 3 13 0
8 4 19 9
8 5 15 13
8 6 6 9
8 7 15 9
8 10 19 16
8 11 18 10
8 12 13 13
8 13 9 8
8 14 2 8
8 15 1 11
8 17 16 19
8 19 18 19
8 20 6 17
8 21 2 18
8 22 14 5
8 24 1 2
8 26 20 9
8 29 7 8
8 30 6 7
8 32 15 1
8 33 17 15
8 34 10 19
8 35 9 0
8 36 5 12
8 37 6 12
8 38 13 19
8 39 3 13
8 40 0 14
8 41 15 7
8 42 17 10
8 43 16 16
8 45 7 0
8 46 12 12
8 48 11 8
8 49 11 0
9 2 6 7
9 3 3 8
9 4 10 1
9 5 0 3
9 7 20 7
9 8 7 8
9 9 8 20
9 10 10 7
9 12 16 4
9 13 1 18
9 14 0 10
9 15 17 5
9 17 1 16
9 18 20 1
9 19 5 3
9 20 5 9
9 21 8 17
9 22 8 10
9 23 16 6
9 24 9 7
9 25 18 0
9 26 20 5
9 27 11 5
9 29 9 12
9 30 10 3
9 31 11 2
9 32 12 11
9 33 6 0
9 34 6 6
9 35 5 2
9 38 6 18
9 39 4 15
9 40 14 3
9 41 5 6
9 42 7 18
9 44 0 16
9 46 8 9
9 48 11 13
9 49 5 0
10 0 2 2
10 2 11 11
10 3 10 17
10 5 9 3
10 9 20 2
10 10 9 10
10 12 17 18
10 13 6 9
10 14 13 3
10 16 5 17
10 17 13 0
10 18 1 17
10 19 13 2
10 20 8 3
10 21 9 17
10 22 14 0
10 23 9 1
10 26 2 9
10 27 18 18
10 29 18 2
10 30 12 11
10 31 2 15
10 32 9 7
10 33 20 16
10 34 4 15
10 35 0 5
10 36 1 14
10 37 13 8
10 38 13 16
10 39 6 18
10 41 4 8
10 42 11 6
10 45 3 8
10 47 4 19
10 48 20 8
10 49 12 16
11 0 11 14
11 1 1 7
11 2 11 9
11 6 10 15
11 7 5 11
11 8 16 12
11 9 8 5
11 10 6 13
11 12 11 8
11 13 18 11
11 14 10 10
11 15 1 15
11 16 16 4
11 17 8 4
11 18 9 20
11 19 2 13
11 20 14 11
11 21 18 2
11 22 9 4
11 23 2 3
11 24 6 18
11 25 3 5
11 26 16 5
11 30 5 4
11 31 4 14
11 32 8 20
11 33 13 7
11 35 14 6
11 36 20 20
11 37 1 4
11 38 11 1
11 39 15 10
11 41 14 5
11 42 7 14
11 43 20 10
11 44 4 0
11 46 15 9
11 47 0 4
11 48 6 1
12 1 14 7
12 2 8 19
12 3 5 4
12 4 13 10
12 5 9 2
12 6 8 9
12 8 18 3
12 9 18 20
12 10 18 14
12 11 6 10
12 13 8 3
12 14 13 11
12 15 9 11
12 16 14 10
12 17 6 12
12 19 13 18
12 20 4 17
12 21 19 8
12 22 11 5
12 23 17 10
12 24 2 19
12 25 4 13
12 26 8 17
12 27 5 5
12 28 7 0
12 29 12 17
12 30 10 9
12 31 1 16
12 32 10 1
12 33 11 10
12 35 9 16
12 36 16 5
12 37 20 11
12 40 0 18
12 41 20 13
12 42 8 13
12 44 18 5
12 45 0 17
12 46 20 18
12 47 17 0
12 48 3 17
12 49 9 15
13 0 6 20
13 1 6 17
13 2 12 19
13 3 17 16
13 4 0 12
13 6 7 5
13 8 7 12
13 9 7 20
13 11 6 18
13 12 6 9
13 13 1 6
13 15 17 4
13 16 1 7
13 17 9 18
13 18 4 20
13 19 7 15
13 20 8 3
13 21 17 17
13 22 17 6
13 23 15 10
13 24 5 9
13 25 3 14
13 26 3 13
13 27 10 14
13 28 13 11
13 29 15 2
13 30 8 17
13 31 19 13
13 32 4 2
13 33 7 4
13 34 15 15
13 35 0 16
13 36 17 4
13 37 13 14
13 38 14 9
13 39 9 11
13 40 7 9
13 41 4 10
13 42 11 16
13 43 2 20
13 44 19 13
13 46 14 19
13 48 7 12
14 0 0 19
14 1 16 9
14 2 12 20
14 3 18 10
14 4 17 15
14 5 7 6
14 6 0 13
14 7 12 11
14 9 19 16
14 10 1 6
14 11 2 7
14 12 9 5
14 13 20 14
14 14 0 10
14 15 1 12
14 16 16 2
14 17 12 0
14 18 19 2
14 19 0 6
14 20 5 16
14 21 11 5
14 23 20 18
14 24 8 19
14 25 17 18
14 27 18 7
14 28 4 16
14 29 7 6
14 30 16 2
14 31 4 11
14 33 6 9
14 34 8 5
14 35 0 7
14 36 16 12
14 37 4 7
14 38 15 13
14 39 0 10
14 40 19 10
14 41 7 14
14 42 6 7
14 44 7 14
14 45 18 0
14 46 19 20
14 47 15 14
14 48 6 12
15 1 10 18
15 2 6 10
15 3 13 11
15 6 7 17
15 7 11 7
15 8 20 1
15 9 14 13
15 10 10 20
15 12 0 4
15 13 13 17
15 14 7 18
15 15 1 9
15 16 16 16
15 17 6 17
15 18 12 17
15 19 6 11
15 20 1 13
15 21 19 0
15 22 20 14
15 24 19 15
15 25 7 6
15 26 9 5
15 28 2 18
15 30 12 16
15 31 16 14
15 32 1 20
15 33 3 6
15 34 16 13
15 35 11 20
15 37 3 16
15 38 12 17
15 39 4 13
15 40 9 17
15 41 6 0
15 42 1 4
15 43 8 4
15 45 2 2
15 46 10 11
15 47 7 12
15 48 19 16
15 49 10 9
16 0 14 0
16 2 18 11
16 3 17 10
16 4 1 6
16 5 6 2
16 6 8 20
16 7 8 16
16 8 6 8
16 9 14 0
16 10 17 3
16 11 7 2
16 12 11 4
16 13 13 3
16 14 10 17
16 15 16 8
16 16 7 2
16 17 8 6
16 18 15 8
16 19 6 13
16 20 9 5
16 21 17 1
16 22 3 18
16 23 2 8
16 24 15 10
16 25 9 11
16 26 4 20
16 27 0 12
16 28 20 2
16 29 2 3
16 30 17 7
16 32 18 5
16 33 9 13
16 34 16 8
16 35 11 8
16 36 19 12
16 37 8 2
16 38 19 2
16 40 12 12
16 41 14 12
16 42 18 20
16 43 11 4
16 44 0 6
16 45 15 17
16 48 16 6
16 49 16 15
17 0 0 18
17 1 12 3
17 3 9 15
17 5 5 4
17 6 8 0
17 7 2 7
17 8 18 15
17 9 15 2
17 10 14 4
17 11 17 14
17 12 2 1
17 13 16 6
17 14 10 8
17 15 17 15
17 16 7 4
17 17 17 17
17 18 16 15
17 21 7 13
17 24 9 15
17 25 3 9
17 26 13 11
17 27 19 10
17 29 9 11
17 30 5 20
17 31 13 1
17 32 15 5
17 33 4 20
17 34 4 11
17 36 16 7
17 37 11 5
17 38 10 11
17 40 13 14
17 41 8 18
17 44 9 10
17 45 19 18
17 46 10 5
17 47 20 3
17 48 15 19
17 49 10 17
18 0 15 8
18 1 4 12
18 2 2 13
18 3 9 2
18 4 11 11
18 5 0 1
18 6 10 10
18 7 6 12
18 8 2 20
18 9 9 6
18 10 18 5
18 11 9 17
18 12 13 3
18 14 8 18
18 15 16 15
18 16 5 11
18 18 13 11
18 19 8 13
18 21 4 13
18 22 1 4
18 23 5 6
18 24 2 19
18 25 17 5
18 26 12 10
18 27 13 15
18 28 17 3
18 29 8 17
18 31 14 14
18 33 5 11
18 34 1 18
18 35 4 6
18 36 14 13
18 37 3 4
18 38 5 3
18 39 4 8
18 40 9 15
18 41 4 7
18 42 19 9
18 43 4 4
18 44 7 13
18 46 14 7
18 47 4 1
18 48 13 15
19 0 18 7
19 1 19 17
19 2 12 20
19 5 11 11
19 6 4 10
19 7 5 6
19 8 0 6
19 9 0 5
19 10 3 17
19 11 19 17
19 12 13 7
19 13 19 5
19 14 17 18
19 15 15 8
19 16 11 10
19 18 11 11
19 19 4 5
19 20 14 12
19 22 9 3
19 25 12 14
19 26 6 2
19 27 11 18
19 29 5 18
19 31 7 8
19 33 18 3
19 34 6 11
19 36 6 18
19 37 4 8
19 38 5 3
19 39 6 16
19 43 0 10
19 44 10 1
19 46 20 5
19 47 19 16
19 48 12 14
19 49 11 11
20 2 6 10
20 3 15 2
20 4 4 0
20 5 6 7
20 6 0 12
20 7 14 3
20 8 20 8
20 9 9 8
20 11 18 5
20 13 10 15
20 14 5 0
20 15 20 3
20 17 3 11
20 18 8 0
20 19 7 20
20 20 0 13
20 21 10 10
20 22 3 5
20 24 1 15
20 25 9 1
20 26 14 16
20 28 2 1
20 29 14 4
20 30 9 19
20 31 12 19
20 34 5 8
20 35 18 15
20 36 10 20
20 37 18 6
20 38 12 1
20 39 15 17
20 40 13 7
20 41 10 3
20 42 13 15
20 43 5 14
20 44 9 7
20 45 10 1
20 46 11 14
20 47 20 13
20 48 3 1
20 49 7 1
21 1 20 16
21 2 1 11
21 3 13 16
21 4 5 15
21 5 17 5
21 6 20 13
21 7 12 5
21 8 18 15
21 10 14 12
21 11 10 0
21 12 1 0
21 14 17 19
21 15 4 7
21 16 19 20
21 17 2 7
21 18 0 3
21 19 18 10
21 20 10 3
21 21 10 4
21 22 9 10
21 23 1 1
21 25 13 19
21 26 16 6
21 27 6 14
21 28 20 0
21 29 18 9
21 30 5 9
21 31 0 17
21 32 1 3
21 33 19 16
21 34 12 19
21 35 9 14
21 38 4 13
21 40 20 16
21 41 3 11
21 42 20 12
21 44 12 9
21 45 9 1
21 46 19 10
21 49 9 4
22 0 20 14
22 1 10 4
22 2 1 18
22 3 2 3
22 5 1 19
22 6 1 20
22 8 7 9
22 9 16 15
22 10 4 4
22 11 11 20
22 13 20 9
22 14 3 7
22 15 16 16
22 16 7 7
22 17 18 6
22 18 16 11
22 19 2 14
22 20 10 7
22 21 3 1
22 22 3 7
22 23 1 14
22 24 7 17
22 25 6 16
22 29 17 13
22 30 7 3
22 31 14 7
22 33 0 10
22 35 15 15
22 36 18 9
22 37 2 0
22 38 8 3
22 39 20 10
22 40 4 0
22 42 9 7
22 43 5 19
22 45 20 16
22 46 17 2
22 47 15 12
22 49 6 10
23 1 9 17
23 2 10 20
23 3 18 3
23 4 20 0
23 5 8 8
23 6 14 16
23 7 11 6
23 8 0 0
23 9 13 0
23 10 9 17
23 11 9 14
23 12 14 3
23 13 14 9
23 14 19 2
23 15 17 10
23 16 19 3
23 17 4 2
23 18 4 12
23 19 15 14
23 20 7 0
23 23 20 3
23 24 10 3
23 25 19 17
23 27 14 0
23 28 18 14
23 29 10 11
23 30 1 18
23 31 14 10
23 32 0 12
23 33 19 13
23 34 0 0
23 35 17 14
23 37 0 15
23 38 17 15
23 40 14 11
23 41 18 16
23 42 11 10
23 43 9 10
23 44 12 3
23 45 18 5
23 46 3 12
23 47 17 1
23 48 18 10
23 49 4 20
24 0 17 10
24 1 12 2
24 2 4 17
24 4 15 2
24 6 15 4
24 7 0 16
24 8 15 16
24 9 7 1
24 10 15 1
24 12 8 1
24 17 12 17
24 18 0 17
24 19 20 17
24 20 1 17
24 21 9 0
24 22 5 9
24 24 12 6
24 25 1 3
24 26 18 0
24 27 12 12
24 28 8 6
24 29 6 13
24 30 5 19
24 31 3 6
24 32 11 11
24 33 2 2
24 34 13 19
24 35 9 15
24 37 18 16
24 38 8 0
24 39 15 14
24 40 10 14
24 41 10 12
24 42 12 16
24 43 9 3
24 44 11 6
24 46 11 4
24 47 8 17
24 48 18 5
25 1 2 2
25 2 5 14
25 3 14 10
25 4 11 14
25 5 17 9
25 7 0 0
25 8 0 14
25 9 1 5
25 11 13 13
25 12 20 16
25 13 11 14
25 14 3 20
25 15 4 2
25 17 9 3
25 19 9 18
25 20 2 11
25 22 20 1
25 23 15 15
25 24 19 8
25 25 5 7
25 26 17 0
25 28 11 3
25 29 1 13
25 30 11 16
25 31 4 11
25 32 18 5
25 33 20 9
25 35 11 16
25 36 4 1
25 37 20 8
25 40 0 5
25 45 20 9
25 47 4 6
25 48 1 3
25 49 14 11
26 0 8 8
26 2 7 0
26 3 20 7
26 4 5 16
26 5 4 19
26 8 16 11
26 9 14 2
26 10 1 1
26 11 16 14
26 14 15 7
26 15 11 17
26 17 6 17
26 18 17 15
26 19 14 1
26 20 12 5
26 21 11 8
26 23 6 3
26 24 16 18
26 26 17 16
26 27 19 8
26 28 19 1
26 29 7 4
26 30 16 17
26 31 13 1
26 32 20 0
26 33 0 19
26 34 6 6
26 36 15 4
26 37 15 7
26 38 18 20
26 40 12 20
26 42 3 13
26 43 10 5
26 44 12 11
26 45 1 5
26 46 8 3
26 47 1 18
26 48 19 20
27 0 7 5
27 1 18 8
27 2 14 11
27 3 16 0
27 4 13 13
27 5 0 9
27 6 11 8
27 7 11 0
27 8 8 8
27 10 16 13
27 11 2 5
27 12 8 19
27 13 18 20
27 14 15 5
27 15 20 0
27 17 17 20
27 18 7 4
27 19 12 13
27 20 11 2
27 21 13 19
27 22 3 13
27 23 16 5
27 25 13 2
27 26 9 2
27 27 20 12
27 29 12 2
27 30 18 19
27 32 8 7
27 34 15 8
27 35 2 11
27 36 2 6
27 37 12 17
27 38 1 0
27 39 9 12
27 40 12 7
27 41 12 5
27 42 12 20
27 46 9 12
27 47 8 20
27 48 15 19
27 49 6 13
28 1 7 2
28 2 0 9
28 3 16 6
28 4 8 1
28 5 4 3
28 7 2 8
28 8 0 9
28 9 3 18
28 10 7 7
28 11 8 0
28 12 0 19
28 13 7 18
28 14 9 8
28 15 13 13
28 16 7 0
28 17 19 18
28 18 17 10
28 19 16 6
28 20 12 9
28 21 13 17
28 22 16 5
28 24 18 4
28 26 17 13
28 27 10 1
28 28 19 12
28 29 10 16
28 30 12 12
28 31 8 14
28 32 15 10
28 34 0 20
28 35 18 13
28 36 18 13
28 37 13 1
28 38 19 4
28 39 13 5
28 40 4 8
28 41 17 1
28 42 15 4
28 43 8 10
28 44 6 13
28 45 9 3
28 46 5 18
28 47 12 3
28 48 1 0
28 49 17 9
29 0 0 6
29 1 0 2
29 2 20 18
29 3 6 3
29 5 15 19
29 7 7 7
29 8 18 9
29 10 9 0
29 11 9 13
29 13 11 12
29 14 5 18
29 15 7 12
29 16 2 4
29 17 13 13
29 18 16 10
29 19 15 20
29 20 15 10
29 21 17 18
29 22 7 1
29 23 16 16
29 25 0 3
29 26 11 18
29 27 2 9
29 28 19 15
29 29 16 1
29 30 6 10
29 31 3 20
29 32 5 4
29 33 11 10
29 34 12 18
29 35 12 10
29 37 13 5
29 39 3 8
29 40 16 7
29 41 17 19
29 42 2 5
29 43 7 20
29 44 14 13
29 45 8 5
29 46 13 20
29 47 6 1
29 48 9 3
29 49 8 1
30 0 13 10
30 1 19 20
30 2 18 18
30 4 9 2
30 5 5 1
30 6 19 6
30 7 9 16
30 8 19 1
30 9 17 15
30 10 6 6
30 12 17 2
30 13 4 5
30 14 4 9
30 15 2 9
30 16 8 9
30 17 3 4
30 18 10 11
30 20 2 19
30 21 4 14
30 23 18 14
30 24 11 18
30 25 1 19
30 26 5 14
30 27 3 11
30 28 4 4
30 29 16 18
30 30 10 3
30 31 20 3
30 36 12 20
30 38 12 6
30 39 19 18
30 40 8 9
30 41 7 0
30 42 13 5
30 43 9 1
30 44 5 16
30 45 19 17
30 46 13 15
30 47 19 19
30 48 7 5
30 49 18 15
31 2 15 20
31 3 13 7
31 4 14 16
31 5 14 0
31 6 7 15
31 7 20 17
31 9 5 18
31 10 18 4
31 11 17 20
31 12 14 11
31 13 16 16
31 14 8 17
31 15 13 13
31 17 6 4
31 21 19 6
31 23 1 3
31 25 0 18
31 26 18 14
31 27 2 1
31 28 13 8
31 30 8 10
31 31 1 0
31 33 2 14
31 36 17 11
31 38 1 3
31 39 18 20
31 41 18 14
31 42 14 2
31 43 8 10
31 45 9 1
31 46 3 9
31 47 2 6
32 0 2 6
32 1 6 3
32 3 13 14
32 4 11 10
32 5 17 18
32 6 10 6
32 7 20 6
32 8 19 6
32 9 2 6
32 10 0 8
32 11 8 6
32 12 19 4
32 13 18 4
32 14 12 6
32 15 13 15
32 17 20 10
32 18 11 13
32 19 19 0
32 20 7 11
32 21 19 6
32 22 3 9
32 24 13 6
32 25 0 13
32 26 18 11
32 27 5 9
32 28 16 1
32 29 11 11
32 30 13 2
32 31 18 10
32 32 5 13
32 33 17 17
32 34 20 5
32 35 9 3
32 36 5 10
32 37 4 15
32 38 2 14
32 39 2 3
32 40 8 11
32 41 1 17
32 42 7 19
32 43 18 6
32 45 6 8
32 46 16 5
32 47 7 1
32 49 10 0
33 0 16 16
33 2 13 2
33 3 1 6
33 5 6 1
33 6 20 4
33 7 8 16
33 8 3 11
33 9 16 6
33 12 4 3
33 13 2 15
33 14 7 19
33 15 8 19
33 16 17 16
33 22 5 20
33 24 3 6
33 25 8 3
33 27 6 13
33 28 7 10
33 29 11 3
33 30 7 9
33 31 13 10
33 32 7 4
33 33 19 19
33 34 3 4
33 36 14 7
33 37 5 14
33 38 3 10
33 39 4 11
33 40 7 12
33 41 2 15
33 42 11 19
33 43 20 15
33 45 1 9
33 47 18 3
33 48 2 19
33 49 10 18
34 0 13 0
34 1 2 4
34 3 19 1
34 4 13 3
34 6 20 10
34 7 18 1
34 8 20 2
34 9 11 20
34 10 3 5
34 11 15 12
34 12 19 20
34 14 7 12
34 15 0 12
34 16 4 12
34 17 5 13
34 18 20 12
34 19 15 18
34 20 14 1
34 21 17 5
34 22 3 6
34 23 0 6
34 24 15 19
34 25 0 4
34 26 8 6
34 27 8 3
34 29 20 13
34 30 1 19
34 32 12 10
34 33 14 19
34 34 6 15
34 35 7 0
34 36 15 4
34 38 0 15
34 42 2 4
34 43 7 17
34 47 9 18
34 48 3 0
34 49 18 3
35 1 16 0
35 2 16 5
35 3 13 18
35 4 4 6
35 5 12 11
35 6 3 16
35 8 4 5
35 10 2 18
35 11 12 8
35 12 7 10
35 13 6 11
35 14 6 11
35 16 6 16
35 17 2 11
35 18 13 6
35 19 8 6
35 21 11 13
35 22 17 9
35 23 18 19
35 24 5 7
35 25 11 1
35 26 10 17
35 27 18 1
35 29 19 8
35 30 3 12
35 32 18 11
35 33 3 3
35 36 4 8
35 37 8 3
35 38 20 16
35 39 17 12
35 40 18 17
35 41 1 8
35 42 12 9
35 43 15 5
35 44 19 12
35 46 1 15
35 48 12 7
35 49 19 2
36 0 15 10
36 1 18 15
36 2 1 9
36 3 20 18
36 4 7 7
36 5 14 8
36 6 0 9
36 7 1 13
36 8 3 19
36 9 3 2
36 11 11 3
36 12 9 19
36 13 20 4
36 14 11 17
36 15 2 6
36 16 14 11
36 17 0 20
36 18 3 16
36 19 3 5
36 20 15 18
36 21 11 16
36 22 14 20
36 23 7 10
36 24 11 9
36 26 19 17
36 27 8 8
36 28 2 7
36 29 5 16
36 32 3 18
36 33 0 15
36 34 6 18
36 35 4 4
36 36 13 17
36 37 0 14
36 38 18 20
36 39 11 3
36 40 13 10
36 41 17 11
36 42 4 5
36 43 2 3
36 44 11 11
36 45 12 4
36 46 19 1
36 47 1 5
36 48 14 8
36 49 5 17
37 0 14 2
37 1 5 13
37 2 18 17
37 5 1 20
37 6 2 6
37 7 11 9
37 8 18 3
37 10 10 7
37 11 5 3
37 12 18 9
37 13 18 14
37 14 17 17
37 15 18 11
37 16 17 18
37 17 15 10
37 18 10 0
37 21 1 15
37 22 10 2
37 23 4 20
37 24 6 14
37 25 19 17
37 26 1 3
37 27 12 11
37 28 16 13
37 30 6 16
37 31 17 18
37 32 1 11
37 33 12 15
37 34 2 2
37 39 0 0
37 40 19 15
37 41 11 3
37 42 15 3
37 44 0 17
37 45 16 17
37 47 18 9
37 48 6 9
37 49 9 10
38 0 15 2
38 1 8 11
38 2 16 3
38 3 4 20
38 5 3 19
38 6 20 0
38 7 17 6
38 8 8 7
38 9 13 14
38 10 14 2
38 12 20 2
38 14 11 16
38 15 6 9
38 17 10 16
38 18 9 16
38 20 6 10
38 21 11 2
38 22 3 6
38 23 18 0
38 24 5 10
38 26 2 17
38 27 7 10
38 29 12 8
38 30 5 5
38 31 8 6
38 32 20 4
38 33 4 0
38 35 10 19
38 38 13 19
38 40 11 16
38 44 11 2
38 45 8 11
38 46 6 10
38 47 17 6
38 48 8 18
38 49 6 18
39 0 14 4
39 1 8 17
39 3 17 0
39 4 12 14
39 5 10 4
39 6 16 14
39 7 13 20
39 8 0 16
39 9 16 6
39 10 15 0
39 11 14 6
39 12 10 13
39 13 15 3
39 14 16 16
39 16 10 2
39 17 7 6
39 18 9 6
39 19 0 20
39 20 5 12
39 21 8 19
39 23 5 14
39 24 16 19
39 26 18 7
39 27 15 6
39 29 7 4
39 30 0 1
39 31 8 18
39 33 5 3
39 34 20 2
39 35 15 3
39 36 12 2
39 37 2 12
39 38 16 7
39 39 4 12
39 41 17 8
39 42 4 4
39 43 4 19
39 44 3 17
39 45 11 6
39 46 5 19
39 47 9 1
39 48 4 20
39 49 15 14
40 0 8 19
40 1 10 6
40 3 3 20
40 4 16 0
40 5 5 12
40 7 2 12
40 8 6 19
40 9 1 0
40 10 5 8
40 11 1 14
40 12 14 15
40 13 11 2
40 14 2 15
40 15 7 7
40 16 18 13
40 17 16 19
40 18 10 16
40 19 7 7
40 20 7 11
40 22 20 6
40 24 0 0
40 25 14 1
40 26 10 17
40 27 14 5
40 28 5 12
40 29 17 15
40 30 7 10
40 31 6 17
40 32 8 15
40 33 1 19
40 35 1 11
40 36 10 5
40 37 12 12
40 38 17 6
40 40 2 17
40 41 4 3
40 42 4 0
40 43 17 19
40 44 14 0
40 45 3 7
40 47 7 16
40 48 15 7
40 49 17 5
41 0 5 12
41 3 5 1
41 5 6 15
41 7 19 15
41 8 19 8
41 9 9 15
41 12 8 15
41 13 18 3
41 14 8 20
41 17 14 0
41 18 10 1
41 19 8 19
41 20 16 4
41 21 0 15
41 22 8 4
41 23 20 18
41 24 9 5
41 25 10 17
41 26 0 0
41 27 17 2
41 28 2 20
41 29 19 10
41 31 19 2
41 32 18 5
41 33 19 9
41 34 12 17
41 37 12 1
41 39 14 16
41 40 9 5
41 42 0 14
41 43 12 18
41 46 0 13
41 48 0 7
42 0 0 2
42 1 9 4
42 2 4 15
42 3 10 13
42 4 10 4
42 6 12 15
42 7 6 4
42 8 8 11
42 9 9 1
42 10 17 17
42 11 17 18
42 12 7 3
42 14 18 4
42 15 2 4
42 18 2 17
42 19 7 0
42 20 3 12
42 21 5 14
42 24 8 8
42 25 4 8
42 26 15 4
42 27 1 10
42 29 1 12
42 31 1 3
42 33 1 13
42 34 15 0
42 36 16 19
42 37 11 11
42 39 2 18
42 40 13 18
42 42 7 4
42 43 2 10
42 44 11 11
42 45 11 17
42 47 5 14
42 48 5 13
42 49 0 2
43 0 15 14
43 1 0 7
43 2 17 11
43 3 14 14
43 4 5 3
43 5 19 13
43 6 20 1
43 7 5 13
43 8 7 3
43 9 3 1
43 11 13 17
43 12 15 7
43 13 6 14
43 14 6 18
43 15 13 19
43 16 14 4
43 17 10 17
43 20 6 0
43 21 7 20
43 22 6 14
43 23 3 13
43 24 16 16
43 26 8 18
43 27 19 20
43 28 4 4
43 29 0 20
43 30 14 19
43 31 13 6
43 32 3 13
43 33 11 20
43 34 8 2
43 35 7 15
43 37 7 3
43 38 2 4
43 40 18 16
43 41 10 13
43 42 3 1
43 43 14 9
43 44 13 12
43 45 1 19
43 46 6 3
43 47 0 20
43 48 6 7
43 49 13 17
44 0 6 13
44 2 18 20
44 4 13 11
44 5 20 19
44 6 16 14
44 7 14 3
44 9 3 20
44 10 18 16
44 11 8 9
44 12 4 12
44 13 16 16
44 14 12 4
44 15 20 15
44 16 7 16
44 17 7 7
44 19 13 7
44 20 13 3
44 22 14 9
44 24 0 17
44 25 12 5
44 26 4 1
44 29 4 17
44 30 5 13
44 32 14 3
44 34 18 0
44 35 6 7
44 37 12 9
44 38 15 3
44 39 9 20
44 40 2 2
44 41 13 11
44 42 1 1
44 43 20 6
44 44 4 4
44 45 12 9
44 46 13 10
44 47 7 7
44 48 17 13
44 49 18 6
45 0 14 19
45 1 1 3
45 2 10 20
45 3 1 19
45 4 9 15
45 8 18 10
45 9 14 13
45 11 8 12
45 12 9 12
45 14 12 20
45 15 4 7
45 17 0 11
45 18 18 4
45 20 10 12
45 21 13 13
45 22 12 10
45 23 10 3
45 25 20 20
45 26 20 6
45 27 4 4
45 28 12 13
45 30 1 12
45 31 16 18
45 32 15 19
45 33 18 3
45 34 17 5
45 36 1 6
45 37 0 1
45 40 16 5
45 41 16 8
45 42 8 1
45 43 4 20
45 45 15 6
45 46 11 18
45 47 2 11
45 49 13 11
46 0 16 13
46 1 6 18
46 2 2 9
46 3 3 9
46 4 7 4
46 5 11 8
46 6 0 17
46 7 11 16
46 8 2 14
46 9 19 18
46 10 19 3
46 11 5 19
46 12 4 20
46 13 17 15
46 15 9 7
46 16 7 5
46 18 9 6
46 19 1 0
46 21 15 10
46 22 9 0
46 23 14 5
46 25 11 1
46 26 18 4
46 27 9 7
46 31 11 6
46 34 2 8
46 35 3 20
46 36 8 11
46 39 5 17
46 40 16 13
46 41 9 3
46 42 20 0
46 43 3 11
46 44 11 19
46 45 16 8
46 46 13 17
46 47 20 1
46 48 1 19
46 49 8 13
47 1 17 3
47 2 6 14
47 3 11 2
47 4 9 1
47 5 4 4
47 6 8 6
47 7 13 5
47 8 9 8
47 10 9 11
47 11 2 19
47 12 18 3
47 13 3 13
47 14 0 1
47 15 16 1
47 17 7 3
47 18 13 0
47 19 12 17
47 20 15 4
47 21 1 6
47 22 16 8
47 23 7 1
47 25 9 10
47 26 12 5
47 27 4 12
47 29 6 14
47 30 5 15
47 31 14 12
47 33 13 12
47 34 1 11
47 35 20 4
47 36 1 8
47 37 9 4
47 38 0 13
47 39 9 9
47 41 3 6
47 42 17 17
47 43 10 6
47 46 3 3
47 47 14 1
47 48 2 14
47 49 14 3
48 0 8 17
48 1 5 5
48 2 0 1
48 3 17 8
48 4 4 20
48 5 4 9
48 6 0 15
48 7 2 16
48 9 6 15
48 10 14 8
48 12 11 19
48 13 20 4
48 14 2 9
48 15 18 0
48 16 17 6
48 17 9 1
48 18 20 12
48 19 13 19
48 20 17 11
48 21 8 11
48 23 8 8
48 24 2 7
48 25 20 8
48 27 4 11
48 28 14 2
48 29 12 7
48 30 14 8
48 31 16 10
48 33 12 9
48 34 13 20
48 35 13 11
48 36 3 16
48 37 19 20
48 38 16 6
48 39 18 10
48 40 10 8
48 41 11 0
48 42 5 5
48 44 8 4
48 45 6 3
48 47 3 14
48 49 9 17
49 0 11 5
49 1 3 7
49 3 3 2
49 4 14 1
49 5 1 5
49 6 11 2
49 7 15 11
49 8 15 10
49 9 1 7
49 11 0 17
49 12 0 19
49 13 3 20
49 14 11 10
49 15 3 4
49 17 7 14
49 18 18 8
49 19 8 4
49 20 5 12
49 21 19 20
49 23 7 3
49 26 10 11
49 28 6 9
49 30 2 4
49 31 5 18
49 32 1 13
49 34 5 15
49 35 8 2
49 36 11 8
49 37 1 12
49 38 14 15
49 39 18 14
49 40 9 8
49 41 3 0
49 42 0 20
49 43 12 10
49 44 8 8
49 45 7 10
49 46 9 5
49 48 2 3
49 49 5 13
