200
2
0 6 76.1785 100.317
0 26 30.7305 43.1288
0 45 37.1893 44.7225
0 53 69.7217 97.8969
0 79 70.1965 77.3847
0 94 44.226 52.7326
0 100 79.9726 107.217
0 102 12.0139 15.0277
0 108 36.6685 50.0069
0 130 97.786 138.286
0 144 27.3268 33.5274
0 154 29.6424 38.4334
0 160 18.4653 25.622
0 164 55.1864 77.9973
1 5 12.5381 16.0022
1 11 73.1358 90.8447
1 14 7.20883 9.16146
1 23 62.608 81.5838
1 64 86.671 112.181
1 67 84.3049 93.42
1 70 69.5361 91.9464
1 83 89.7652 101.957
1 94 76.2668 104.795
1 95 68.197 82.5692
1 98 63.6845 64.5869
1 99 63.6201 87.8256
1 109 25.5465 34.9745
1 111 63.0365 65.5267
1 112 51.5602 63.1682
1 113 78.5836 107.175
1 129 14.9374 21.1207
1 138 90.9582 128.59
1 164 40.978 54.8021
1 192 82.3366 94.6622
1 195 71.2811 100.698
2 12 28.1397 39.3162
2 31 56.9326 61.4294
2 40 53.734 67.2967
2 51 60.5737 81.9788
2 63 39.456 48.4886
2 76 48.1978 56.4058
2 77 26.7883 37.0304
2 79 19.5335 23.9475
2 84 63.7597 65.6352
2 106 34.3911 46.561
2 107 14.6375 20.6628
2 109 39.2541 55.3231
2 111 53.8032 69.988
2 121 25.7126 27.8074
2 126 24.001 33.7301
2 127 27.403 33.4962
2 131 29.5899 40.9405
2 134 41.4653 44.1012
2 139 41.7566 47.7123
2 143 36.4145 47.4191
2 144 31.5671 44.3937
2 152 11.8827 13.5175
2 154 42.7569 54.9749
2 159 37.6514 53.2392
2 161 29.7714 41.15
2 186 54.4294 61.2725
2 199 48.1749 54.0335
3 13 66.7839 84.4374
3 35 50.7126 68.4169
3 49 92.5195 129.252
3 50 26.4656 35.4969
3 74 37.5916 42.6357
3 75 86.8055 121.138
3 81 49.3248 58.3541
3 87 53.8989 74.1109
3 92 96.8041 113.299
3 100 14.4185 17.8552
3 101 50.9589 63.9763
3 109 33.1801 36.7636
3 112 69.9665 74.6403
3 122 101.758 131.802
3 129 31.7574 38.629
3 135 88.9462 109.317
3 138 96.768 130.379
3 144 82.8924 87.3788
3 145 2.74706 3.79102
3 153 80.3378 82.7868
3 193 32.2276 37.6438
4 32 69.9103 85.9431
4 47 84.1019 101.849
4 51 96.0074 135.514
4 55 29.6137 40.7124
4 75 22.0926 24.4846
4 77 70.373 90.566
4 82 39.7356 43.6039
4 88 69.1867 69.2812
4 100 90.6404 127.767
4 103 94.5354 133.609
4 121 69.4747 76.967
4 125 23.1972 24.6442
4 127 62.3067 87.0319
4 128 61.0358 79.3057
4 145 103.597 146.471
4 147 37.0024 51.3396
4 148 69.885 78.1012
4 155 103.429 146.092
4 175 53.2896 60.1645
4 199 91.2465 95.0328
5 31 32.339 40.5079
5 39 65.9556 81.9076
5 75 79.0085 111.711
5 122 90.1115 122.375
5 124 20.9955 29.631
5 144 67.8424 77.9519
5 160 75.2942 80.1993
5 169 64.4688 82.1973
5 177 26.7368 33.4787
5 181 66.2028 68.3186
6 11 55.5081 78.0622
6 35 50.7001 71.3643
6 38 75.6043 106.739
6 52 55.6935 76.5571
6 65 75.4857 105.516
6 66 72.4842 100.789
6 92 93.2507 116.247
6 98 82.71 105.751
6 106 94.7927 124.076
6 114 57.5392 77.3536
6 123 80.1598 97.9202
6 130 39.2117 40.4161
6 135 81.3169 94.7453
6 142 73.111 96.2939
6 148 76.2145 81.5411
6 149 72.734 93.1249
6 151 73.6962 102.326
6 158 75.4607 103.783
6 160 87.5019 105.361
6 177 42.3863 58.6403
6 184 31.6094 32.5521
6 186 27.9279 30.9234
7 2 49.4684 67.5816
7 8 4.54026 4.79613
7 17 7.65691 9.38148
7 27 76.163 104.604
7 50 78.0372 85.8714
7 51 54.3518 63.8966
7 53 32.616 33.2987
7 55 27.8866 30.9055
7 60 45.7733 57.0749
7 66 45.6501 49.5735
7 93 71.5461 78.8046
7 111 97.6319 137.57
7 127 35.7101 48.0919
7 130 14.351 19.0167
7 144 79.7413 111.975
7 174 54.3385 74.453
7 176 67.5146 72.1127
7 177 71.4945 89.5194
7 179 49.5795 56.465
7 190 46.0121 60.3207
7 191 77.5572 89.02
7 196 16.2538 22.1304
8 17 12.1377 14.1776
8 28 35.8106 43.8862
8 34 72.1512 86.4335
8 35 82.5229 106.512
8 38 47.0437 52.1026
8 54 7.82127 9.67159
8 55 32.4205 35.7017
8 71 45.6432 56.1692
8 78 68.9233 77.3035
8 91 54.9263 61.9258
8 95 13.1946 17.5796
8 116 14.8738 20.7583
8 141 48.261 53.9873
8 147 38.7433 48.7172
8 173 85.5642 120.672
8 177 72.7243 93.7884
8 193 61.7655 75.7393
8 195 55.8515 71.6332
9 7 91.0385 127.203
9 9 0 0
9 23 25.3639 29.2546
9 43 72.3938 82.8468
9 47 22.1938 30.0791
9 49 74.0949 75.134
9 50 62.0649 65.9853
9 53 66.9431 93.9041
9 71 62.7285 75.3027
9 87 55.2612 75.5506
9 93 46.0507 48.3983
9 103 75.1881 97.6407
9 105 93.8743 109.218
9 115 100.142 140.044
9 117 8.04871 11.2466
9 127 56.0292 79.1109
9 135 44.8159 55.1985
9 146 9.37934 9.4329
9 152 39.1263 49.6376
9 155 71.8277 85.6655
9 162 72.9112 94.055
9 164 52.3583 74.0045
9 165 19.1744 27.1086
9 175 40.2387 47.4989
9 191 89.0101 108.906
9 195 54.4068 59.8387
10 5 55.4956 74.1732
10 7 58.1603 81.6895
10 10 0 0
10 27 19.7977 22.9144
10 31 59.9151 66.1567
10 38 41.2927 44.5877
10 87 22.2742 30.0373
10 89 32.4625 45.8984
10 94 19.7513 22.9839
10 96 63.1502 80.6492
10 97 48.3928 54.1803
10 116 63.4492 82.5596
10 128 58.8755 81.4489
10 144 21.5814 30.2859
10 149 17.7684 24.0964
10 194 28.6697 40.5435
11 7 20.7083 22.5967
11 38 22.7241 28.6771
11 42 7.18509 7.5669
11 54 28.8192 36.5373
11 72 38.3429 39.7011
11 76 76.7681 101.391
11 83 20.1147 26.1861
11 90 70.1604 96.8599
11 129 60.6108 69.724
11 131 38.9916 41.4876
11 133 39.3017 43.6937
11 139 70.1495 92.6972
11 153 67.3009 94.0166
11 158 29.6609 33.1357
11 160 80.895 113.643
11 176 70.1169 90.7421
11 180 54.1567 71.0746
11 193 58.6071 66.9399
11 199 76.067 99.0184
12 0 79.2635 102.93
12 5 65.803 88.8177
12 11 5.63982 5.66871
12 14 82.1066 105.617
12 20 72.2226 90.9305
12 47 76.9425 107.903
12 57 60.2134 82.5366
12 59 43.6305 59.4872
12 80 79.7482 100.835
12 86 62.4313 88.2828
12 97 39.9242 56.4563
12 107 28.8049 38.0665
12 116 40.7945 49.7946
12 117 72.5451 97.1829
12 122 50.6821 63.3343
12 130 39.5042 43.2569
12 144 59.6884 83.7099
12 155 70.4296 98.7143
12 161 39.7664 47.3079
12 168 56.2938 77.1886
12 169 9.48821 11.6714
12 170 33.362 41.2682
12 174 32.8668 46.1876
12 182 51.3271 67.1958
12 183 59.2992 78.5668
12 185 76.3411 104.521
12 186 40.4018 52.7496
12 189 34.0748 45.6235
12 196 41.6365 50.3958
12 199 74.112 93.3497
13 1 81.5964 82.6483
13 7 9.5103 10.433
13 37 23.8263 33.4519
13 77 62.9712 84.0684
13 78 78.1383 81.5223
13 90 90.9596 127.944
13 91 48.9542 51.1122
13 115 7.22468 9.2432
13 122 78.2973 100.088
13 123 71.0527 96.488
13 157 70.0866 72.6261
13 160 102.398 144.728
13 184 57.9275 71.919
13 198 10.397 14.5441
14 14 0 0
14 18 83.5079 117.919
14 33 89.1723 107.943
14 40 61.3314 64.1627
14 70 74.6566 101.108
14 84 59.0621 74.5689
14 96 24.576 33.1872
14 120 44.8282 60.0482
14 121 55.3915 76.0277
14 126 78.9966 103.251
14 137 66.4242 93.921
14 151 89.7528 124.27
14 168 51.9473 67.7412
14 171 86.9619 105.823
14 182 56.8708 78.1642
14 194 72.2235 91.3366
15 5 68.6368 94.9792
15 10 15.2402 20.806
15 20 68.6604 97.092
15 25 23.322 23.5101
15 39 46.639 64.6493
15 40 53.5084 58.8136
15 41 56.8461 75.8044
15 45 55.8053 78.2313
15 48 78.3678 110.821
15 58 69.2415 96.6381
15 71 17.2544 24.1646
15 74 51.372 72.6499
15 91 30.2708 33.4404
15 139 43.3521 47.1156
15 146 51.5993 60.4636
15 154 49.0272 67.2943
15 159 29.6893 40.9198
15 161 39.7581 53.4694
15 181 40.5649 48.2946
15 183 33.2119 35.4882
15 197 17.6126 20.8286
16 12 11.6849 12.4299
16 13 38.4589 47.6423
16 16 0 0
16 17 30.688 33.7466
16 22 52.6258 73.63
16 39 23.9112 27.739
16 46 62.9704 78.7287
16 55 11.1362 14.656
16 63 61.8046 67.0764
16 75 12.6854 14.5725
16 77 47.0119 55.6182
16 78 75.2202 100.838
16 93 76.1536 100.133
16 97 49.401 68.8862
16 100 66.5046 92.8193
16 103 70.0926 98.6607
16 118 25.5434 33.4432
16 123 34.563 48.8456
16 133 41.7218 52.3934
16 141 7.47254 10.5638
16 145 78.8665 111.524
16 148 54.882 73.2657
16 159 31.2823 34.6514
16 163 24.2656 29.281
16 179 14.1009 19.795
16 185 71.8505 93.632
16 186 51.61 65.1795
16 196 52.8909 61.2849
17 10 53.9395 76.2816
17 13 9.85383 13.8957
17 26 85.7022 120.436
17 30 82.6789 116.167
17 42 7.02367 9.62198
17 66 38.5551 44.1657
17 69 73.6851 101.877
17 80 91.0254 123.692
17 83 15.7402 20.3607
17 105 33.8606 46.2051
17 130 21.9392 28.3982
17 133 46.5668 60.8825
17 135 66.6699 90.6495
17 136 88.5842 120.053
17 152 51.1366 72.1575
17 160 92.5537 130.832
17 188 64.2235 78.6635
17 191 69.9435 79.6385
17 195 45.8445 61.9563
17 198 20.1252 28.4398
18 2 13.1673 18.4604
18 4 35.392 35.7059
18 14 83.5079 117.919
18 26 40.6193 55.8193
18 29 71.164 96.0787
18 43 18.7983 26.418
18 48 82.8667 116.962
18 65 39.7155 55.3501
18 108 50.4191 70.424
18 113 19.3928 27.3799
18 123 12.7845 17.9751
18 127 39.8783 51.9566
18 128 58.4217 69.7844
18 157 66.2887 93.5613
18 162 27.9351 36.8772
18 184 46.4355 65.3378
18 190 10.988 12.1367
19 2 59.0508 70.5445
19 17 45.4435 61.8437
19 26 90.2517 102.956
19 30 87.7092 98.6859
19 53 16.2851 20.5435
19 60 6.31899 7.65391
19 64 65.3569 92.4283
19 67 54.9905 73.6669
19 68 24.7395 34.8054
19 71 59.8227 79.4722
19 72 34.1179 36.643
19 91 78.7397 109.592
19 100 2.71869 3.68705
19 114 61.7172 85.3441
19 117 78.8636 102.56
19 118 63.9049 75.4763
19 137 58.7912 65.0064
19 143 35.7313 50.4581
19 146 85.6702 113.64
19 147 53.647 72.7405
19 164 32.7652 35.049
19 175 60.4699 63.9157
19 180 19.9716 28.2441
19 192 46.7978 48.0532
20 15 68.6604 97.092
20 27 68.6378 92.3742
20 31 45.0301 59.2496
20 40 55.0427 60.0958
20 53 38.2751 41.4837
20 68 52.3419 55.4532
20 84 53.998 72.836
20 98 59.5902 61.8474
20 100 36.6889 50.8039
20 103 32.1478 45.2203
20 107 74.7932 105.435
20 114 32.9859 33.4502
20 120 34.6669 45.3618
20 147 65.1296 86.9687
20 156 66.1322 69.1704
20 158 79.6647 111.041
20 166 56.8251 69.4228
20 184 27.9723 37.8953
20 187 67.9329 87.5111
20 188 110.72 154.735
20 196 80.7758 96.9128
21 11 42.7036 55.1094
21 16 59.3853 73.1501
21 21 0 0
21 27 87.3241 106.708
21 30 96.9454 123.679
21 33 45.5781 63.0459
21 36 35.0621 47.3531
21 49 76.0918 91.7279
21 58 69.7027 93.976
21 64 56.8203 76.4461
21 68 20.1707 21.4337
21 72 44.9244 61.636
21 98 99.9451 138.734
21 102 106.277 148.328
21 104 59.5606 68.8104
21 111 100.298 139.674
21 119 25.6662 35.839
21 120 42.5861 58.2888
21 133 50.5406 68.3949
21 134 81.2427 113.787
21 166 87.5005 117.367
21 186 8.19505 8.41356
22 0 58.6329 81.1982
22 2 40.8586 55.0423
22 9 55.9115 77.2054
22 16 52.6258 73.63
22 39 47.0955 54.29
22 40 61.6225 84.8808
22 41 37.836 52.8379
22 51 19.7289 26.9366
22 67 55.1831 58.1646
22 96 24.5647 34.0936
22 108 22.1628 31.1913
22 128 40.8204 49.7569
22 131 11.8003 14.1018
22 137 39.1286 49.5042
22 138 68.4005 93.3349
22 150 67.7295 71.6833
22 155 27.1927 37.5141
22 172 25.8015 31.6068
22 185 63.3278 82.7891
22 194 60.9075 72.2355
22 195 47.8766 65.4427
23 1 62.608 81.5838
23 3 78.1816 83.3729
23 20 58.2562 76.0589
23 25 38.1362 53.8919
23 38 55.8927 69.3448
23 42 64.6651 91.4167
23 55 59.9138 81.9481
23 61 23.7816 28.7335
23 70 7.33511 10.3626
23 76 24.3016 29.5542
23 93 55.0839 72.8313
23 97 63.0888 78.9373
23 98 25.1498 30.1833
23 102 32.0041 39.7769
23 110 83.7047 117.866
23 116 79.8012 107.317
23 132 13.423 16.9926
23 140 69.0081 76.422
23 141 44.6062 56.7283
23 171 66.3339 92.5906
23 177 41.6185 56.3708
23 180 58.6539 61.8137
24 7 67.7082 89.0621
24 17 61.8989 83.6543
24 22 58.0016 72.1271
24 29 83.8709 115.116
24 30 24.626 32.5122
24 32 23.7464 31.1999
24 41 57.7979 80.5698
24 43 25.0692 27.7936
24 47 37.7006 47.1059
24 69 13.1734 18.2226
24 82 7.90848 11.1392
24 91 36.3237 46.4378
24 99 29.3158 36.5563
24 102 52.5049 57.1612
24 105 52.2923 71.0776
24 113 32.8222 46.4171
24 138 17.8341 21.2077
24 141 27.8492 39.3439
24 157 67.5257 92.1858
24 164 45.005 52.5804
24 177 58.1035 82.1695
24 179 36.8051 47.4935
24 196 83.8934 111.193
25 1 57.8688 79.4846
25 12 20.952 24.2892
25 14 64.9317 88.6461
25 47 59.1598 83.6135
25 48 64.4356 87.689
25 53 30.8747 39.188
25 55 25.9405 28.0562
25 57 41.2833 58.2474
25 78 52.5486 71.4373
25 91 35.949 49.8604
25 94 36.5127 45.0083
25 103 51.6023 69.2599
25 108 35.4492 41.1506
25 120 20.384 28.5979
25 149 24.3157 26.4228
25 152 17.7883 25.0107
25 157 46.1905 64.288
25 161 21.8836 30.3371
25 168 52.6446 60.2177
25 198 53.4525 75.5865
26 2 41.3429 58.2626
26 13 95.4003 134.332
26 20 72.9634 89.6661
26 38 65.0662 88.7425
26 41 51.0148 68.3784
26 47 11.6185 12.7827
26 57 17.5202 19.6887
26 66 55.4755 76.2707
26 73 5.70977 7.59435
26 92 20.7156 21.2814
26 94 21.1195 28.2813
26 117 22.3571 31.6153
26 119 88.0053 122.197
26 122 34.5345 34.8221
26 131 57.3561 66.9231
26 135 22.7975 29.7869
26 143 76.7875 105.682
26 148 12.6953 13.424
26 164 58.7737 72.6458
26 185 18.8769 25.7776
26 186 92.0309 119.535
26 190 46.3432 65.5235
27 1 72.9536 97.8992
27 9 35.9676 45.5699
27 14 78.2654 107.061
27 29 93.3708 130.658
27 32 11.2656 15.6583
27 35 55.3059 78.1787
27 42 64.0896 89.574
27 56 77.5599 100.496
27 58 65.618 91.9203
27 87 41.5817 52.9516
27 93 65.6229 89.1467
27 97 68.1762 77.0947
27 99 37.5212 52.098
27 109 53.3459 62.9246
27 126 50.102 70.7524
27 127 49.4096 56.5119
27 128 77.477 104.363
27 130 85.0695 111.694
27 142 37.1615 47.4614
27 168 87.6538 95.8297
27 181 23.2276 26.2443
27 189 54.3828 60.8248
27 192 92.4426 127.223
27 195 26.4067 37.2397
28 2 19.8463 27.9645
28 7 31.5347 39.6171
28 32 57.0471 80.645
28 36 50.8333 71.6683
28 47 68.6581 96.5509
28 54 40.4026 53.5578
28 59 36.8983 48.1355
28 60 55.2125 77.5532
28 61 33.6794 38.0959
28 67 29.456 41.6507
28 95 46.6413 50.1434
28 100 55.3007 76.6275
28 119 29.4946 35.9699
28 129 55.6823 71.5729
28 131 33.5462 43.3364
28 136 69.1679 85.8436
28 147 3.41895 4.83099
28 155 67.1552 94.9524
28 189 29.7466 41.8616
29 4 62.7467 65.0341
29 7 19.0019 26.0537
29 11 35.4398 48.6504
29 16 50.7803 65.2081
29 31 45.9485 49.9309
29 49 66.3428 80.2155
29 53 50.0258 59.3524
29 57 96.7996 136.856
29 75 63.2819 79.7806
29 82 76.4412 103.977
29 85 56.46 77.7231
29 92 122.485 173.179
29 106 86.511 107.691
29 110 14.2075 14.6344
29 115 10.0909 13.2121
29 116 28.8711 32.1382
29 146 115.592 162.582
29 147 50.7841 70.5018
29 155 74.6289 81.0579
29 158 63.6996 81.7861
29 186 33.7556 35.0933
29 193 79.1338 97.524
29 196 9.46518 12.7979
29 199 106.55 147.669
30 25 50.0067 69.0198
30 30 0 0
30 32 0.928895 1.31229
30 33 78.0172 110.265
30 38 62.217 84.4726
30 45 55.6966 70.5133
30 60 85.5811 91.0319
30 65 77.379 106.899
30 71 49.362 69.6742
30 81 93.1051 125.967
30 98 25.0898 32.1298
30 106 40.9607 41.9596
30 111 26.8608 34.4552
30 112 24.2761 31.7308
30 119 85.0025 117.927
30 129 62.6734 73.7783
30 136 34.8289 49.1019
30 152 33.6534 44.0091
30 162 62.5274 88.4266
30 163 37.6764 53.1389
30 193 61.4434 70.9942
31 4 82.3707 114.965
31 21 13.3834 17.6373
31 34 41.7013 47.8825
31 50 48.4858 53.7906
31 63 57.067 79.6607
31 97 11.5614 11.9764
31 102 94.9962 130.691
31 107 68.263 82.0921
31 151 65.848 86.2404
31 168 8.30257 9.60131
31 172 45.9379 52.6976
31 177 52.3802 73.9866
32 1 75.307 94.9589
32 11 69.1211 97.6654
32 18 36.8387 50.2371
32 25 49.1109 67.7075
32 42 74.8083 105.232
32 43 47.1632 53.2101
32 61 37.1645 42.5491
32 64 70.084 97.606
32 67 86.483 122.296
32 68 76.8753 100.933
32 90 18.1352 25.6344
32 94 17.4928 22.6992
32 95 97.8298 130.788
32 101 44.2186 53.2596
32 109 58.6459 59.9843
32 111 27.3024 34.5151
32 114 41.1368 56.9189
32 117 22.4922 31.3831
32 119 84.1008 116.615
32 120 54.9923 64.0778
32 122 32.0182 35.0543
32 128 87.5535 120.022
32 148 9.95359 11.6898
32 193 60.948 71.054
33 4 35.7709 45.052
33 32 77.0883 108.952
33 36 59.9909 77.7559
33 46 69.0465 69.4659
33 49 36.462 42.852
33 51 67.7141 90.4625
33 54 25.6254 25.995
33 61 52.9709 66.4032
33 71 28.7034 40.5904
33 74 67.0082 68.8141
33 97 43.1147 58.7821
33 107 39.8483 55.0221
33 115 24.7713 25.3761
33 117 84.4601 114.139
33 123 54.8795 76.6903
33 124 90.6107 120.775
33 129 69.8926 77.6605
33 130 34.7586 45.5826
33 156 91.0006 126.42
33 166 75.413 103.953
33 189 40.9474 47.9493
33 192 32.4855 33.929
34 12 83.0781 115.47
34 19 33.435 38.7674
34 26 96.9567 114.205
34 42 76.9579 103.077
34 49 103.618 146.478
34 51 19.993 27.333
34 53 43.5625 59.3109
34 65 100.249 137.313
34 73 98.4689 111.461
34 81 65.8272 75.5792
34 83 93.5461 120.972
34 97 44.6466 59.0134
34 98 84.2618 86.6694
34 108 46.1738 57.3483
34 109 39.2712 53.9888
34 114 57.6664 58.2722
34 118 82.3531 114.244
34 125 101.22 138.203
34 131 48.7593 68.3714
34 136 70.3591 75.5003
34 145 14.5004 16.3761
34 154 48.9107 54.337
34 164 52.2463 73.8164
34 172 62.0828 85.8764
34 182 70.0618 88.017
34 184 45.1637 62.4345
34 189 49.5818 69.8462
35 16 77.2353 89.1649
35 32 54.706 75.2384
35 47 50.4017 62.6879
35 53 50.876 68.9446
35 56 73.4915 98.1351
35 60 50.8035 71.7009
35 79 75.102 94.5247
35 88 104.355 137.016
35 95 82.5353 112.77
35 96 43.6774 58.9153
35 109 29.7812 39.2575
35 115 89.7959 115.085
35 119 78.7719 98.5962
35 131 37.1157 43.3222
35 134 23.5419 31.9271
35 148 45.5082 63.5486
35 175 47.9448 63.9483
35 178 52.1044 73.1544
36 7 48.3107 51.19
36 9 62.034 81.9542
36 12 54.6724 75.4302
36 14 30.7315 31.2667
36 28 50.8333 71.6683
36 31 21.7318 29.7158
36 35 40.3119 56.9947
36 87 36.5536 51.2965
36 88 68.0756 80.0217
36 89 71.9574 82.3392
36 90 62.6084 74.2079
36 110 64.5344 71.5411
36 115 55.3088 58.0903
36 141 62.412 88.1507
36 159 87.9415 122.511
36 171 57.9067 75.6365
36 176 19.2109 20.9227
36 179 76.1681 107.655
36 196 57.2834 67.379
37 1 69.1851 84.5746
37 2 63.6688 80.1133
37 14 75.2828 89.047
37 17 26.1879 32.4004
37 35 83.7918 114.775
37 45 72.1718 99.0049
37 48 75.4073 89.8759
37 57 89.1717 123.334
37 72 50.9749 72.0631
37 81 7.7635 8.13928
37 85 56.6376 64.2011
37 100 34.8613 36.5102
37 106 90.9739 94.1692
37 108 66.714 93.7204
37 110 30.6773 43.37
37 111 106.435 150.101
37 118 68.4326 85.1293
37 132 85.5927 110.516
37 133 55.9738 78.822
37 140 72.3721 93.0828
37 144 91.7237 124.507
37 146 105.775 149.06
37 147 50.6031 56.9798
37 150 101.173 134.212
37 166 92.1806 127.794
37 176 63.4504 75.1112
37 178 32.8488 41.6206
37 179 67.9873 79.484
37 196 13.6846 16.8048
38 24 37.7309 51.9604
38 41 80.3614 92.7092
38 46 70.3333 89.3651
38 56 51.9063 65.574
38 64 11.4577 14.4456
38 93 83.6928 110.769
38 103 77.4684 109.297
38 107 21.5372 29.2302
38 123 36.5268 50.8984
38 126 18.1298 25.4325
38 134 71.3065 74.581
38 141 11.5372 12.6165
38 144 58.1268 74.8736
38 145 86.3809 122.16
38 168 73.6665 100.255
38 170 22.9332 32.4318
38 178 64.568 90.9606
38 187 63.2913 74.3539
38 199 77.9231 84.5134
39 1 76.4659 89.5453
39 6 55.9972 76.7628
39 10 49.9913 70.274
39 13 14.8948 19.9033
39 37 33.1776 40.3489
39 39 0 0
39 40 90.6542 123.463
39 41 78.3996 91.4199
39 50 83.6775 103.201
39 53 38.1072 49.2487
39 61 50.2125 66.2975
39 79 34.6948 42.3955
39 94 61.8625 86.1475
39 95 32.0779 39.7058
39 116 31.5437 42.8844
39 121 61.5057 83.9736
39 130 28.8404 36.3467
39 162 15.7752 21.7324
39 165 82.6497 116.447
39 167 18.2012 23.6773
39 172 43.2578 56.815
39 174 44.5905 63.0376
39 180 56.7716 69.7752
39 181 80.8591 112.944
39 186 32.6139 45.8395
40 8 98.7831 139.147
40 9 5.7468 7.67543
40 17 93.461 129.47
40 19 83.0185 111.99
40 31 86.3894 119.345
40 35 33.9836 35.2808
40 50 67.124 68.6572
40 56 92.4714 130.77
40 57 22.3603 24.0763
40 73 26.4979 37.446
40 77 41.9477 59.2977
40 79 70.9991 81.0673
40 82 55.1988 56.9553
40 84 95.8508 132.932
40 109 52.7712 71.8925
40 112 19.5483 26.4115
40 114 22.3346 26.6456
40 118 52.427 62.2806
40 121 29.1563 39.4893
40 123 51.4792 55.7015
40 149 55.8098 60.316
40 172 47.8676 66.6478
40 173 13.2878 18.4752
40 174 49.8235 60.4253
40 185 10.2978 14.4123
40 187 104.605 147.607
40 194 21.1935 27.1739
40 198 113.104 157.91
41 1 28.8712 30.7924
41 12 72.1485 74.5699
41 13 88.0639 111.323
41 17 79.0362 97.4275
41 28 64.5633 65.8809
41 33 82.3298 91.5256
41 72 35.1228 43.3039
41 91 84.0781 102.532
41 101 35.6044 35.8328
41 105 93.2697 100.989
41 122 73.405 103.2
41 124 48.7525 48.8059
41 140 96.5245 115.467
41 143 66.0236 82.6729
41 145 50.6 65.2179
41 153 36.1348 49.2099
41 163 51.488 64.1769
41 168 66.725 94.0612
41 177 9.48352 13.316
41 179 84.0555 101.868
41 183 28.6475 40.3161
41 188 101.279 133.448
42 1 71.8229 84.0629
42 28 18.4259 24.5873
42 42 0 0
42 44 26.2682 27.4574
42 45 65.8237 71.4434
42 54 21.9824 28.9704
42 58 77.4653 78.084
42 90 74.5727 104.427
42 102 94.3167 131.194
42 107 40.9596 51.3021
42 111 88.2436 122.54
42 113 25.4636 27.6153
42 137 42.2136 59.6949
42 155 63.8517 86.3217
42 165 79.8514 112.832
42 175 45.7324 64.6742
42 180 52.1391 64.2928
42 186 29.1954 40.357
42 198 27.0322 38.0618
43 7 65.0385 67.0519
43 8 69.5618 71.321
43 35 85.3476 115.456
43 40 74.2577 80.1749
43 78 89.9931 127.129
43 101 51.6109 72.9888
43 124 111.51 157.169
43 158 15.4026 18.6104
43 160 63.6093 69.188
43 164 57.671 80.3739
43 171 46.439 53.196
44 4 61.8125 87.2278
44 19 28.7462 36.8523
44 37 37.5498 52.584
44 40 67.0616 94.8259
44 53 12.4818 16.3088
44 74 31.9004 36.4098
44 75 45.4076 62.7432
44 88 54.4101 74.8254
44 102 75.1124 106.171
44 104 27.1871 27.7103
44 105 52.7064 71.1964
44 112 48.5983 68.4144
44 117 60.5849 85.396
44 123 51.1151 54.0973
44 128 28.7031 39.8118
44 134 50.7715 71.6304
44 142 61.7578 87.1207
44 145 41.9269 59.2436
44 148 54.5346 72.3678
44 177 41.4275 49.467
44 180 27.1994 36.8353
44 191 75.9096 104.63
45 3 41.574 52.6467
45 4 92.1623 119.448
45 34 40.1045 43.4
45 35 11.6289 15.7701
45 63 13.7771 17.4233
45 77 21.8265 28.8815
45 91 80.4338 104.959
45 95 70.9112 96.9995
45 107 62.8524 86.5746
45 114 18.1647 21.7594
45 115 78.3146 99.3148
45 118 51.0459 70.8437
45 133 26.8157 32.1063
45 160 51.5629 53.2986
45 169 67.7006 69.8792
45 188 99.3321 135.875
45 197 44.0133 57.4027
45 198 87.0025 109.505
46 21 58.7378 82.8802
46 36 25.938 35.5271
46 39 64.5673 69.3603
46 42 60.1182 65.7459
46 43 74.8913 105.019
46 57 38.4565 45.3457
46 60 37.0734 50.2333
46 72 21.116 21.2442
46 90 38.9251 39.1678
46 96 33.489 37.4476
46 103 38.8594 51.2135
46 105 82.0893 97.6452
46 115 72.9199 93.6173
46 128 61.9164 80.5352
46 141 60.0359 79.0193
46 144 44.9791 55.433
46 151 63.7311 84.952
46 161 20.605 22.1015
46 164 26.1525 27.5773
46 174 43.426 61.0874
46 183 31.9834 36.9721
46 192 77.8075 103.395
47 2 48.8177 68.5865
47 14 77.277 91.5698
47 31 93.3258 120.635
47 34 94.1231 101.423
47 36 77.57 90.9194
47 38 74.8049 99.0663
47 42 85.6657 121.138
47 58 62.4646 76.4295
47 71 60.7614 84.2679
47 82 45.0961 58.2451
47 90 15.0077 16.7115
47 92 9.33028 10.9576
47 97 82.4782 108.659
47 101 50.9547 69.1655
47 128 96.9433 135.928
47 129 62.5119 63.7126
47 133 52.6999 69.8777
47 135 33.4653 40.1108
47 147 65.2467 91.7199
47 161 59.6305 77.4939
47 170 53.8654 66.6345
47 173 21.9697 23.9725
47 177 52.1891 57.1953
47 191 75.5349 78.827
47 193 61.6785 64.6978
48 2 69.9927 98.502
48 3 31.1043 43.5178
48 6 36.0518 46.4652
48 12 81.7387 104.66
48 13 88.3781 90.8527
48 22 36.3084 43.4597
48 25 64.4356 87.689
48 30 79.3304 103.103
48 38 94.6928 127.726
48 44 52.8725 64.8098
48 58 14.3563 14.5273
48 90 62.3866 77.5289
48 92 76.8177 83.2615
48 93 12.0347 16.9569
48 95 74.4658 87.8705
48 102 68.5373 68.8792
48 103 36.2129 47.782
48 105 104.932 136.006
48 122 98.253 138.217
48 131 42.736 57.5615
48 150 81.8919 106.99
48 153 65.7124 84.2269
48 155 25.666 35.8069
48 156 72.5217 82.8997
48 181 65.5283 79.8592
48 182 56.0765 77.2071
49 12 28.5666 31.0078
49 16 16.8872 18.5779
49 21 76.0918 91.7279
49 22 65.2673 92.2079
49 42 41.3213 43.4004
49 69 41.2063 53.1229
49 79 9.34993 13.2181
49 87 39.0313 55.1415
49 89 61.5082 73.426
49 93 85.7307 118.711
49 106 20.5328 27.4758
49 111 75.6587 83.4078
49 119 53.2696 55.889
49 121 51.8251 60.597
49 126 27.6254 33.3739
49 140 20.0265 24.1373
49 143 47.0837 57.2521
49 150 51.8711 67.5189
49 155 92.1607 129.722
49 157 79.6973 112.267
49 167 50.9221 66.4237
49 177 76.5025 102.25
49 190 22.2391 30.842
50 1 9.84591 13.6561
50 5 17.7462 21.2938
50 14 5.99689 7.19194
50 55 88.4481 116.777
50 71 80.7644 112.881
50 83 96.6508 115.614
50 96 21.158 25.9953
50 114 45.7516 51.696
50 115 84.6485 87.0612
50 122 102.803 143.669
50 124 12.2506 15.187
50 126 80.2101 107.745
50 148 75.006 96.9251
50 157 20.7288 28.8527
50 173 60.8841 72.0919
50 187 71.389 82.052
50 191 123.723 174.891
51 1 21.5489 29.3174
51 8 53.3917 59.1004
51 9 67.3548 84.4773
51 15 70.7236 94.2982
51 20 22.7536 32.0569
51 21 37.1578 44.8301
51 26 85.0162 86.8723
51 43 91.3361 126.857
51 45 32.9545 43.7476
51 47 84.3231 93.4425
51 48 27.1244 34.6187
51 53 23.5738 31.9778
51 61 46.5629 55.7861
51 62 80.6993 94.1887
51 73 87.4827 90.713
51 75 78.8944 111.03
51 78 21.4325 30.3089
51 90 69.3158 76.731
51 94 78.469 96.4761
51 152 54.3174 68.4613
51 160 82.3302 93.5144
51 198 69.0379 72.1694
52 3 57.0642 73.6097
52 29 100.191 133.49
52 43 78.8133 103.886
52 57 31.3529 44.2118
52 77 27.3656 31.8556
52 93 25.7656 28.6316
52 98 30.3577 31.4786
52 99 55.7384 56.535
52 120 38.7992 51.2518
52 127 45.6757 59.3442
52 129 25.7592 34.9807
52 167 97.4669 119.698
52 194 37.4712 50.8846
52 199 15.9317 17.5099
53 8 32.7641 37.5678
53 9 66.9431 93.9041
53 13 42.0701 42.3517
53 14 46.4423 49.4581
53 19 16.2851 20.5435
53 40 72.5763 101.58
53 76 64.661 90.6886
53 87 26.1004 32.0252
53 116 24.5766 34.1688
53 135 65.0333 67.2312
53 144 64.1929 78.6766
53 146 74.5557 103.23
53 154 42.1939 59.4635
53 156 77.7469 104.431
53 157 28.1165 30.8395
53 198 48.9311 56.3307
54 6 52.9587 60.0037
54 9 100.846 141.143
54 28 40.4026 53.5578
54 35 90.318 116.184
54 39 21.4919 25.3561
54 42 21.9824 28.9704
54 83 21.8874 29.1713
54 102 113.614 160.164
54 107 62.8528 80.2726
54 114 89.8154 122.173
54 127 45.2966 62.0326
54 143 24.1832 34.1031
54 147 43.5754 58.3888
54 161 53.9986 72.6148
54 176 74.6266 76.5202
55 23 59.9138 81.9481
55 32 67.9606 95.7637
55 34 88.2194 122.135
55 38 14.6259 16.4009
55 45 70.8523 78.7352
55 48 87.1378 111.325
55 92 88.9522 122.627
55 102 91.3162 121.725
55 104 32.6734 42.2075
55 113 13.148 18.1467
55 115 33.7439 37.3401
55 140 27.9635 39.1583
55 146 84.443 112.03
55 153 67.895 92.1148
55 177 71.7543 77.9079
55 192 41.6365 47.1176
56 25 38.7245 48.4464
56 36 37.2587 41.1404
56 71 46.5517 47.7919
56 72 39.2403 55.4233
56 79 55.2545 60.2973
56 80 88.5638 124.992
56 87 36.0419 47.544
56 88 31.115 38.8812
56 91 59.8675 75.3972
56 103 35.7744 43.7231
56 114 74.4814 104.124
56 120 36.8869 52.0761
56 125 46.5276 65.2412
56 126 35.3271 40.1415
56 141 50.6479 55.2282
56 149 61.9014 70.4541
56 172 46.2517 64.1222
56 178 25.1845 25.3866
56 193 52.1547 67.3621
56 197 45.6818 58.2971
57 64 67.5094 88.1458
57 65 74.404 96.1271
57 70 11.9474 16.4441
57 96 70.9903 74.3406
57 119 75.8208 107.155
57 122 40.8666 54.5108
57 124 79.7383 97.4956
57 126 55.977 76.9505
57 129 47.0522 54.3816
57 137 26.3369 36.0772
57 142 21.1689 25.0646
57 154 31.1435 40.1796
57 158 48.5739 55.0696
57 191 69.0417 85.733
57 194 9.35932 11.431
58 5 25.3633 35.8308
58 11 77.4636 84.8659
58 12 78.2041 90.4766
58 16 81.7583 102.907
58 32 66.0434 88.98
58 33 86.8978 92.8024
58 37 79.8992 104.403
58 38 89.1396 113.543
58 41 16.6471 20.8338
58 47 62.4646 76.4295
58 52 21.0112 25.3117
58 67 90.7307 93.9051
58 69 69.819 97.5286
58 73 67.8402 86.4683
58 94 69.9893 98.816
58 101 43.4617 56.2084
58 103 44.1615 62.3093
58 117 47.1424 57.5969
58 126 74.5982 88.1105
58 138 87.4771 122.611
58 161 38.5071 43.1687
58 177 13.7019 19.2341
58 182 44.6368 63.0238
58 197 57.5124 75.8096
59 16 34.4778 48.5982
59 18 12.8636 17.7277
59 27 15.9254 16.8512
59 34 96.9902 131.856
59 58 75.6194 106.863
59 71 27.1183 35.8525
59 82 7.63141 9.82969
59 84 85.0918 85.8062
59 96 84.988 111.68
59 108 52.8888 74.5075
59 115 76.4017 100.594
59 119 66.2447 84.1055
59 123 1.52247 2.13883
59 134 46.4616 61.194
59 141 27.019 38.0344
59 142 52.1929 62.4038
59 178 72.6106 84.2803
59 180 70.7224 93.0714
59 185 44.2382 45.0338
59 192 84.2915 110.372
59 195 16.7803 20.3886
59 197 28.3441 31.0531
60 1 31.2372 41.5005
60 2 59.2474 75.1572
60 18 71.844 93.6176
60 23 71.3307 75.9041
60 26 88.0072 95.3018
60 41 51.7808 72.2929
60 106 93.3435 121.718
60 116 31.4666 31.5205
60 131 31.4335 34.2167
60 132 75.8617 83.4359
60 142 72.744 96.6306
60 147 55.5738 77.3532
60 151 72.1065 99.9682
60 152 54.8206 61.6396
60 154 46.2528 62.2198
60 158 73.8973 101.425
60 166 73.3295 84.7202
60 167 66.9805 84.5018
60 176 25.0251 32.0371
60 187 37.2427 43.2711
60 191 105.991 146.095
61 46 24.1025 33.9482
61 48 51.131 72.3092
61 73 44.2076 55.7256
61 75 42.5864 55.2438
61 80 38.5398 51.3871
61 98 41.6712 58.9168
61 115 64.3686 90.5546
61 127 21.5725 29.621
61 128 54.7821 77.4724
61 143 40.9228 57.5505
61 150 39.5974 43.9677
61 154 22.9662 28.7821
61 161 17.1201 19.0388
61 162 38.1786 44.5652
61 168 58.1507 68.9389
61 169 46.8912 61.119
61 177 28.74 38.8919
61 182 13.019 17.7482
61 187 65.3387 90.4416
62 1 68.9309 72.7644
62 7 96.8138 136.914
62 26 17.6848 22.4267
62 28 70.2279 97.2972
62 35 44.8092 53.0439
62 36 74.4296 91.6656
62 42 86.5549 121.884
62 52 35.9794 41.4738
62 55 82.3373 112.416
62 64 85.4653 114.258
62 102 11.1773 12.7751
62 108 46.3184 55.7256
62 136 20.7173 26.9672
62 138 58.733 61.5029
62 157 65.614 72.7761
62 162 74.979 103.766
62 166 15.3877 21.6517
62 174 46.0593 62.4613
62 178 82.4021 107.825
62 183 21.6413 30.0821
63 3 53.2293 61.367
63 10 29.854 40.002
63 18 50.5748 66.949
63 19 53.4531 72.305
63 43 68.9542 93.3671
63 59 50.5024 71.0325
63 74 15.6699 18.7314
63 75 62.1766 77.5396
63 93 26.0896 33.0565
63 96 46.5952 51.8654
63 103 51.5026 65.6313
63 109 23.2814 32.2077
63 117 26.3548 30.2548
63 128 69.0369 94.9529
63 142 23.4216 31.9795
63 146 32.4553 41.3348
63 154 4.89809 6.48627
63 191 87.2668 119.426
63 197 36.561 39.9794
64 11 15.0874 21.3367
64 18 33.5822 47.3688
64 38 11.4577 14.4456
64 44 41.1784 55.5759
64 46 71.0842 82.0247
64 54 38.0217 39.3952
64 64 0 0
64 96 79.852 111.02
64 111 89.112 114.913
64 137 41.6119 52.0686
64 148 66.684 89.7641
64 151 19.9154 28.0121
64 154 73.5599 76.8586
64 156 85.578 115.074
64 158 23.593 33.0763
64 159 38.2056 44.002
64 162 14.4851 17.5943
64 163 35.671 45.7793
64 165 77.9115 105.206
64 171 12.6155 15.5196
64 199 83.0964 98.959
65 5 83.5371 110.661
65 16 18.5453 24.4796
65 32 76.4637 105.587
65 34 100.249 137.313
65 44 47.1701 61.6929
65 72 57.1047 67.1548
65 102 101.747 131.548
65 112 76.9293 93.7918
65 117 87.3651 110.773
65 123 52.1262 73.3252
65 128 39.3678 53.7708
65 133 56.9394 61.8064
65 135 58.0478 81.3824
65 145 87.0402 120.937
65 149 43.2437 59.8874
65 156 92.3141 123.055
65 164 52.5159 63.4963
65 187 55.2224 73.1305
66 0 72.2688 81.6222
66 10 31.9387 32.116
66 14 88.8517 122.733
66 16 8.07825 10.4191
66 29 58.8583 75.6272
66 55 19.2091 25.0751
66 65 24.9024 34.8986
66 66 0 0
66 73 61.1538 83.8651
66 77 46.438 60.3043
66 78 76.4388 105.524
66 87 29.205 41.2497
66 94 34.4965 47.9894
66 108 57.707 75.2375
66 112 54.8129 58.8932
66 117 64.2517 75.8748
66 133 42.0566 57.0795
66 138 21.1324 25.8379
66 145 82.6064 116.21
66 161 46.0069 64.4239
66 162 17.7512 18.9844
66 168 72.6565 94.3046
66 196 60.8456 71.7039
67 18 52.0946 72.0586
67 41 87.8466 104.869
67 42 13.7607 17.0634
67 49 46.459 56.1954
67 53 45.1136 53.1234
67 57 80.7865 112.836
67 61 60.0787 79.7466
67 65 21.1909 24.8784
67 67 0 0
67 79 42.1444 55.8445
67 98 100.417 138.663
67 103 62.9275 83.1953
67 104 49.0307 68.7395
67 105 28.1322 34.3819
67 140 41.3216 48.8592
67 165 92.3806 129.896
67 167 8.46566 10.2283
67 172 53.1148 70.2641
67 175 58.207 81.7376
67 186 35.6447 49.7141
67 199 92.9513 123.649
68 5 42.1265 46.9207
68 16 40.8929 54.3269
68 19 24.7395 34.8054
68 43 66.2444 80.6176
68 48 60.4356 62.7629
68 49 57.1332 72.9048
68 52 64.4369 88.1069
68 57 66.3548 91.4728
68 67 31.3575 38.8615
68 69 71.1764 87.9555
68 89 78.7714 108.259
68 91 55.3881 74.7865
68 93 53.0825 59.4754
68 97 11.8086 14.5593
68 102 89.8099 126.894
68 103 32.173 44.3338
68 104 39.5604 47.3767
68 122 73.8797 75.4546
68 128 15.2276 19.0887
68 153 70.4446 97.2841
68 159 71.2642 88.9783
68 176 49.1733 54.4559
68 190 41.5306 42.0628
68 196 30.4125 41.4596
68 197 36.0349 43.0761
69 7 79.0228 107.285
69 8 82.9054 111.554
69 27 4.39547 5.60831
69 31 83.6344 91.7519
69 33 67.9468 95.9749
69 48 81.7801 111.712
69 50 87.0872 117.164
69 54 88.429 121.225
69 56 80.9369 103.176
69 61 34.8357 39.4026
69 77 42.0074 50.2402
69 79 38.5665 53.4738
69 87 45.0973 55.6325
69 91 49.2369 64.6604
69 99 40.2905 54.7789
69 104 31.7408 40.5788
69 119 76.6827 103.638
69 135 8.43261 11.2274
69 148 14.7643 20.2384
69 162 52.8008 74.1369
69 165 22.3916 24.0696
69 175 24.0236 27.5807
69 177 56.7698 78.2945
69 184 52.6004 60.0872
70 2 27.8406 39.338
70 20 65.1976 86.4215
70 32 9.67206 13.3425
70 37 89.7111 119.451
70 45 49.9124 67.5607
70 49 44.9713 52.7578
70 52 42.8917 60.6559
70 57 11.9474 16.4441
70 102 35.8193 39.3038
70 110 83.6794 118.339
70 121 19.5188 25.0802
70 127 48.4555 58.8276
70 136 35.1677 46.1493
70 138 34.1726 36.6438
70 144 5.74322 6.35677
70 151 43.0157 56.2513
70 161 45.6035 48.2454
70 181 18.9195 20.2916
70 182 18.1343 22.9437
71 41 62.6019 72.4127
71 50 80.7644 112.881
71 107 13.1527 14.4318
71 108 47.7785 60.8913
71 114 58.809 61.1854
71 119 39.3251 48.253
71 120 34.3145 48.3385
71 128 44.0037 51.6596
71 146 65.4424 84.6282
71 184 40.2937 55.8051
71 185 60.9563 80.8864
71 189 34.6978 48.3934
71 190 6.23242 8.42053
71 195 10.9841 15.464
72 33 47.9306 48.2217
72 37 50.9749 72.0631
72 52 36.6674 47.9046
72 62 56.8135 77.3828
72 68 28.5297 40.2023
72 93 32.9276 42.3911
72 106 62.5929 85.715
72 113 41.3806 56.0317
72 140 67.7361 91.1357
72 146 54.9603 76.9968
72 175 27.0631 32.5252
72 194 49.4693 62.7015
72 196 58.6916 81.6619
73 6 91.8284 102.56
73 12 74.4226 105.173
73 32 9.48494 13.1765
73 40 26.4979 37.446
73 54 105.136 147.379
73 79 58.3768 79.6276
73 81 100.71 137.831
73 86 12.5016 16.8903
73 88 119.615 168.212
73 92 15.6485 17.39
73 109 64.2911 70.4528
73 110 102.43 144.858
73 132 25.4416 35.454
73 136 33.4655 46.6501
73 140 81.1717 103.414
73 152 41.0322 55.8733
73 158 57.5324 77.7062
73 169 82.6423 116.845
73 173 26.8977 34.0113
73 179 69.8317 91.8699
73 180 77.6409 82.3059
73 196 111.582 155.569
74 3 37.5916 42.6357
74 5 21.3967 22.3294
74 14 27.6681 39.1286
74 30 55.9073 64.9319
74 47 56.1911 59.7059
74 64 69.4776 82.2142
74 76 37.05 47.5252
74 79 61.7084 84.278
74 104 39.0446 54.3486
74 125 77.5583 89.2219
74 141 59.1155 79.2088
74 143 48.9348 56.2997
74 166 42.0044 44.9806
74 168 48.457 67.688
74 173 34.6825 39.941
74 174 43.3526 61.2769
74 177 9.82582 13.0572
74 197 37.9674 51.8213
74 198 78.9033 99.4941
75 1 85.3803 119.349
75 15 19.7348 22.3378
75 17 43.3586 48.3191
75 22 59.5214 84.0933
75 38 11.7564 16.6252
75 43 14.6298 15.8274
75 55 23.6394 29.2285
75 64 22.5473 31.0708
75 91 10.564 11.1026
75 95 66.9327 69.5091
75 97 59.0919 79.3495
75 100 76.0008 103.283
75 102 77.7146 92.4965
75 104 26.4174 35.0329
75 118 21.6546 24.1192
75 120 48.441 68.4619
75 159 19.3943 24.1881
75 160 65.3618 82.513
75 185 66.1208 79.0596
75 192 65.1358 76.3462
76 27 35.2118 45.8696
76 30 30.3612 42.8694
76 37 96.5543 136.519
76 68 74.0261 104.658
76 72 45.5815 64.4559
76 78 47.5954 50.9529
76 81 90.8348 128.38
76 107 58.2966 58.9308
76 124 71.9672 74.0229
76 146 11.2249 12.5409
76 148 23.5553 31.2394
76 167 102.056 136.249
76 183 16.1599 17.1552
76 190 54.963 63.6667
76 195 52.7959 56.6233
77 15 34.8972 49.3498
77 38 54.177 66.2546
77 48 43.4849 61.4716
77 56 50.5408 71.4723
77 93 31.5591 44.5147
77 105 66.606 74.5347
77 112 24.2851 32.8862
77 127 19.5974 27.4886
77 128 53.8652 75.34
77 155 46.0548 55.526
77 164 15.8638 22.3822
77 170 46.9048 66.0572
77 193 20.9648 29.3624
77 194 38.808 46.6524
77 196 69.6763 97.7109
78 0 51.5754 58.1612
78 1 5.73336 8.04734
78 15 66.9052 94.5697
78 19 36.4118 50.1459
78 37 67.1372 85.5661
78 39 72.2455 81.498
78 41 24.9021 29.8009
78 50 15.5694 21.7034
78 52 29.3575 34.4017
78 54 76.6674 86.9751
78 63 28.5558 33.7617
78 65 88.2075 110.251
78 92 70.6393 74.0912
78 95 66.0643 83.5607
78 97 39.3286 45.5253
78 109 20.323 26.9272
78 126 66.8526 86.042
78 129 9.25332 13.0734
78 132 66.4003 90.529
78 137 54.2569 76.7122
78 143 57.7052 62.1638
78 146 58.808 63.4939
78 160 66.499 69.637
78 183 48.1295 59.0814
78 184 25.9178 35.3729
78 186 53.4968 66.7254
78 190 63.2732 88.574
79 24 25.3943 35.2512
79 40 70.9991 81.0673
79 52 69.8467 82.9546
79 55 22.1695 29.3125
79 56 55.2545 60.2973
79 61 39.2769 50.1402
79 67 42.1444 55.8445
79 78 76.3135 106.198
79 79 0 0
79 87 29.6836 41.9233
79 94 31.6508 43.752
79 110 48.6053 65.2302
79 113 9.34501 11.1659
79 121 44.5729 47.3789
79 128 51.6799 53.5704
79 163 19.4255 23.2556
79 173 59.2978 62.5922
79 178 63.0592 85.6839
79 186 60.1341 70.5392
79 190 13.2849 17.6238
79 196 63.6182 75.9413
79 197 23.7413 32.4567
80 10 42.039 47.4106
80 18 60.9758 62.819
80 19 77.3518 106.212
80 24 51.8572 61.4434
80 60 73.0143 98.5576
80 63 24.1528 33.9066
80 82 57.0906 62.4467
80 85 65.6201 77.4307
80 115 102.23 141.942
80 119 90.5417 125.453
80 126 75.4677 95.2486
80 133 45.0357 62.8097
80 146 12.3602 15.8231
80 148 28.9115 37.33
80 159 81.9278 97.5977
80 169 85.3946 112.506
80 171 89.0337 115.244
80 178 71.7782 100.011
80 195 58.3518 61.736
81 1 67.2382 76.4353
81 6 39.7554 43.7825
81 8 7.67559 10.8542
81 12 36.454 39.8905
81 15 65.552 80.4571
81 21 14.8174 20.8296
81 27 82.4278 108.996
81 40 98.4854 139.271
81 46 63.0516 85.1681
81 59 76.3471 92.145
81 96 51.7047 55.4032
81 97 25.4179 31.9015
81 103 40.6222 46.3403
81 111 100.42 141.962
81 112 79.9399 112.859
81 116 7.43293 9.90406
81 138 76.0141 79.8037
81 158 60.0628 60.1248
81 175 62.4773 84.0964
81 181 91.6643 128.752
81 194 91.3506 126.625
81 195 59.5681 71.7565
81 196 14.207 17.738
82 14 83.1244 117.547
82 15 4.28552 5.76873
82 19 73.7717 88.6326
82 20 72.7674 102.861
82 30 32.3059 43.6514
82 39 48.8785 66.5075
82 41 60.3108 81.5731
82 51 75.0075 100.067
82 69 21.0465 29.3618
82 73 40.8413 55.5156
82 91 29.0283 35.2986
82 99 23.1166 25.4171
82 112 38.5846 45.2176
82 113 24.9599 35.2779
82 115 68.7817 90.7646
82 158 16.7232 22.1906
82 159 26.1007 35.151
82 161 44.0436 59.2382
82 162 33.1302 44.7751
82 171 46.0545 64.067
82 182 30.4845 39.383
82 188 41.3888 51.8746
82 193 59.911 84.4809
82 198 74.0614 100.955
83 0 101.628 134.785
83 12 22.8583 31.8548
83 23 79.1296 110.036
83 30 88.6448 125.164
83 36 66.84 80.9322
83 70 78.4616 110.509
83 88 29.3554 31.1836
83 108 74.9509 84.7781
83 113 32.9002 46.2345
83 131 57.7683 62.5105
83 132 71.8634 101.574
83 145 79.4929 104.596
83 146 103.074 140.118
83 148 83.0887 116.01
83 169 16.6481 20.1833
83 173 90.2561 119.992
83 184 62.922 67.0205
83 194 90.0628 125.822
84 3 31.0803 31.88
84 16 62.6539 80.4151
84 32 95.967 118.316
84 38 69.0155 91.0516
84 41 71.3489 100.889
84 60 22.3094 28.596
84 67 46.0125 64.9497
84 87 46.8701 49.7058
84 106 95.1281 108.388
84 114 75.4597 106.286
84 116 13.016 18.1907
84 118 68.7327 70.6512
84 119 30.5029 43.104
84 137 65.0583 72.7783
84 159 93.3485 115.067
84 188 99.3888 131.79
85 5 63.3282 89.4529
85 29 56.46 77.7231
85 38 18.9126 22.4312
85 47 60.6448 84.4986
85 66 11.7476 16.4809
85 84 59.9213 68.6204
85 103 63.3815 86.866
85 116 51.4954 52.5395
85 123 27.4336 36.3307
85 162 13.2159 18.5216
85 176 69.0135 96.9881
85 181 54.4555 72.6899
85 184 38.8513 53.6704
85 188 44.6718 63.1696
86 2 35.015 48.9666
86 13 89.0498 125.036
86 35 56.0403 77.9512
86 43 43.9116 49.4963
86 53 71.4926 83.2495
86 56 85.3069 112.44
86 59 23.0142 28.7956
86 65 73.4971 101.873
86 81 90.3227 120.941
86 86 0 0
86 89 14.2422 16.8467
86 109 58.3089 62.6971
86 120 54.0029 60.3639
86 139 29.8321 42.1703
86 161 53.4041 57.874
86 165 15.1735 18.2338
86 171 72.6179 102.692
86 179 57.3737 74.9796
86 180 71.93 77.9015
87 6 44.5895 59.5393
87 7 36.5237 51.6522
87 10 22.2742 30.0373
87 17 33.3509 46.2444
87 30 51.956 69.9222
87 56 36.0419 47.544
87 75 33.2854 47.0269
87 91 40.8237 57.0232
87 93 48.879 63.5693
87 104 13.6101 15.0537
87 126 19.8833 21.7675
87 136 55.4584 73.8086
87 144 43.6745 60.3231
87 176 51.6479 72.2192
87 181 51.4139 72.7071
87 188 62.1848 87.9385
88 9 115.607 161.976
88 18 77.9508 104.798
88 30 111.487 156.347
88 64 48.5493 57.4291
88 74 84.738 111.235
88 77 79.47 110.354
88 89 114.892 162.361
88 102 128.397 180.996
88 103 64.3313 64.3352
88 114 104.364 143.006
88 127 59.9236 82.865
88 149 80.4281 109.335
88 166 106.092 150.036
88 178 55.6485 63.8619
88 183 100.268 141.605
89 5 72.3718 73.1873
89 8 93.7175 131.857
89 11 74.5773 104.991
89 16 65.6043 88.4334
89 34 89.4257 99.8393
89 42 79.6235 112.558
89 59 36.1379 39.8352
89 66 59.8271 78.0143
89 76 20.52 28.7955
89 83 93.9522 131.177
89 90 9.9594 11.5005
89 94 27.1666 30.0249
89 118 40.1958 54.9902
89 140 81.5329 97.5633
89 142 21.489 30.3873
89 157 64.5482 65.6284
89 174 38.2875 53.1348
89 185 8.86704 11.4115
89 191 72.4556 80.4103
90 4 79.9999 85.1376
90 8 87.4976 123.726
90 42 74.5727 104.427
90 50 68.5533 82.9806
90 70 18.2884 22.6219
90 71 52.2395 67.5564
90 90 0 0
90 91 68.9408 76.8322
90 99 49.1156 66.9507
90 100 77.3062 95.478
90 106 54.7318 67.5341
90 131 45.0735 60.5355
90 134 13.6548 17.677
90 149 40.95 44.8943
90 183 9.06079 12.6244
91 1 93.7966 129.345
91 15 30.2708 33.4404
91 17 42.8075 47.7482
91 35 88.2382 109.625
91 54 56.5619 56.565
91 55 22.5417 26.2241
91 76 79.3651 81.363
91 81 61.2679 72.78
91 120 56.3008 78.4583
91 129 79.3801 108.224
91 154 75.3459 94.0223
91 160 75.6066 93.6156
91 161 57.8326 80.1974
91 193 77.2972 105.44
91 195 26.7648 28.647
92 9 21.3714 22.7279
92 16 80.0066 107.971
92 22 74.2229 97.1282
92 23 29.1324 40.6791
92 26 20.7156 21.2814
92 28 77.0361 107.508
92 34 95.6308 97.1652
92 62 7.40029 10.2113
92 73 15.6485 17.39
92 77 52.8843 71.5451
92 99 67.5127 94.6198
92 105 98.6393 129.141
92 125 100.068 134.46
92 153 21.5863 30.5124
92 176 79.8944 84.5461
92 189 75.0579 103.347
93 14 12.7701 17.9139
93 39 74.3935 80.7929
93 52 25.7656 28.6316
93 59 73.8735 104.089
93 75 80.1885 110.596
93 83 87.9657 93.205
93 97 42.471 51.2954
93 117 50.8981 54.8233
93 124 27.8732 30.7458
93 137 53.8224 76.007
93 143 60.0669 61.4587
93 146 55.4169 57.7237
93 161 31.9139 40.3951
93 168 50.074 70.0305
93 177 13.888 16.4605
93 194 60.3196 73.4226
93 196 82.0527 100.935
94 3 87.8137 106.584
94 12 49.3543 69.2975
94 14 81.9422 113.956
94 20 72.019 99.2699
94 21 85.7403 99.6674
94 23 17.5737 23.2111
94 24 6.28326 8.50077
94 36 69.836 83.7695
94 37 87.2124 110.095
94 42 60.1728 82.5331
94 59 8.9719 9.81026
94 65 59.3834 82.888
94 71 32.5278 45.6628
94 86 14.3384 18.9853
94 89 27.1666 30.0249
94 97 67.476 70.0538
94 122 18.3238 25.2183
94 123 7.94828 9.56283
94 136 46.1466 58.9978
94 151 33.952 46.8946
94 152 24.3386 28.0148
94 156 35.4921 40.1671
94 164 47.2625 49.9927
94 172 33.9064 37.9328
94 191 46.4055 56.4405
95 9 97.4051 137.729
95 14 74.3551 87.0416
95 22 44.0217 60.5237
95 30 98.6938 132.101
95 43 81.5497 85.3365
95 60 38.0176 41.0687
95 75 66.9327 69.5091
95 120 47.1773 66.7106
95 121 75.855 105.915
95 133 54.5209 76.8166
95 139 89.0583 125.82
95 150 99.6855 132.207
95 168 25.5655 30.5726
95 177 72.8546 100.046
96 1 20.3211 28.7149
96 3 7.0352 9.50161
96 4 101.085 142.671
96 16 76.2293 107.724
96 29 73.6254 77.6374
96 33 72.6455 97.6195
96 34 15.0177 20.176
96 37 52.0943 55.8597
96 53 28.5668 39.1348
96 77 43.3313 52.1055
96 98 79.0591 93.3017
96 123 83.6505 109.541
96 137 63.144 83.5977
96 143 51.4998 69.0494
96 158 82.0729 115.404
96 171 70.6713 95.5
96 178 21.8344 27.3994
96 184 33.0901 42.2585
96 189 35.1236 49.6702
97 4 73.5795 103.834
97 29 46.7676 53.5629
97 43 72.8776 95.1769
97 55 44.6845 63.1217
97 66 54.3126 73.5723
97 81 25.4179 31.9015
97 89 76.428 100.079
97 101 32.0315 39.4934
97 120 21.6888 28.6752
97 141 51.3745 69.1768
97 149 57.2621 65.9082
97 150 78.4988 94.1715
97 153 67.9604 89.1041
97 160 81.3712 108.731
97 172 34.4952 40.7213
97 173 64.1952 88.8939
97 176 37.5611 39.8966
97 180 21.9918 23.6235
97 188 86.6189 120.261
97 189 13.8213 16.2699
97 194 73.3192 94.7238
98 9 9.94635 10.4399
98 29 115.592 162.684
98 32 25.5351 32.1897
98 39 90.5417 125.214
98 56 93.9143 132.522
98 71 65.2233 84.7297
98 78 59.3247 63.5953
98 82 52.5707 58.7068
98 83 102.949 140.219
98 84 98.2752 134.683
98 104 51.7378 69.9239
98 109 55.6596 73.644
98 133 49.9352 70.3394
98 135 42.7169 44.7586
98 137 46.4533 61.9051
98 138 63.5614 65.821
98 140 94.0387 106.605
98 160 10.5502 14.9151
98 163 52.1865 68.1943
98 190 59.0299 76.3091
98 195 55.8406 69.2657
98 199 14.5012 15.0147
99 24 29.3158 36.5563
99 27 37.5212 52.098
99 30 49.0943 69.0685
99 34 75.5686 106.84
99 35 59.6327 68.1051
99 48 70.1381 96.0299
99 52 55.7384 56.535
99 59 30.5625 35.2468
99 64 27.2416 29.8497
99 65 34.3495 37.8309
99 69 40.2905 54.7789
99 70 38.5865 54.4137
99 72 26.4095 36.682
99 77 29.383 34.5583
99 91 30.1787 41.5195
99 95 52.0384 63.0321
99 102 69.1297 93.7176
99 103 57.2202 77.6009
99 104 10.3431 14.2001
99 117 54.3537 72.9425
99 134 49.0447 59.1769
99 136 59.5349 72.9549
99 141 15.2252 21.3504
99 145 64.828 90.4637
99 151 19.3358 27.2831
99 163 11.484 15.9296
99 173 49.7324 63.8973
100 21 23.0998 26.0831
100 39 52.7116 73.4793
100 56 30.2478 37.8817
100 63 53.5456 71.2149
100 83 63.7861 85.8914
100 88 58.6189 58.7516
100 93 39.1112 54.826
100 103 5.71395 5.84138
100 109 30.652 39.0072
100 119 41.8003 55.5082
100 125 73.3564 103.123
100 130 34.2351 37.1326
100 132 78.3736 82.5103
100 143 38.3813 54.1451
100 145 16.3687 18.7042
100 146 85.8941 112.55
100 148 78.5435 88.4416
100 150 90.5213 97.7021
100 158 74.5268 100.5
100 161 33.8982 34.6956
100 163 61.6033 74.9235
100 173 71.894 92.4245
100 194 83.7387 98.2544
101 0 45.9525 64.1931
101 1 44.1172 62.1872
101 3 50.9589 63.9763
101 5 39.3434 54.5495
101 23 31.081 39.444
101 25 15.9365 17.2974
101 33 47.1211 55.6928
101 40 48.2636 67.8757
101 59 38.7068 50.6543
101 88 72.4953 101.776
101 90 37.4324 52.454
101 101 0 0
101 116 49.2329 67.8726
101 117 41.3391 58.4458
101 125 55.6854 57.0018
101 127 13.9036 18.9106
101 130 52.7755 74.0926
101 141 35.4026 46.9888
101 155 48.9988 64.446
101 159 57.5233 81.3496
101 172 3.41777 4.67489
101 173 35.032 49.4006
101 189 18.2794 23.2235
101 195 27.2324 38.5108
101 196 63.0842 89.1329
102 4 98.8747 111.904
102 13 110.564 154.711
102 18 63.9711 76.1984
102 23 32.0041 39.7769
102 28 78.8494 106.606
102 35 42.1653 43.98
102 58 54.1814 54.3519
102 61 48.5315 68.5104
102 66 78.1417 96.6499
102 76 16.7003 22.236
102 107 67.0101 79.8915
102 108 48.4688 65.0347
102 109 61.4582 83.2376
102 110 113.825 157.643
102 116 104.437 147.093
102 125 103.301 133.558
102 157 66.1225 82.0852
102 167 115.52 158.485
102 171 97.1237 132.367
102 172 55.363 77.9929
102 173 21.1147 29.8203
103 4 94.5354 133.609
103 5 18.8123 26.4785
103 6 2.03427 2.5578
103 22 22.8488 25.0306
103 43 92.2451 124.951
103 49 84.7054 117.239
103 53 21.4276 30.0719
103 55 65.785 92.8962
103 73 93.6772 103.876
103 107 75.8277 100.736
103 127 35.4453 46.5767
103 133 41.771 46.2673
103 139 68.5562 85.7317
103 143 42.9344 59.9865
103 169 57.035 79.6104
103 180 16.6793 21.5705
103 189 30.4226 40.6073
103 194 82.96 92.6708
104 4 47.9126 59.5175
104 10 10.742 14.9835
104 37 61.2861 79.2376
104 47 49.1357 69.4621
104 71 14.8578 14.9095
104 84 60.467 64.7595
104 95 59.8056 77.2322
104 105 46.178 48.7214
104 109 34.9885 49.3412
104 117 44.0501 58.7424
104 126 24.2378 32.8545
104 129 44.8702 63.1951
104 131 25.325 34.9586
104 138 31.9062 44.2745
104 141 21.291 24.8602
104 156 50.6802 71.0241
104 157 48.9083 69.1191
104 160 49.3911 69.534
104 167 56.8807 78.9678
104 173 39.6206 49.6972
104 175 9.20239 12.9981
104 177 44.7973 59.1028
104 180 46.9503 64.5456
104 184 29.0101 40.8955
104 188 54.8646 75.9445
104 189 28.695 33.4838
105 7 41.3117 55.5866
105 23 70.5749 88.4619
105 24 52.2923 71.0776
105 41 93.2697 100.989
105 47 89.5207 118.184
105 48 104.932 136.006
105 89 84.3199 109.603
105 120 60.7254 76.9151
105 121 69.6585 77.4045
105 122 52.0772 73.6151
105 126 26.3467 33.7126
105 145 93.2739 130.44
105 157 86.0526 112.605
105 160 90.8188 118.255
105 167 29.2217 30.2465
105 172 55.8494 60.9398
105 182 68.7749 77.4767
105 185 91.0733 114.802
105 187 62.3365 82.634
105 197 45.2241 46.0135
106 5 93.1483 129.221
106 40 69.0478 81.8574
106 49 20.5328 27.4758
106 67 66.6625 83.6712
106 74 75.6722 106.891
106 79 25.3544 27.8266
106 86 37.1104 39.1869
106 119 71.9185 77.9904
106 127 61.3778 80.0572
106 136 71.4586 91.0615
106 142 69.0726 86.4208
106 147 40.9347 44.365
106 152 42.5794 60.0785
106 164 61.4087 82.0565
106 166 49.8176 61.9108
106 177 79.1418 111.646
106 189 66.4599 86.0266
106 190 32.1982 40.2373
107 12 28.8049 38.0665
107 19 71.4356 91.2072
107 29 69.1717 92.3856
107 34 92.6321 129.975
107 37 70.8317 78.8636
107 41 64.8588 84.1477
107 63 52.9854 69.1513
107 67 49.9075 68.3655
107 92 62.5167 80.7937
107 120 43.0802 60.0736
107 126 25.8806 32.4804
107 127 40.4097 54.159
107 130 66.0575 73.4219
107 131 43.8741 61.6032
107 139 52.3114 55.4589
107 148 38.0193 46.0883
107 150 40.0731 55.3488
107 151 11.4577 15.6636
107 181 49.5586 58.0274
107 191 35.5856 50.275
107 196 70.1673 88.4623
107 199 58.8221 62.1599
108 0 36.6685 50.0069
108 9 34.0086 46.0141
108 10 30.7449 43.477
108 11 55.6345 58.592
108 15 45.5991 64.283
108 29 81.0505 107.242
108 34 46.1738 57.3483
108 46 5.78965 8.17737
108 49 65.8577 89.1292
108 68 45.2208 61.8595
108 75 60.4877 81.0146
108 80 34.3026 47.9113
108 110 75.8861 92.608
108 115 70.9637 94.0304
108 118 40.6872 56.8954
108 119 59.6557 77.5415
108 132 44.2224 60.2423
108 135 50.0442 69.1937
108 139 26.9989 34.1051
108 154 8.4562 11.5735
108 163 38.3096 52.6555
108 166 35.3666 36.6137
108 175 32.0737 45.3347
108 177 10.99 13.121
109 0 49.7221 68.2098
109 24 54.4191 72.408
109 27 53.3459 62.9246
109 30 59.2603 59.9245
109 36 15.956 17.7372
109 41 28.7628 39.8495
109 47 61.6669 73.1823
109 48 32.1759 43.1789
109 49 65.6964 92.4887
109 55 55.3408 68.1463
109 94 55.0929 69.8203
109 102 61.4582 83.2376
109 107 53.7822 75.9858
109 111 55.7289 74.5838
109 112 37.8378 45.4809
109 113 53.041 72.2008
109 119 49.2981 59.3386
109 126 46.6013 59.1148
109 128 49.0426 62.7453
109 136 44.8344 62.4749
109 139 39.7334 52.308
109 146 55.3447 73.5425
109 148 48.8678 49.4344
109 150 61.3063 63.811
109 163 39.7956 56.015
109 166 46.5335 52.2768
109 177 19.9915 26.5336
109 185 55.0372 69.8007
109 186 40.5493 56.6768
109 187 54.0212 75.7145
109 193 9.86217 11.0697
109 197 33.105 46.8139
110 1 88.132 92.5664
110 15 62.2674 87.484
110 25 46.1724 63.9739
110 36 64.5344 71.5411
110 45 84.3551 97.8925
110 51 70.8143 84.2477
110 81 25.9373 36.0014
110 82 64.1572 89.3422
110 85 44.725 63.0887
110 93 87.0779 90.2239
110 94 77.5457 108.982
110 110 0 0
110 118 59.4388 84.0169
110 119 18.2711 20.9921
110 129 77.9085 83.8747
110 139 93.3543 126.713
110 149 61.5257 85.9816
110 170 60.2883 80.9528
110 180 67.8677 72.7963
110 184 63.3164 74.8504
110 185 103.275 144.206
110 188 65.0191 67.6939
110 193 76.1088 82.8896
111 7 97.6319 137.57
111 12 81.3764 109.304
111 28 72.9203 97.9525
111 41 34.1871 34.7343
111 44 69.0085 97.5172
111 53 75.0943 104.271
111 65 96.0476 122.895
111 72 55.5718 78.0381
111 102 6.12759 8.65379
111 104 52.875 70.8637
111 106 66.9612 76.4148
111 113 74.8148 94.9245
111 116 98.3756 138.44
111 117 8.85254 12.1213
111 144 25.3711 25.5943
111 152 43.9738 60.0043
111 153 18.4644 20.9563
111 156 10.078 14.2515
111 168 95.6133 128.796
111 198 114.444 160.602
112 1 51.5602 63.1682
112 2 34.6958 40.8851
112 3 69.9665 74.6403
112 5 54.0005 55.5304
112 22 45.8137 58.4693
112 31 70.0471 92.9339
112 34 71.3335 82.1824
112 46 30.4676 33.0115
112 77 24.2851 32.8862
112 87 40.692 56.8145
112 103 67.1898 78.9045
112 108 26.0847 27.278
112 113 55.9871 65.8216
112 134 8.45777 11.5206
112 155 66.1824 66.9294
112 162 57.7065 75.3189
112 175 24.9757 28.7627
112 182 10.0793 13.0055
113 2 21.2919 24.9365
113 10 32.9227 39.0444
113 11 18.2842 20.0484
113 26 59.4379 83.1991
113 29 52.5582 68.6988
113 32 55.5592 77.617
113 64 14.5708 19.989
113 70 46.7072 64.2745
113 73 65.0399 90.7935
113 76 69.4896 81.3423
113 132 39.6005 55.3395
113 136 72.8894 82.8157
113 168 66.615 87.9084
113 170 20.8637 26.8885
113 178 56.409 78.6141
113 179 15.2254 21.5051
113 185 69.1065 90.1414
113 192 53.895 65.2643
114 5 42.71 52.1919
114 18 56.8369 70.7181
114 49 73.8925 89.4233
114 65 87.1621 93.5578
114 89 33.2053 42.7851
114 99 52.8398 55.7268
114 113 67.3848 69.1354
114 120 37.9082 52.0483
114 148 32.1186 45.2291
114 159 80.1811 105.497
114 163 46.8373 52.9496
114 167 95.6916 120.495
114 168 71.5696 99.4586
114 189 46.4645 64.4536
114 199 12.1424 13.3824
115 2 58.1087 80.4232
115 4 59.9343 70.4281
115 8 7.39326 8.57258
115 9 100.142 140.044
115 20 78.3763 87.6241
115 23 84.5475 119.288
115 40 105.261 147.72
115 82 68.7817 90.7646
115 87 45.6105 64.4938
115 89 99.4371 140.429
115 90 93.5935 132.298
115 110 13.5864 19.1613
115 116 20.7192 26.7442
115 142 100.328 140.015
115 145 64.5318 76.0433
115 147 42.6994 57.2898
115 193 69.1331 84.3119
115 198 8.77531 10.1903
116 19 25.3821 26.9078
116 20 60.8912 75.6525
116 25 44.3373 53.4247
116 31 17.1119 17.7927
116 49 69.1286 80.8023
116 83 39.1478 55.2966
116 85 51.4954 52.5395
116 92 106.558 147.996
116 100 27.8702 30.5948
116 103 33.5687 36.4362
116 106 86.4382 90.1977
116 125 52.1705 72.5281
116 143 22.3269 23.5503
116 145 44.2249 49.2991
116 147 45.5762 45.8327
116 148 84.1868 113.29
116 152 59.4107 78.4354
116 158 63.6023 69.9048
116 167 38.3197 52.9813
116 186 5.48965 7.17916
116 191 93.1269 114.574
117 3 79.5837 91.6219
117 19 78.8636 102.56
117 39 82.698 114.033
117 49 67.6882 71.2865
117 56 86.0701 121.34
117 60 75.3429 94.9059
117 106 60.3728 73.2828
117 107 53.5726 59.1164
117 115 98.0325 138.29
117 121 21.3821 30.0593
117 124 78.7638 85.5691
117 138 58.0111 65.0144
117 153 10.7931 12.4468
117 158 61.9203 69.7159
117 163 44.7324 57.0129
117 164 51.4637 72.2499
117 170 55.8317 55.9148
117 176 63.1717 63.4732
117 193 47.3678 53.978
117 198 105.67 148.48
118 0 51.4642 58.598
118 19 63.9049 75.4763
118 23 25.8065 33.8489
118 24 14.4703 16.4645
118 26 37.651 53.2466
118 51 64.9839 86.9107
118 65 44.0864 57.9227
118 67 52.7878 74.6312
118 71 14.9056 20.6975
118 100 65.6911 79.1634
118 109 43.1453 60.2549
118 118 0 0
118 163 4.20122 4.23992
118 185 46.3096 60.1889
118 199 47.7408 49.0175
119 2 47.1072 63.9344
119 7 2.61847 3.64717
119 17 7.19552 10.0225
119 21 25.6662 35.839
119 24 65.4902 85.415
119 37 19.5259 22.3779
119 60 44.2048 56.4339
119 67 15.961 21.8457
119 74 59.3008 72.8149
119 119 0 0
119 128 5.53449 7.0467
119 146 94.217 132.881
119 148 77.3574 108.773
119 156 94.8365 134.083
119 174 51.9633 70.8058
119 179 48.4724 57.1061
119 181 85.3564 120.712
119 182 64.9478 91.814
120 1 37.6892 50.8868
120 10 28.3445 30.9242
120 17 41.9605 50.7765
120 22 11.8874 15.6314
120 56 36.8869 52.0761
120 59 49.1678 61.9548
120 64 49.4023 61.2946
120 69 51.8661 52.6207
120 76 47.9508 67.803
120 77 13.8181 19.3962
120 79 44.8325 63.3583
120 81 43.022 60.5767
120 109 12.2364 15.9122
120 116 40.4541 57.0544
120 142 50.1976 70.9887
120 145 40.0602 53.5249
120 147 30.5685 41.6069
120 149 41.0184 55.0206
120 166 45.1064 59.0783
120 167 59.4221 68.4462
120 171 44.0854 45.775
120 181 50.3941 68.175
120 194 51.6787 66.0486
121 1 50.0806 66.8663
121 22 39.113 45.3916
121 27 22.8905 31.0329
121 53 47.7554 62.0903
121 54 77.421 109.33
121 55 56.3022 70.8906
121 64 60.5951 72.7329
121 67 71.4012 97.4226
121 84 71.4345 93.4426
121 92 37.0389 51.7366
121 101 20.3431 28.3865
121 104 23.7403 28.6831
121 116 69.5488 96.2591
121 120 29.9362 39.2047
121 140 70.5678 75.413
121 143 53.2458 75.2265
121 151 46.5149 48.2424
121 154 22.3818 31.5435
121 155 61.9608 69.1251
121 159 57.8957 76.6705
121 162 48.1789 62.2412
121 174 22.7222 24.3778
121 196 83.101 117.519
121 198 84.2884 118.421
122 5 90.1115 122.375
122 15 22.2697 27.3961
122 28 45.2489 51.9826
122 46 71.0228 99.8565
122 57 40.8666 54.5108
122 64 50.3547 68.9436
122 80 65.095 84.0741
122 99 40.6701 42.1876
122 104 36.7964 45.6974
122 114 66.0898 91.9732
122 118 28.0266 34.7837
122 129 78.1795 108.892
122 152 38.9277 53.2331
122 172 47.6139 63.151
122 187 95.0871 104.328
123 1 79.0877 110.703
123 20 74.9569 105.178
123 35 65.1178 90.9823
123 37 83.3356 100.532
123 47 39.5014 48.168
123 48 84.4169 118.907
123 51 79.1589 102.384
123 64 46.217 65.344
123 75 24.994 34.2732
123 89 35.0704 39.5877
123 106 19.0343 26.1559
123 127 47.4237 53.9013
123 137 20.6069 25.9432
123 143 55.8637 67.8376
123 144 24.5507 25.113
123 152 25.0961 33.9227
123 155 86.3687 112.962
123 158 23.1903 32.2677
123 182 29.9546 41.7
124 4 118.091 165.827
124 23 82.0505 103.577
124 45 39.9793 46.379
124 46 41.4082 52.15
124 48 19.0885 23.2079
124 49 105.682 149.457
124 50 12.2506 15.187
124 61 63.1219 86.0982
124 62 88.9697 94.7576
124 64 97.4522 134.175
124 65 103.051 140.292
124 68 59.4631 76.5518
124 72 51.8561 73.1369
124 79 96.3354 136.238
124 83 96.6852 123.951
124 92 95.0416 97.0505
124 107 94.4071 132.954
124 113 91.6967 129.169
124 121 69.2741 88.8596
124 141 92.8033 131.169
124 164 54.3066 76.7954
124 165 88.6672 101.431
124 171 88.6046 118.655
124 175 76.8706 105.662
124 191 129.753 183.229
125 8 38.5155 51.7698
125 24 54.662 76.3968
125 46 79.2647 89.0323
125 53 57.6617 78.8924
125 58 97.6989 113.21
125 59 53.2841 75.0873
125 79 29.3036 41.1456
125 98 96.3078 123.964
125 122 56.3374 78.9344
125 135 59.5408 83.392
125 138 44.8634 62.7461
125 148 74.9709 99.7549
125 164 53.7987 64.3869
125 184 64.4906 75.7688
126 17 21.9671 28.4437
126 23 52.0885 72.595
126 25 16.7795 18.7031
126 28 4.19469 5.76566
126 47 72.8187 102.317
126 83 27.053 37.4408
126 96 66.0505 92.9276
126 100 55.6107 78.0233
126 101 32.5326 33.1511
126 102 83.0369 112.372
126 107 25.8806 32.4804
126 122 48.0904 57.7482
126 124 83.3266 116.083
126 133 35.1129 37.5973
126 137 29.6451 40.8733
126 150 62.1933 87.8292
126 171 14.2555 19.9956
126 192 44.0439 56.4707
126 199 69.8339 87.7636
127 0 58.8587 83.1037
127 18 39.8783 51.9566
127 21 38.4933 50.1964
127 22 15.2948 21.546
127 23 44.8298 58.3545
127 24 46.0272 50.5811
127 31 30.3344 32.5591
127 33 39.4667 41.9799
127 40 61.3804 86.7863
127 57 46.2724 62.71
127 92 71.2072 99.0337
127 119 33.1178 44.4448
127 125 50.731 62.3876
127 142 56.0995 79.0811
127 157 31.5312 41.6047
127 163 28.1308 34.1882
127 170 46.738 62.523
127 178 24.0689 28.2402
127 185 60.5485 84.6945
127 195 33.8993 43.8966
128 14 74.993 76.2748
128 15 60.0004 75.8242
128 31 27.4358 35.6593
128 32 87.5535 120.022
128 40 95.4413 134.638
128 50 73.7737 78.1836
128 58 76.8901 91.6309
128 61 54.7821 77.4724
128 62 96.8183 136.674
128 67 20.4932 28.8924
128 80 92.0606 128.86
128 105 46.4677 63.2743
128 110 21.4724 28.0388
128 121 67.3005 95.1485
128 125 39.6374 54.6614
128 135 74.2626 95.8168
128 149 60.1499 74.3218
128 169 21.3062 25.3075
128 176 63.3906 64.425
128 191 81.9368 96.7077
128 194 87.1596 121.992
129 7 62.6915 72.4555
129 18 61.9928 87.6373
129 29 80.7182 98.5092
129 35 21.0865 29.7879
129 40 50.222 62.4228
129 48 21.0221 29.3251
129 49 76.3001 106.343
129 62 58.4038 64.4588
129 63 21.7373 22.738
129 74 6.86706 8.84645
129 85 55.6933 75.9699
129 89 57.4638 59.7043
129 91 79.3801 108.224
129 96 24.9676 29.1274
129 103 31.2934 42.8933
129 107 63.6736 89.8396
129 112 39.1459 42.0475
129 139 38.8405 42.8384
129 160 60.2823 63.7845
129 168 45.0486 63.6814
129 173 40.7665 43.9476
129 181 51.2236 51.9038
129 188 99.5699 139.14
129 195 56.3847 79.5773
129 196 74.0295 94.5859
129 198 79.5058 95.4874
129 199 39.8926 49.1596
130 6 39.2117 40.4161
130 13 20.8475 29.4497
130 29 22.5278 25.6005
130 58 77.5341 98.9615
130 62 102.762 144.004
130 66 58.5476 60.3729
130 78 65.033 80.1245
130 84 18.6165 24.7284
130 89 97.2146 134.678
130 105 55.6524 74.6033
130 142 94.9584 134.263
130 154 71.7288 99.8523
130 171 34.1158 43.4632
130 174 63.6267 81.543
130 183 81.1552 113.922
130 198 22.348 27.2896
131 8 46.4717 63.1902
131 9 48.3282 68.2817
131 24 46.2354 58.0253
131 26 57.3561 66.9231
131 55 45.1412 53.7637
131 62 57.5797 77.9932
131 87 17.0325 22.9646
131 89 53.4104 68.6667
131 93 31.9694 40.6046
131 101 10.7219 12.8301
131 111 56.1627 78.6485
131 112 36.3697 49.5456
131 121 28.6049 36.4679
131 131 0 0
131 151 46.8581 65.7515
131 179 57.4164 79.3232
132 10 16.5319 16.7654
132 38 45.5271 60.8828
132 64 54.127 75.3284
132 69 7.44342 9.30018
132 74 50.8451 68.6092
132 81 78.2496 102.377
132 87 37.6563 46.3324
132 105 60.2251 80
132 111 38.8656 39.5851
132 122 22.683 31.4368
132 125 62.0655 85.3192
132 126 45.4598 64.1331
132 137 19.1301 23.2598
132 144 13.4981 13.9908
132 153 20.6846 22.5538
132 156 32.7872 39.7455
132 170 24.8992 28.451
132 189 51.0772 54.2055
132 191 50.3784 62.659
132 195 21.7038 30.6204
133 11 39.3017 43.6937
133 19 40.2086 43.4018
133 30 47.5995 55.284
133 61 9.70649 11.4226
133 81 49.9803 70.6827
133 90 38.6738 53.1662
133 100 41.3796 42.3118
133 101 4.05847 5.69519
133 103 41.771 46.2673
133 106 57.8546 80.3666
133 121 21.8444 29.0987
133 127 12.8701 18.1984
133 149 35.4281 49.4154
133 176 39.9596 56.3894
134 10 30.0785 30.1635
134 32 31.2208 43.3113
134 35 23.5419 31.9271
134 39 75.7951 100.267
134 50 55.0403 65.3036
134 54 90.078 125.623
134 67 85.6631 113.716
134 71 54.0259 59.7826
134 125 84.7535 99.0174
134 127 45.1129 63.5908
134 135 41.029 55.8803
134 137 35.0877 36.958
135 3 88.9462 109.317
135 5 76.0899 99.89
135 9 44.8159 55.1985
135 14 83.6608 116.689
135 37 87.1611 108.589
135 40 46.185 52.5266
135 41 57.2751 80.7151
135 62 37.9328 40.857
135 64 52.0067 73.4012
135 73 28.5025 37.3813
135 76 43.9326 55.4982
135 82 12.8373 18.1343
135 93 70.9021 98.7753
135 98 42.7169 44.7586
135 104 26.4604 29.3514
135 109 56.3813 72.5533
135 123 6.12368 8.05722
135 134 41.029 55.8803
135 149 15.2424 21.495
135 168 87.7734 88.2609
135 176 79.5642 107.425
136 5 56.0146 69.42
136 11 79.405 102.864
136 12 77.5023 97.1953
136 18 59.3178 62.9609
136 28 69.1679 85.8436
136 29 109.649 151.514
136 42 82.6416 110.431
136 55 82.0957 100.962
136 69 42.7835 57.7104
136 77 35.664 49.8802
136 87 55.4584 73.8086
136 95 96.1998 135.987
136 119 88.0426 121.814
136 129 41.343 53.0053
136 130 93.8736 132.551
136 134 10.5844 13.778
136 139 9.93828 10.1669
136 144 29.7095 39.7926
136 146 13.7363 15.965
136 152 40.3356 47.8955
136 181 18.3008 25.8577
136 182 26.8186 29.9995
136 192 105.859 148.08
137 0 46.1415 56.4709
137 4 50.6079 59.0738
137 33 45.9242 63.415
137 39 44.8942 63.3093
137 51 58.5966 76.4407
137 55 37.8142 50.2263
137 62 44.7852 62.1896
137 83 56.696 78.3141
137 88 77.7623 109.498
137 101 16.8692 22.5723
137 105 50.3592 56.7402
137 122 34.1515 45.2536
137 140 51.5103 57.5197
137 144 26.3467 37.2506
137 152 5.98917 7.97944
137 155 65.8543 87.0183
137 156 45.1162 63.0053
138 33 49.988 64.1016
138 36 78.9937 107.565
138 47 53.9636 60.7567
138 51 88.1294 120.271
138 57 45.1155 53.0879
138 73 48.3398 58.0272
138 84 87.8097 100.12
138 107 14.0223 17.6299
138 117 58.0111 65.0144
138 121 45.8746 61.7239
138 122 11.491 16.1883
138 150 38.9176 46.2693
138 158 16.3072 19.679
138 163 27.0414 37.6007
138 164 54.489 73.7881
138 167 65.2862 87.6733
138 187 85.8136 88.14
138 190 24.9974 31.9689
138 196 81.9505 97.5418
138 198 77.4755 98.4433
139 0 11.5042 15.9018
139 3 70.4242 81.4674
139 6 66.8983 84.4148
139 12 68.0117 87.0285
139 15 43.3521 47.1156
139 18 49.4244 53.2566
139 32 28.1209 39.4575
139 37 90.4962 127.826
139 66 62.0133 65.7204
139 70 26.4421 36.445
139 80 11.8754 13.8062
139 84 82.3964 113.347
139 90 10.208 13.8231
139 112 7.2591 7.66677
139 132 32.8258 43.075
139 138 58.8752 73.0888
139 139 0 0
139 140 86.0269 86.7778
139 146 15.6541 21.2345
139 159 71.1184 88.0354
139 167 95.4434 127.556
139 182 16.9649 19.8326
139 194 19.4889 26.6737
139 195 46.5832 47.9298
140 0 95.8506 101.171
140 1 104.902 142.279
140 21 78.6889 106.544
140 32 72.0487 90.2376
140 44 60.9941 85.6738
140 49 20.0265 24.1373
140 51 95.1492 133.96
140 60 89.9015 127.139
140 63 84.6796 100.47
140 70 64.9855 76.895
140 75 23.3197 23.7024
140 101 62.3783 80.092
140 111 95.5588 107.545
140 114 92.1475 104.239
140 115 57.3635 68.8741
140 124 117.403 164.273
140 130 68.238 89.0806
140 142 94.5322 97.1485
140 147 36.6514 49.7856
140 152 57.2288 65.4992
140 165 82.2228 97.8374
140 170 32.3101 39.509
140 172 59.7806 75.4171
140 174 47.846 51.0352
141 3 79.2647 110.965
141 26 54.73 76.126
141 45 65.3465 84.7903
141 55 18.3399 25.2198
141 74 59.1155 79.2088
141 79 4.60687 5.06914
141 83 38.0382 53.3076
141 84 66.3158 80.7057
141 104 21.291 24.8602
141 107 11.8152 16.6137
141 113 5.1977 7.07315
141 123 27.0909 38.2819
141 124 92.8033 131.169
141 128 47.1249 49.4777
141 139 59.9213 65.5756
141 149 17.7188 24.8441
141 171 26.8581 35.8623
141 172 32.6586 42.3139
142 1 52.836 55.1301
142 27 37.1615 47.4614
142 36 61.5495 81.9244
142 37 98.79 139.705
142 46 35.8052 46.3973
142 48 54.4142 58.6421
142 50 61.0516 64.0938
142 52 19.4443 19.7369
142 62 17.2245 22.3266
142 68 76.3127 107.844
142 70 32.6586 41.5087
142 85 62.7586 75.5036
142 98 10.9885 12.3314
142 100 76.9107 103.194
142 102 15.069 19.0504
142 107 60.682 60.8411
142 121 25.2994 31.784
142 147 65.6205 82.7249
142 175 40.9732 47.469
142 180 57.9769 76.0404
142 183 18.6056 20.3408
142 187 98.9956 139.902
142 192 106.629 149.792
143 3 51.8206 72.0003
143 7 14.3273 20.1625
143 17 13.1783 14.7547
143 19 35.7313 50.4581
143 23 61.5397 86.284
143 36 39.0421 49.1859
143 48 68.6249 78.4156
143 64 29.7298 41.9702
143 93 60.0669 61.4587
143 119 11.7178 16.5153
143 121 53.2458 75.2265
143 124 69.4834 92.2045
143 135 59.802 75.8948
143 137 39.9293 54.5622
143 141 34.5818 38.9648
143 151 38.3822 44.8975
143 157 49.8019 55.0145
143 174 41.1694 54.2905
143 181 73.6854 104.197
143 197 30.9717 42.2428
144 7 79.7413 111.975
144 19 78.3291 89.0868
144 24 22.36 22.9132
144 31 79.1154 96.4425
144 33 71.7899 100.666
144 61 28.5964 34.2623
144 74 46.664 55.6225
144 84 87.6612 110.029
144 88 104.06 146.748
144 106 42.1241 51.2689
144 115 88.6784 124.817
144 119 77.238 108.328
144 124 86.3697 107.583
144 130 87.2518 119.065
144 148 1.67082 2.32064
144 155 79.6206 87.8485
144 163 31.0232 43.5398
144 175 22.8597 32.2713
144 178 71.1421 82.8864
144 191 63.3114 75.6457
144 198 95.5327 135.007
145 2 69.0467 92.9357
145 3 2.74706 3.79102
145 5 14.9166 18.4232
145 7 59.2373 74.8535
145 8 57.717 70.0574
145 22 28.1885 37.8935
145 24 85.881 110.021
145 25 59.0223 82.1228
145 28 67.4245 95.3317
145 30 91.0007 97.5371
145 36 17.5812 23.6635
145 37 50.9988 51.8345
145 52 54.8899 69.8186
145 58 38.8442 54.254
145 62 88.1629 99.2968
145 76 72.2784 86.3699
145 94 86.9923 107.433
145 115 64.5318 76.0433
145 124 17.993 19.3551
145 134 64.933 74.0653
145 139 68.6069 77.6764
145 140 102.613 144.917
145 144 81.5881 88.2278
145 146 83.4588 98.9108
145 167 80.465 102.28
145 174 71.3117 93.8822
145 176 17.7569 24.9621
145 189 38.0593 53.4701
145 198 72.761 83.1263
146 22 63.993 86.5309
146 26 24.8157 33.4289
146 51 76.3386 93.8028
146 62 7.78451 11.0022
146 66 71.5729 86.9548
146 70 29.8979 30.1843
146 88 121.465 171.301
146 98 0.715672 1.00701
146 124 83.0765 83.7554
146 127 62.6323 88.4364
146 153 17.3201 19.9151
146 155 80.9999 94.991
146 165 13.9201 17.6757
146 179 82.1444 94.9597
146 191 87.0182 99.4732
146 198 113.6 159.56
147 22 40.6633 57.2383
147 25 10.8386 13.009
147 43 34.152 42.6824
147 44 25.5664 35.8882
147 45 56.5897 68.1079
147 47 65.2467 91.7199
147 64 20.7666 21.792
147 71 7.10099 7.45202
147 74 49.6712 62.5265
147 80 68.3128 84.652
147 136 66.1196 81.0126
147 145 67.4415 95.1318
147 154 52.9281 57.1709
147 164 27.3607 37.6915
147 173 56.2914 71.955
147 176 66.5765 92.391
147 182 39.7125 51.0131
147 193 52.1278 68.5888
147 194 55.484 77.7849
147 199 62.705 77.167
148 3 81.8897 85.0581
148 16 54.882 73.2657
148 17 75.6784 107.012
148 41 40.4919 56.4564
148 43 48.7474 51.907
148 54 89.6576 126.361
148 58 56.5509 77.2902
148 59 27.2307 29.5725
148 60 75.3176 81.8778
148 61 28.0344 34.7072
148 66 49.3353 62.8467
148 77 33.5951 36.8396
148 104 32.3333 45.7143
148 111 24.0155 25.1494
148 116 84.1868 113.29
148 123 25.9706 27.4337
148 134 22.3658 31.6215
148 156 18.8957 25.3098
148 157 59.0127 68.0723
149 1 74.909 105.907
149 7 57.8563 74.5623
149 11 38.2577 51.9656
149 12 33.4121 46.2969
149 13 60.9849 83.0502
149 26 37.0451 51.2819
149 29 73.6832 100.616
149 37 73.4898 87.094
149 69 23.2004 32.7224
149 79 15.8136 20.7514
149 81 65.8351 78.9547
149 89 41.4779 53.0255
149 103 74.767 95.6827
149 107 6.82905 8.2304
149 120 41.0184 55.0206
149 138 16.0504 22.6828
149 142 54.0591 55.4696
149 149 0 0
149 155 79.9706 108.166
149 162 30.3588 41.4145
149 163 11.4035 14.9179
150 0 33.7164 46.7232
150 27 12.0914 17.0768
150 30 2.74923 3.88654
150 38 61.5776 84.5789
150 46 56.494 68.6289
150 54 97.645 135.621
150 60 87.472 91.1382
150 67 87.5614 123.714
150 70 11.5036 14.7611
150 75 50.2024 67.9537
150 101 46.5249 54.6781
150 109 61.3063 63.811
150 117 25.0392 35.2097
150 122 30.6596 31.2276
150 125 78.424 109.015
150 133 49.2789 55.3903
150 137 34.6525 46.9559
150 142 34.4069 48.3478
150 145 93.1488 101.424
150 147 54.7926 77.2326
150 148 12.7773 15.5165
150 149 33.6961 47.1184
150 156 20.4685 24.0902
150 160 18.1278 21.1012
150 166 17.4561 23.8378
150 181 19.2776 27.1307
150 193 63.7503 74.8807
151 21 67.3984 79.3733
151 25 25.2253 35.624
151 44 42.0436 58.5032
151 60 72.1065 99.9682
151 65 25.5509 35.9934
151 74 62.9063 85.1415
151 81 56.8289 58.5437
151 95 63.2646 65.2691
151 109 57.3289 80.1341
151 111 72.5951 86.9013
151 113 7.97839 8.02319
151 115 53.7247 63.5099
151 123 26.5808 37.3318
151 140 24.1289 27.1706
151 153 54.2055 65.945
151 172 36.3054 48.2465
151 174 23.8247 23.8646
151 183 52.2325 56.1639
152 11 40.1208 54.9686
152 12 37.534 49.2999
152 41 39.5937 49.9674
152 52 38.4809 45.4895
152 53 40.5621 44.2665
152 54 64.7661 91.5059
152 67 57.5016 79.5989
152 69 28.263 29.7194
152 73 41.0322 55.8733
152 74 33.1109 46.8129
152 83 60.0832 81.1547
152 106 42.5794 60.0785
152 108 27.3059 38.446
152 130 62.1394 84.6553
152 131 23.448 27.4229
152 133 16.4123 20.288
152 145 62.8613 79.4182
152 154 31.2222 41.4573
152 173 30.3717 38.8378
152 174 10.4617 14.464
152 175 5.10042 6.88873
152 176 55.2449 76.6775
152 178 48.3478 48.4764
152 183 21.7911 29.2669
152 184 25.6189 33.3598
152 188 61.987 83.4802
152 193 37.636 52.8752
152 197 11.2896 15.16
153 3 80.3378 82.7868
153 25 45.3624 64.0587
153 46 41.1583 45.8659
153 50 71.6889 89.6786
153 63 28.5427 34.2136
153 65 78.0342 101.938
153 84 87.7773 114.667
153 96 74.0772 74.8608
153 103 77.1597 87.0511
153 111 18.4644 20.9563
153 122 42.0753 53.9906
153 130 88.9478 123.703
153 137 30.2571 41.8885
153 138 47.2279 52.5676
153 142 19.5715 25.5848
153 152 27.6163 39.048
153 156 14.9612 21.1167
153 162 60.4612 83.4655
153 170 45.2302 47.0797
153 180 61.0412 65.4806
153 190 42.3861 56.2926
153 192 98.6235 139.232
153 196 98.3622 138.744
154 6 46.5704 61.8832
154 9 27.1604 34.4406
154 14 33.4874 44.4842
154 30 46.7946 59.5763
154 34 48.9107 54.337
154 39 69.1281 81.3468
154 41 9.32439 10.0731
154 62 40.9346 44.152
154 78 23.8027 27.2754
154 79 62.2332 78.9224
154 91 75.3459 94.0223
154 98 36.5901 43.8675
154 101 26.3179 26.8645
154 109 21.0566 29.7765
154 134 17.6704 18.9205
154 153 33.3567 40.6998
154 161 26.0108 34.0881
154 174 41.6078 55.9213
154 177 7.50744 10.1097
154 178 45.277 63.6734
154 190 49.0407 61.2986
154 192 84.7587 115.382
154 199 22.5181 28.8528
155 4 103.429 146.092
155 29 74.6289 81.0579
155 34 13.2607 16.7555
155 55 75.4825 105.38
155 75 86.4204 121.607
155 94 85.4381 107.054
155 109 30.3839 37.2333
155 114 55.1011 66.6953
155 119 58.6813 73.8331
155 152 61.4213 79.0388
155 160 87.6342 94.7027
155 170 88.2221 121.583
156 16 73.777 98.5755
156 20 66.1322 69.1704
156 29 115.849 163.784
156 36 75.6084 92.4814
156 41 41.895 47.8827
156 45 50.7854 51.2568
156 47 5.56462 7.713
156 51 81.9503 95.0044
156 73 12.914 17.7518
156 85 62.8807 86.0606
156 94 35.4921 40.1671
156 98 8.46888 11.9262
156 140 89.9112 107.705
156 147 67.1502 93.2819
156 153 14.9612 21.1167
156 155 87.1062 96.1927
156 157 66.9173 73.5918
156 166 15.8878 22.4674
156 168 99.252 128.956
156 187 108.42 150.459
156 192 113.489 160.349
156 193 59.034 66.2597
156 195 53.0448 70.3659
156 199 21.5666 25.8949
157 4 93.3717 128.637
157 15 62.3881 87.4203
157 26 71.4379 79.9944
157 44 33.8734 41.4088
157 69 69.4997 88.3108
157 78 8.07021 8.89628
157 86 69.0975 82.475
157 99 52.0109 72.6289
157 112 46.1859 47.9715
157 117 55.2244 61.3101
157 122 83.4774 114.816
157 131 24.4352 34.1605
157 136 48.4605 61.3226
157 159 90.7677 128.34
157 162 60.2629 79.3904
157 169 62.5753 74.6384
158 4 24.5158 27.2676
158 15 17.4351 20.3323
158 22 57.6379 81.3103
158 24 24.4459 33.3298
158 32 48.1193 64.5297
158 64 23.593 33.0763
158 82 16.7232 22.1906
158 89 56.7477 71.8554
158 92 70.9778 91.3932
158 93 77.9616 107.813
158 112 53.067 53.3975
158 121 44.9593 49.6994
158 122 27.0859 35.8673
158 152 32.0903 39.7856
158 177 68.8726 91.3527
158 182 43.8213 47.563
158 193 66.4594 92.6609
158 197 25.0398 34.7772
159 0 79.1602 91.4745
159 26 54.0384 59.1861
159 31 88.7769 114.669
159 36 87.9415 122.511
159 44 64.2842 86.9313
159 136 80.656 97.7397
159 154 78.7137 108.214
159 173 69.702 85.1009
159 185 70.2397 74.1233
159 198 77.5224 89.69
160 26 14.3972 17.5068
160 30 15.991 17.2147
160 31 92.0685 120.707
160 41 43.0337 50.8717
160 48 73.6396 85.8887
160 49 67.8777 82.0782
160 67 98.4053 138.274
160 68 84.2702 116.911
160 76 20.1034 25.6547
160 101 50.1696 69.2374
160 130 102.818 143.33
160 154 42.9233 43.4777
160 165 6.05254 8.37803
160 172 48.695 68.0095
160 183 22.0934 29.4078
160 193 59.5288 64.7697
161 9 48.5093 68.5287
161 14 43.1176 58.309
161 19 32.7463 35.7857
161 42 39.5216 43.6444
161 44 14.1844 18.6218
161 53 19.0033 25.3754
161 61 17.1201 19.0388
161 68 28.083 39.345
161 70 45.6035 48.2454
161 71 35.7328 50.0777
161 72 1.53607 1.99601
161 73 61.0924 74.7644
161 84 42.6942 56.7277
161 101 10.9406 13.0396
161 119 42.0174 55.027
161 125 59.2563 70.0414
161 130 46.5905 65.7642
161 142 48.4446 68.4988
161 143 31.0389 38.5117
161 155 38.3164 51.4064
161 156 58.7474 79.0558
161 161 0 0
161 167 61.5696 70.9361
161 185 54.3293 74.1123
161 192 58.9778 81.2934
161 196 58.3671 80.8046
161 198 61.8794 81.7061
162 3 68.1499 96.3762
162 25 17.3883 19.4068
162 38 17.8518 24.9347
162 60 56.2075 79.4467
162 68 29.9436 40.0286
162 70 52.1979 73.7718
162 79 20.1668 20.6631
162 80 76.0706 95.9523
162 87 20.4714 22.2653
162 89 67.4845 94.44
162 97 38.8049 54.5879
162 106 45.487 48.4897
162 108 52.3084 56.253
162 133 35.7048 38.0951
162 152 33.8379 44.4175
162 159 41.9465 48.9497
162 160 73.8705 103.092
162 169 12.1781 16.5539
162 181 66.5035 91.2115
162 183 55.6028 73.6844
162 195 24.5774 34.2163
163 13 54.7119 76.9233
163 20 60.599 85.4646
163 96 65.9523 89.8278
163 116 58.1734 69.3056
163 148 31.5774 43.9847
163 154 42.9569 55.6668
163 165 42.8074 59.4265
163 168 65.9682 71.7226
164 0 55.1864 77.9973
164 2 27.0814 35.4955
164 4 64.3544 89.0311
164 9 52.3583 74.0045
164 17 38.7421 47.7906
164 23 42.1463 53.2481
164 24 45.005 52.5804
164 52 41.8003 54.2378
164 67 47.6545 55.232
164 70 46.1826 53.7212
164 76 50.0938 70.789
164 79 42.0348 59.443
164 111 59.7927 84.3712
164 123 46.562 55.9006
164 141 38.5268 54.3738
164 143 25.776 33.0359
164 152 23.2032 24.3669
164 170 47.0636 64.5223
164 173 44.7663 63.2047
164 180 24.8144 35.032
164 198 56.8807 76.2303
165 13 96.4406 136.35
165 21 96.9567 129.966
165 22 63.3047 77.8645
165 29 108.836 153.916
165 33 83.5421 116.552
165 35 45.9483 59.7174
165 51 78.4415 85.1364
165 62 7.95239 9.05236
165 70 17.2489 20.9424
165 78 63.6501 71.3905
165 81 94.9062 132.254
165 99 53.6139 75.3561
165 113 63.3691 85.2169
165 117 11.3453 15.8621
165 135 30.0048 31.8046
165 147 59.7006 83.4138
165 148 11.25 15.4417
165 164 55.5948 74.6636
165 177 46.96 54.2249
165 190 49.2803 67.5413
166 9 18.0854 22.6185
166 10 24.2308 33.5732
166 30 14.7968 19.9512
166 33 75.413 103.953
166 39 74.153 103.847
166 42 71.1678 100.233
166 47 15.6955 20.9054
166 48 64.6223 83.1522
166 56 79.9884 111.154
166 57 3.17844 4.46066
166 84 86.6046 113.316
166 88 106.092 150.036
166 91 64.1692 72.6383
166 108 35.3666 36.6137
166 109 46.5335 52.2768
166 111 18.8145 22.307
166 115 90.59 128.104
166 129 48.6303 53.8271
166 130 87.8726 122.353
166 131 43.7564 56.3415
166 137 29.4923 40.5379
166 150 17.4561 23.8378
166 151 53.7835 64.5944
166 155 75.486 77.2066
166 175 25.8889 35.5586
166 178 69.2012 86.1737
166 179 64.4903 73.694
166 193 47.556 51.043
167 7 21.2437 27.4269
167 19 61.7164 79.8891
167 33 16.6788 23.5717
167 44 47.9007 52.3143
167 56 34.3217 45.6945
167 80 106.928 141.362
167 84 51.3192 71.172
167 85 45.2423 63.9313
167 96 79.9645 98.4805
167 114 95.6916 120.495
167 145 80.465 102.28
167 159 63.8557 78.92
167 169 21.5504 28.8559
167 180 72.1056 79.8721
167 184 66.6721 75.693
167 187 38.5206 54.4744
167 192 23.6728 31.8359
167 198 15.5382 19.1541
168 1 46.7662 63.2688
168 18 76.6822 89.4911
168 19 9.98633 14.1144
168 33 56.2537 79.5143
168 36 25.8213 36.4745
168 99 57.5011 68.5586
168 137 65.722 65.9506
168 141 69.8572 89.909
168 143 36.9121 50.9442
168 145 25.6103 28.8434
168 180 29.9541 42.3585
168 196 39.6181 46.7343
169 3 65.924 91.6242
169 24 52.7236 72.4682
169 31 43.1166 60.9669
169 42 4.22877 5.77221
169 59 52.8813 71.1587
169 61 46.8912 61.119
169 63 65.1321 78.5995
169 75 33.5403 37.133
169 78 70.2665 81.7878
169 80 85.3946 112.506
169 105 26.8646 37.9668
169 123 52.6037 71.4061
169 158 33.5137 39.1384
169 185 83.4199 116.193
170 8 63.8004 73.8026
170 10 27.8839 37.5134
170 12 33.362 41.2682
170 21 77.8433 83.5891
170 22 61.0298 84.0691
170 37 76.3303 82.0652
170 45 68.192 94.9387
170 82 9.74774 10.9387
170 91 20.3042 26.9092
170 99 25.3192 31.4988
170 101 40.4417 57.1372
170 105 36.9403 51.549
170 107 6.33277 8.36406
170 141 15.7423 19.8153
170 149 10.1317 13.417
170 151 13.6688 18.8653
170 152 30.6148 42.5444
170 158 9.95196 13.8012
170 159 17.241 24.2124
170 173 54.3331 60.8885
170 188 31.8301 40.9359
170 189 51.7422 68.4924
170 198 70.9811 92.5655
171 0 88.763 117.34
171 10 49.1016 67.8336
171 18 40.6281 56.1691
171 29 30.918 39.9096
171 34 85.6869 115.676
171 49 35.8699 40.3059
171 63 69.3708 81.3376
171 67 11.467 15.8895
171 68 30.022 42.1033
171 72 45.597 45.6756
171 83 12.8915 17.4453
171 104 38.3767 52.85
171 113 21.672 28.7892
171 115 25.0363 26.6975
171 118 41.549 58.7417
171 139 77.4075 101.438
171 143 19.2277 26.4506
171 145 72.198 99.2999
171 146 90.1845 122.672
171 154 70.6707 78.9064
171 161 46.1859 47.5142
171 177 73.5863 75.6635
171 199 83.3749 107.759
172 19 46.2339 47.109
172 21 54.387 70.3349
172 60 45.2522 51.7217
172 80 45.5131 60.8696
172 82 30.1509 41.5236
172 106 50.3947 69.9965
172 108 22.1559 28.5281
172 111 49.2398 69.3391
172 117 40.5258 57.2179
172 120 14.1478 15.9753
172 141 32.6586 42.3139
172 142 43.2665 58.9426
172 149 27.9699 39.0453
172 151 36.3054 48.2465
172 154 28.2537 31.5394
172 181 39.8335 56.1289
173 1 51.8776 58.4359
173 2 41.2232 48.8215
173 11 70.1783 93.8064
173 13 89.9555 124.891
173 14 55.4997 67.5973
173 15 42.3034 44.1811
173 16 65.24 77.2486
173 21 85.3211 118.508
173 24 39.644 48.9466
173 35 29.1495 38.7154
173 45 32.0563 34.0501
173 59 43.4789 54.4057
173 67 87.3245 118.437
173 69 32.5161 45.0716
173 85 53.3134 64.7337
173 91 72.3582 73.7788
173 101 35.032 49.4006
173 105 85.1406 98.4185
173 110 93.5507 127.822
173 120 42.9144 60.2188
173 134 5.84649 6.78832
173 139 2.21827 2.93445
173 141 59.2513 66.6849
173 160 19.5449 19.8369
173 174 37.6576 41.9501
174 9 46.3514 52.7498
174 19 62.3291 71.4909
174 34 79.8648 110.258
174 56 56.3001 70.3448
174 59 17.9351 21.5975
174 78 58.8375 83.1967
174 80 50.1938 54.6471
174 82 12.3669 17.1417
174 97 49.1414 51.2449
174 101 21.2109 29.0568
174 119 51.9633 70.8058
174 125 47.9512 61.7877
174 129 49.6048 70.1233
174 134 38.4313 39.5965
174 187 69.7268 87.1817
174 193 47.6627 67.3392
174 196 70.5888 96.5834
175 5 56.3057 76.031
175 10 1.9227 1.98549
175 12 37.4795 51.4386
175 14 65.6796 92.8302
175 17 52.5557 74.2962
175 18 19.0152 25.0892
175 22 40.1643 48.4134
175 36 50.5538 62.6435
175 38 39.3725 42.6022
175 41 43.4032 56.8561
175 54 66.6624 93.6446
175 57 22.7352 31.098
175 70 20.1148 27.2156
175 89 33.9187 47.8839
175 110 64.7403 91.1233
175 117 35.329 45.7443
175 150 31.5481 41.9767
175 158 28.7823 32.8969
175 167 66.0033 91.9659
175 179 41.7154 45.0116
176 4 103.579 143.731
176 19 31.3171 39.691
176 20 9.44227 12.2029
176 25 56.5774 79.382
176 43 95.5637 135.073
176 51 15.1935 19.854
176 62 73.503 74.3347
176 64 84.1295 112.079
176 67 80.2589 93.3174
176 95 62.5229 73.1058
176 104 59.6191 84.2132
176 111 68.0609 74.9901
176 141 77.6609 109.073
176 169 71.2972 89.7325
176 195 71.2121 100.595
176 197 57.7608 81.6859
177 1 21.6924 25.213
177 4 92.5144 118.62
177 21 65.2137 91.6239
177 22 28.8343 39.5219
177 34 41.9581 44.2273
177 37 74.127 102.051
177 38 76.2947 94.3088
177 44 41.4275 49.467
177 49 76.5025 102.25
177 79 67.83 89.0321
177 86 54.6846 72.4587
177 90 37.6966 44.1115
177 94 56.5596 79.5819
177 95 72.8546 100.046
177 108 10.99 13.121
177 113 66.7646 81.9623
177 130 71.1216 96.6094
177 134 24.3926 26.4345
177 141 65.7035 83.963
177 148 44.1302 58.056
177 151 69.2482 89.8956
177 154 7.50744 10.1097
177 169 68.8989 72.9254
177 181 41.0528 46.4418
177 189 37.0709 45.7403
178 0 74.0881 102.107
178 12 48.0121 67.8943
178 13 46.5695 54.0872
178 23 66.3159 77.3576
178 27 72.4922 75.5149
178 34 36.7358 47.5755
178 57 66.6352 81.713
178 69 76.5883 78.1958
178 81 30.8643 33.4813
178 98 79.7973 107.541
178 101 35.834 37.9136
178 126 46.4576 65.5281
178 148 70.4877 83.3313
178 155 23.5036 30.82
178 157 26.5242 35.0493
178 165 78.5638 98.773
178 179 71.3428 100.119
178 182 54.9581 66.3723
178 183 61.3656 77.7433
178 196 44.8619 51.2193
178 197 44.4023 53.2273
179 5 86.1997 121.043
179 8 54.1019 61.2612
179 17 41.979 47.0836
179 27 49.603 63.0352
179 30 61.4089 80.0057
179 39 34.934 39.135
179 48 100.043 136.885
179 53 62.7698 88.3838
179 60 80.6626 113.54
179 65 20.3845 26.8937
179 77 58.4977 75.4132
179 81 60.4692 72.1154
179 98 81.7952 95.0612
179 103 84.19 118.456
179 104 36.0562 44.3646
179 105 16.688 23.5841
179 111 83.2839 96.001
179 121 57.9552 61.8141
179 129 79.1299 107.56
179 168 80.7675 109.413
179 190 26.2624 32.0591
180 1 20.3482 20.9103
180 10 48.9019 62.0409
180 16 63.5807 89.1152
180 22 10.9791 15.4852
180 23 58.6539 61.8137
180 40 64.2439 83.7456
180 42 52.1391 64.2928
180 47 74.6812 85.0354
180 48 27.1074 27.9745
180 49 76.1807 107.693
180 52 40.6374 56.3035
180 65 74.2866 98.5283
180 66 66.3367 93.8014
180 79 66.8307 94.475
180 97 21.9918 23.6235
180 99 48.1322 68.0554
180 101 32.0239 42.4171
180 117 60.999 74.3157
180 135 69.7124 87.7577
180 162 54.4106 74.817
180 165 68.73 76.7293
180 176 16.091 19.6675
181 7 87.9362 124.359
181 10 31.015 42.6698
181 21 92.9605 126.464
181 37 98.0906 136.891
181 38 70.3745 87.2576
181 43 60.4941 63.5212
181 59 38.964 41.1867
181 65 84.2802 109.684
181 68 75.2449 105.03
181 72 48.0799 64.8278
181 88 112.542 159.132
181 89 6.87443 9.17018
181 92 16.277 22.7663
181 126 65.9355 90.5078
181 128 87.9098 124.119
181 141 59.0725 74.6411
181 152 33.2862 46.794
181 165 6.03506 7.78303
181 185 6.16609 8.4272
181 187 98.7286 137.088
181 197 44.3902 61.954
182 10 13.2988 13.7717
182 18 33.3728 39.7553
182 20 47.2072 63.4777
182 38 54.5803 58.3595
182 74 30.698 39.0356
182 81 71.1528 99.8536
182 93 44.2014 60.2502
182 132 20.9877 29.5737
182 137 18.4157 20.7365
182 138 44.456 59.5875
182 152 13.7977 17.8959
182 167 79.193 107.723
182 176 53.9835 68.9001
182 185 26.3946 37.3253
182 186 65.5288 89.1522
182 189 38.7377 51.6822
182 190 31.6042 35.1405
182 191 68.8909 92.2326
182 192 83.4998 118.08
182 194 21.0979 26.7718
183 8 78.5607 111.101
183 17 72.4439 101.424
183 20 49.103 61.6038
183 53 55.3495 73.5335
183 59 35.0263 45.7128
183 73 25.9704 26.6063
183 78 48.1295 59.0814
183 79 50.1558 53.0213
183 82 35.6222 41.257
183 91 63.2199 64.2079
183 96 64.7473 65.967
183 98 21.2944 29.7976
183 100 68.8191 82.8537
183 102 28.3076 39.3912
183 107 42.1988 43.8316
183 109 38.4474 43.8464
183 114 20.5927 29.0888
183 119 73.0305 103.185
183 120 37.6099 50.6479
183 123 33.5659 43.574
183 134 11.4716 15.4812
183 147 47.6191 62.3841
183 148 12.0775 16.1403
183 152 21.7911 29.2669
183 157 47.538 51.9321
183 166 8.13047 8.43041
183 178 61.3656 77.7433
183 182 8.14897 11.371
184 7 49.2578 63.4311
184 15 42.8011 59.1968
184 16 49.3713 65.4651
184 29 68.0412 89.4848
184 35 32.1564 38.8122
184 65 63.1819 74.8782
184 91 62.514 85.9248
184 93 26.816 34.6678
184 99 32.3357 44.4053
184 101 13.5084 18.767
184 104 29.0101 40.8955
184 117 46.1106 62.0172
184 122 64.3886 86.5929
184 126 41.4868 50.6691
184 128 47.1093 63.1906
184 167 66.6721 75.693
184 177 22.4956 26.0882
184 196 62.5727 85.5615
185 18 52.3784 62.7615
185 21 98.3102 134.891
185 44 66.1954 92.7341
185 49 69.1072 78.6247
185 55 80.1951 108.288
185 57 16.1306 21.9845
185 60 81.8517 102.244
185 88 118.538 167.56
185 96 79.5648 89.4584
185 100 85.6887 108.808
185 118 46.3096 60.1889
185 146 6.02264 7.65135
185 165 7.89744 10.0244
185 175 38.8649 53.0825
185 181 6.16609 8.4272
186 1 55.8173 65.7339
186 2 54.4294 61.2725
186 12 40.4018 52.7496
186 33 39.1044 55.0753
186 46 53.5204 74.4666
186 47 95.8156 129.859
186 51 35.9055 36.4165
186 70 78.8975 100.611
186 87 37.9135 45.3431
186 88 36.3264 41.0821
186 92 102.01 140.817
186 96 39.8774 42.5441
186 110 36.7536 48.8605
186 118 59.3669 66.2886
186 135 77.8716 89.7482
186 143 21.1477 26.5053
186 153 81.2754 110.304
186 155 40.9499 45.9647
186 156 95.4772 131.421
186 159 82.487 99.8309
186 165 89.5876 121.553
186 167 41.6759 55.9364
186 168 17.3686 24.4389
186 173 78.5419 110.094
186 198 33.2704 36.7823
187 4 77.2928 98.6654
187 26 104.175 138.573
187 76 96.7945 136.716
187 78 66.0804 85.7631
187 117 98.5691 138.177
187 132 86.9192 110.713
187 134 88.0914 124.411
187 135 88.6655 108.786
187 141 63.2323 64.0081
187 148 92.5039 125.149
187 150 102.325 134.409
187 164 47.1126 65.927
187 166 92.921 127.991
187 169 37.7821 44.6672
188 3 115.214 162.049
188 12 47.8504 63.8048
188 24 46.148 52.8778
188 31 96.1987 131.392
188 41 101.279 133.448
188 44 73.6887 103.655
188 56 82.1079 106.312
188 58 112.891 154.281
188 63 89.4443 118.451
188 70 62.5102 68.3139
188 76 92.3818 108.231
188 104 54.8646 75.9445
188 108 88.8506 121.926
188 127 73.1817 103.459
188 132 54.9105 61.6839
188 133 74.1872 103.768
188 136 96.6295 114.463
188 140 19.434 20.7857
188 147 48.129 67.7667
188 150 66.3391 70.8704
188 154 93.1916 124.938
188 159 16.2916 16.7235
188 162 48.0881 65.6732
188 171 52.0115 63.5985
188 173 85.6465 101.824
188 177 99.3382 135.047
188 186 88.2193 116.554
188 187 92.9609 115.092
188 189 77.5371 109.428
188 193 97.5183 136.355
188 195 43.7133 59.5623
189 0 61.819 87.4166
189 5 31.7497 43.1942
189 16 41.18 58.0534
189 26 65.9637 82.0652
189 27 54.3828 60.8248
189 40 64.4843 91.0992
189 51 30.0706 42.5132
189 53 10.5079 10.5354
189 67 44.2297 45.8127
189 72 11.1408 15.7524
189 82 47.3194 57.5538
189 93 38.7135 42.0795
189 104 28.695 33.4838
189 112 46.5654 64.6877
189 116 31.7092 44.6492
189 119 31.9438 40.1319
189 123 52.6308 59.8708
189 134 48.0186 67.9037
189 139 50.6763 71.5148
189 182 38.7377 51.6822
189 193 27.3119 27.6912
190 7 46.0121 60.3207
190 12 22.6668 32.0553
190 16 17.2976 21.1662
190 23 34.3054 46.1258
190 44 31.7181 40.0158
190 53 44.1738 56.3247
190 55 25.7437 35.8222
190 56 49.9042 56.2124
190 58 67.8657 90.6424
190 91 26.3059 32.7237
190 127 29.4548 39.8199
190 132 26.6682 37.6639
190 140 38.746 45.6579
190 152 18.5883 19.8412
190 158 14.4712 19.9444
190 162 19.2679 27.1729
190 182 31.6042 35.1405
190 185 54.7337 72.4658
191 11 57.7725 70.3906
191 19 104.196 141.482
191 20 110.364 155.71
191 30 62.0751 66.3363
191 32 61.439 66.2765
191 52 96.8653 129.945
191 57 69.0417 85.733
191 61 69.3553 97.1304
191 66 35.2289 47.6638
191 81 88.4413 104.67
191 87 63.4821 88.9135
191 89 72.4556 80.4103
191 104 54.4221 76.9196
191 108 87.7428 122.901
191 119 76.4548 89.661
191 121 70.3067 94.3691
191 123 39.5344 50.5326
191 129 99.253 140.115
191 134 84.4865 109.588
191 137 54.5983 76.4758
191 149 39.8193 55.3279
191 156 80.3559 86.54
191 163 49.7669 70.2458
191 179 27.9856 32.5549
191 185 81.0939 91.8218
191 198 83.9875 87.1074
192 12 41.2918 50.8846
192 19 46.7978 48.0532
192 29 8.14361 10.9928
192 47 112.753 158.787
192 65 44.3864 50.492
192 97 40.5345 50.1284
192 98 112.662 159.249
192 100 49.2362 51.7403
192 118 70.0652 95.2169
192 134 95.6507 134.302
192 137 69.8686 97.3439
192 158 65.2551 78.3516
192 159 82.7814 89.2773
192 168 40.8755 48.5394
192 182 83.4998 118.08
192 194 102.929 144.852
193 0 46.6903 59.7254
193 3 32.2276 37.6438
193 8 61.7655 75.7393
193 23 47.698 57.679
193 26 63.3966 71.2862
193 37 62.0322 84.0019
193 42 58.3289 60.1581
193 44 32.0657 32.7006
193 80 43.6274 57.6298
193 101 27.2535 38.2824
193 110 76.1088 82.8896
193 115 69.1331 84.3119
193 125 79.1742 95.2842
193 140 88.6855 118.374
193 142 43.6279 55.7027
193 149 58.0258 82.0026
193 165 55.964 56.3916
193 170 67.4857 95.4196
193 172 30.4617 42.9573
193 176 17.9665 23.8022
193 179 77.0455 104.776
193 181 50.3851 52.889
193 185 53.9941 61.3162
193 188 97.5183 136.355
193 195 54.3785 76.7932
194 11 70.7197 99.6363
194 17 82.6089 116.825
194 26 9.55134 13.016
194 29 104.882 148.287
194 34 87.9278 101.189
194 47 9.85498 13.9351
194 65 80.2298 107.558
194 74 49.095 52.208
194 87 50.3921 70.5808
194 88 111.151 157.006
194 118 36.2911 49.6353
194 146 17.6217 20.413
194 158 52.9388 66.5006
194 159 58.5398 61.3617
194 169 74.8942 105.639
194 181 7.58937 10.5203
194 188 74.8281 78.0852
194 193 54.6456 58.2703
194 194 0 0
195 41 57.9537 73.8854
195 45 55.627 76.3123
195 50 80.8724 114.354
195 71 10.9841 15.464
195 86 34.8442 49.1841
195 97 51.3457 60.6988
195 98 55.8406 69.2657
195 110 56.0042 78.7834
195 114 52.8974 62.658
195 118 5.35233 5.46855
195 119 49.538 63.7169
195 139 46.5832 47.9298
195 143 39.7331 47.2016
195 152 18.3866 23.9179
195 173 45.7761 49.039
195 174 8.35554 9.45396
195 176 71.2121 100.595
195 189 39.0056 49.866
195 190 5.75454 7.04343
195 193 54.3785 76.7932
195 197 13.8232 18.9095
196 3 62.1558 67.7903
196 17 22.3783 27.5382
196 27 92.4095 126.734
196 44 44.469 62.1828
196 65 45.2196 52.2972
196 90 100.145 141.587
196 91 64.0532 64.7547
196 104 64.1378 88.8363
196 112 92.3678 130.597
196 120 56.3988 78.3147
196 126 44.2883 55.9819
196 136 105.336 147.591
196 142 106.145 149.303
196 155 66.0038 68.26
196 165 106.485 149.992
196 170 74.9855 91.664
196 178 44.8619 51.2193
196 181 103.661 146.49
196 184 62.5727 85.5615
196 186 25.5527 28.4395
196 187 16.162 20.8333
196 189 47.8234 65.9095
196 191 90.8322 95.2341
197 5 52.6253 74.1507
197 6 53.6457 69.006
197 22 34.0535 46.5331
197 51 53.7824 73.4697
197 75 27.2588 37.5602
197 110 52.7553 73.8246
197 169 32.8894 45.8114
197 180 44.5721 62.0183
197 185 50.5304 70.3812
197 189 25.5465 30.9565
197 192 60.9289 85.0246
197 196 60.8092 84.5357
198 3 70.7193 82.2773
198 29 2.44783 3.02174
198 34 87.26 99.5024
198 42 27.0322 38.0618
198 46 81.576 103.808
198 53 48.9311 56.3307
198 54 8.42533 9.0913
198 62 113.231 159.946
198 74 78.9033 99.4941
198 79 59.348 76.8429
198 82 74.0614 100.955
198 95 23.4065 30.6486
198 96 73.1312 79.3264
198 122 88.2982 114.632
198 130 22.348 27.2896
198 143 31.3957 43.1944
198 144 95.5327 135.007
198 147 48.4649 67.4801
198 158 61.2593 78.7643
198 161 61.8794 81.7061
198 162 40.957 56.1798
198 163 65.1021 91.4674
198 173 99.8209 139.435
198 179 56.99 64.6006
199 12 74.112 93.3497
199 19 72.7691 98.7266
199 24 47.3896 58.5821
199 32 32.653 46.1585
199 64 83.0964 98.959
199 67 92.9513 123.649
199 74 34.5939 45.153
199 85 60.1013 69.9457
199 89 23.0353 32.0246
199 96 64.8008 78.287
199 105 92.1426 103.631
199 115 96.654 134.457
199 117 10.7937 14.7754
199 118 47.7408 49.0175
199 119 84.9561 117.968
199 141 66.3866 71.8969
199 144 26.8921 36.7893
199 176 54.1141 59.0355
199 179 79.9633 80.0464
