20
2
0 6 97.1334 55.3282
0 19 141.421 72.6814
1 11 37.2578 40.3279
1 17 38.5399 36.2988
2 1 86.392 52.3766
2 5 69.4892 80.0785
2 8 98.4957 52.4169
3 7 33.1429 85.6823
3 19 138.296 71.1453
4 3 90.9412 61.5611
4 5 85.1473 50.1121
4 8 44.8986 22.4505
4 9 38.5164 41.0405
4 17 58.3577 36.8188
5 12 87.819 70.3653
5 18 70.2675 48.3559
6 3 94.0885 53.792
6 10 10.5043 6.94933
6 16 19.1715 9.59437
6 18 12.3462 13.4049
7 10 74.661 38.8396
7 19 111.822 56.6356
8 6 28.8085 14.6814
9 4 38.5164 41.0405
9 10 59.6826 32.8287
9 14 80.005 56.6008
10 8 24.7439 14.2387
11 6 61.3785 33.0788
11 13 51.9434 51.0293
11 16 57.4072 35.2812
12 0 61.8795 83.3505
12 14 79.3875 58.7438
13 3 59.5564 71.7425
13 17 19.5234 47.0002
14 8 51.2401 38.0108
14 9 80.005 56.6008
16 2 94.0946 47.3299
17 9 68.8086 54.9291
17 10 57.102 28.6071
17 12 67.8221 57.0721
17 19 77.3366 46.403
18 0 85.1943 61.341
18 2 63.8778 51.1404
18 9 41.411 39.2843
18 11 63.154 39.0917
18 15 67.913 50.5013
18 19 61.3085 30.7582
19 17 77.3366 46.403
