50
2
0 14 56.1135 32.857
0 19 95.3294 54.0239
0 21 126.755 64.0404
0 26 82.5069 41.6097
0 28 116.262 59.4652
0 42 99.5606 50.0303
0 43 46.2652 23.9317
1 0 48.54 27.6079
1 5 25.0378 22.3711
1 8 74.6627 67.5046
2 10 117.83 60.1376
3 6 101.014 50.5695
3 19 89.0771 46.481
3 24 90.2309 45.1158
3 26 68.0181 34.0668
3 38 47.6496 24.479
3 40 112.258 56.2812
3 42 84.5878 42.4874
3 49 127.912 64.1704
4 15 67.5126 34.4124
4 24 33.3479 69.8737
4 29 66.1326 64.7663
4 30 80.4651 60.3551
5 10 94.9013 59.1099
5 28 85.3584 54.2284
5 29 63.1387 42.3145
5 30 58.0237 37.9034
5 42 68.3968 44.7935
5 46 64.3386 41.7538
5 47 58.6412 41.0161
6 2 106.332 53.9033
6 14 73.6896 68.8002
6 18 101.68 55.9254
6 32 87.1833 70.0163
6 33 52.8664 68.0555
6 34 43.5372 89.1689
6 47 23.8419 82.1961
6 49 32.3821 107.657
7 34 87.366 76.6734
7 39 70.7923 84.6053
8 7 82.2555 85.5137
8 20 17.5087 93.3922
8 24 40.6856 92.5555
8 43 91.5535 63.8284
9 0 90.8122 46.6912
9 14 43.4426 57.3789
9 25 47.3618 68.817
9 26 19.788 66.1317
9 45 40.1514 91.2881
10 15 112.277 59.3749
10 28 14.458 101.643
10 29 50.2619 89.7287
10 33 64.4718 74.2898
10 35 76.6338 93.5533
10 36 59.1119 79.6306
11 9 57.4233 81.4295
11 12 21.9419 91.0277
11 22 77.8078 101.675
11 28 63.3836 94.2035
11 43 99.5282 58.67
11 46 20.9027 81.7289
12 14 48.1309 66.9771
12 17 53.2886 68.4596
12 28 41.5754 93.5853
12 38 50.3803 66.1421
12 45 47.8554 100.886
12 46 22.6165 81.1108
13 8 75.5392 89.416
13 18 92.1178 47.3322
13 25 101.392 71.6451
13 33 54.8968 59.4624
14 4 63.0157 50.0719
14 6 73.6896 68.8002
14 11 48.2828 67.5953
14 24 71.9202 63.3465
14 28 66.2582 70.1529
14 31 65.3074 48.2205
14 45 79.5778 77.4539
15 0 14.9094 17.1974
15 2 6.46626 12.9883
15 13 88.3572 44.5474
15 17 41.1226 29.3676
15 26 68.5723 36.6379
15 45 115.837 61.7944
15 48 102.333 54.7853
16 38 15.6092 42.5411
16 39 75.3809 71.6767
17 18 35.927 32.1523
17 39 88.9002 73.3278
17 40 91.7622 75.9943
18 4 70.791 37.1971
18 5 24.191 14.7454
18 9 75.1843 44.5041
18 16 38.4044 30.5013
18 20 88.4843 51.3084
18 23 47.3849 33.2243
19 6 82.1239 89.9671
19 29 32.1706 79.406
19 38 52.2357 63.8766
20 9 13.6088 78.0174
20 30 56.3778 74.4664
20 33 43.1943 63.4386
21 3 112.743 56.4974
21 7 75.9816 87.4881
21 10 6.50822 106.218
21 16 80.1824 74.5595
21 23 68.6442 77.2826
21 24 33.356 94.5299
21 41 51.6232 80.2188
21 43 92.1948 65.8028
21 48 16.353 101.628
22 2 122.784 62.7273
22 25 79.8481 89.0622
22 27 80.0662 91.7647
22 38 72.7592 76.789
23 3 53.7839 27.8685
23 8 60.2078 75.3082
23 14 12.5728 46.0992
23 19 42.8238 67.2661
23 30 25.5096 56.3824
23 35 37.8698 64.618
24 1 67.5681 58.0974
24 8 40.6856 92.5555
24 10 38.1369 94.8362
24 26 25.3801 72.0992
25 10 77.5635 86.4725
25 16 24.0258 54.8142
25 38 35.212 54.1477
26 12 58.4482 75.7299
26 15 68.5723 36.6379
26 28 40.5724 78.9056
26 29 39.5762 66.9917
26 47 9.54545 65.6933
26 48 40.1261 79.1976
27 2 74.5388 42.7885
27 15 68.1942 42.0258
27 25 5.47432 69.1234
27 40 79.8032 88.6525
27 48 66.1876 84.5855
28 1 68.8942 64.9038
28 5 85.3584 54.2284
28 18 100.315 57.2781
28 23 54.2548 72.7074
28 35 62.2269 88.6718
29 8 42.0512 87.448
29 15 74.1011 42.5795
29 17 42.9861 59.7215
29 22 52.782 92.3184
29 38 31.541 57.404
29 48 38.2412 85.1392
30 0 73.585 43.1402
30 3 67.1599 35.5972
30 22 81.9388 87.9073
30 40 80.8146 84.795
31 1 55.2024 42.9714
31 10 77.0358 79.7102
31 13 23.973 64.8828
31 17 77.1212 49.703
31 19 100.206 69.3874
31 46 84.4578 62.3541
32 8 84.3194 73.9698
32 25 23.7279 56.1989
32 28 78.226 71.369
32 29 43.667 59.4552
32 45 90.8968 78.6701
33 0 62.7489 32.1124
33 12 58.4296 66.2325
33 20 43.1943 63.4386
33 27 52.7378 56.9407
33 36 19.1132 47.3963
33 41 12.4733 48.2908
33 47 29.0478 56.196
33 48 55.4541 69.7003
34 39 40.8938 92.214
35 12 23.5527 85.496
35 31 95.6446 66.7394
35 34 37.7905 82.4322
35 37 28.6537 72.6281
36 3 59.8202 29.9102
36 7 35.5989 60.9008
36 26 13.2669 56.8936
36 34 53.8855 68.5096
36 35 75.0545 66.6597
37 5 55.2123 38.1847
37 14 25.0772 54.1092
37 18 62.67 41.2344
38 3 47.6496 24.479
38 15 44.9145 27.0501
38 24 55.8705 62.5115
38 41 19.9358 48.2003
39 2 111.988 56.9485
39 14 76.3627 71.8453
39 37 55.8084 82.4099
39 48 15.1047 98.7455
40 11 79.8301 98.5624
40 15 111.584 58.8523
40 23 67.2024 77.0663
40 28 16.4773 101.12
41 3 61.2471 30.8047
41 24 35.9982 68.8372
41 25 48.7455 60.4735
41 34 37.3634 69.4041
41 47 17.378 62.4313
42 2 91.6321 45.8212
42 11 114.324 84.7686
42 36 33.8383 65.3142
42 40 64.1373 91.6852
42 44 75.1901 76.8199
43 9 63.1559 48.4536
43 13 51.9913 51.2817
43 16 52.1577 34.4508
43 19 94.2495 55.7863
43 20 75.9966 55.2579
43 24 64.4093 54.4212
43 41 45.1785 40.1101
43 47 56.7598 48.0153
44 8 35.0811 88.8555
44 17 49.184 61.129
44 25 34.4916 71.0846
44 35 35.9938 78.1654
44 47 33.1044 73.0424
45 17 90.2456 78.9364
45 33 69.688 76.7093
45 47 45.7118 90.8498
46 0 83.3528 46.9906
46 1 39.3191 52.4292
46 13 99.4089 74.3406
46 17 30.9699 59.1608
46 19 15.8797 78.8453
46 25 8.94965 69.1164
47 2 82.5006 42.0438
47 13 46.9317 73.6029
47 31 42.2629 61.6164
47 36 21.9641 61.5368
48 11 66.169 94.4955
48 22 15.2166 104.524
48 31 73.0076 75.1207
48 34 27.0866 90.8136
48 44 31.1733 86.5467
49 3 127.912 64.1704
49 17 103.587 83.8836
49 22 9.57472 116.481
49 30 90.3115 92.6843
49 33 79.2075 81.6565
49 38 82.2895 81.5661
49 42 79.9883 99.5745
49 46 79.8557 96.5348
