20
2
0 0 0 0
0 1 104.239 3131.86
0 2 53.6881 1323.98
0 5 82.186 3144.81
0 7 75.6937 2789.49
0 11 86.3398 131.215
0 12 26.2677 305.339
0 17 42.4858 874.779
0 18 112.189 6260.89
0 19 141.421 10000
1 4 42.5167 603.72
1 9 48.8779 1148.81
1 10 55.399 1454.94
1 12 86.2537 775.056
1 14 51.4612 1296.46
1 15 58.9164 1238.61
1 16 66.8821 356.458
1 17 73.3004 147.552
1 18 46.562 703.787
2 0 53.6881 1323.98
2 1 54.556 108.675
2 3 57.8102 384.45
2 7 22.7118 253.288
2 10 51.9316 1040.99
2 11 71.4329 2460.48
2 12 32.043 220.135
2 18 59.6818 1754.53
2 19 89.4936 3887.33
3 1 73.2081 2650.8
3 2 57.8102 384.45
3 4 41.034 326.591
3 6 42.084 675.979
3 7 40.6626 310.186
3 8 34.4123 298.554
3 10 18.6739 161.792
3 12 74.807 2446.69
3 13 13.6661 61.0378
3 14 21.819 238.021
3 15 25.0491 27.5714
3 16 63.6289 1145.22
3 17 59.1666 1359.3
3 18 33.8181 372.377
3 19 50.1922 632.541
4 0 75.7754 2787.39
4 2 22.6996 254.794
4 3 41.034 326.591
4 5 8.2424 3.3054
4 7 0.46585 0.107771
4 8 51.8112 1291.17
4 11 70.3402 2302.13
4 13 49.6176 941.506
4 14 25.7472 178.579
4 16 33.9029 554.149
4 18 36.9849 672.003
5 1 34.78 465.905
5 2 28.5189 387.129
5 3 43.7917 664.294
5 5 0 0
5 6 2.79572 3.31143
5 7 8.61007 6.10217
5 9 16.4714 110.399
5 10 30.1791 26.5867
5 11 77.4898 2654.79
5 12 59.309 1294.64
5 13 53.9495 1323.58
5 14 25.134 25.2715
5 15 40.4628 342.765
5 16 40.5561 709.215
5 17 43.7135 534.629
5 18 32.7139 443.698
5 19 62.5486 1723.71
6 0 84.6923 3376.89
6 1 34.7084 519.537
6 6 0 0
6 10 27.8101 61.9573
6 12 61.5552 1463.06
6 13 52.6808 1310.39
6 14 22.7902 53.4967
6 17 45.765 657.504
6 19 59.7546 1575.8
7 0 75.6937 2789.49
7 1 42.9528 621.415
7 2 22.7118 253.288
7 3 40.6626 310.186
7 4 0.46585 0.107771
7 5 8.61007 6.10217
7 13 49.1904 919.476
7 14 25.5511 184.835
7 15 42.4734 669.624
7 16 33.8169 555.238
7 17 35.8587 448.507
7 19 66.7925 2155.34
8 0 80.0837 1427.97
8 2 55.2199 1284.58
8 3 34.4123 298.554
8 5 58.8052 1568.22
8 7 51.3468 1267.6
8 8 0 0
8 13 24.611 280.697
8 14 48.9998 316.761
8 16 53.7447 744.39
8 18 64.9905 178.813
8 19 84.6045 1800.23
9 5 16.4714 110.399
9 7 13.9729 14.5243
9 8 45.3362 714.17
9 10 16.8884 103.323
9 11 64.0603 1491.69
9 12 60.567 1799.86
9 13 37.5865 664.763
9 14 12.3393 68.3812
9 16 44.4486 962.365
9 17 43.893 939.992
9 18 26.9654 326.042
10 5 30.1791 26.5867
10 7 30.4448 226.784
10 9 16.8884 103.323
10 11 66.2197 644.09
10 12 75.9664 2885.28
11 0 86.3398 131.215
11 2 71.4329 2460.48
11 6 77.4369 2543.29
11 8 18.7645 140.512
11 9 64.0603 1491.69
11 12 64.9702 769.893
11 13 37.5941 200.455
11 14 67.0344 973.091
11 15 75.0407 35.9841
11 16 67.7489 1874.99
11 17 58.2277 1296.88
11 18 82.4816 908.772
11 19 99.4247 1346.57
12 0 26.2677 305.339
12 3 74.807 2446.69
12 5 59.309 1294.64
12 6 61.5552 1463.06
12 8 55.6775 262.787
12 9 60.567 1799.86
12 10 75.9664 2885.28
12 12 0 0
12 13 73.6545 1740.86
12 16 19.4638 70.4956
12 17 16.6882 138.186
12 18 87.3692 3673.08
12 19 116.091 6698.86
13 0 99.555 3551.72
13 1 85.4375 3649.68
13 6 52.6808 1310.39
13 8 24.611 280.697
13 9 37.5865 664.763
13 10 32.1164 430.504
13 11 37.5941 200.455
13 12 73.6545 1740.86
13 15 38.2854 221.977
13 16 65.8174 395.561
13 17 59.5369 735.396
14 0 97.8591 4777.81
14 2 47.3533 923.765
14 3 21.819 238.021
14 4 25.7472 178.579
14 5 25.134 25.2715
14 8 48.9998 316.761
14 9 12.3393 68.3812
14 11 67.0344 973.091
14 12 72.3696 2609.23
14 14 0 0
14 15 17.3577 139.46
14 19 43.7343 945.956
15 1 58.9164 1238.61
15 2 64.6378 1786.46
15 3 25.0491 27.5714
15 4 42.6173 661.351
15 5 40.4628 342.765
15 10 13.3722 89.3886
15 12 89.3372 3990.49
15 13 38.2854 221.977
15 14 17.3577 139.46
15 16 74.0629 2617.77
15 17 72.6921 2640.38
15 18 12.568 71.1747
15 19 27.3821 331.76
16 1 66.8821 356.458
16 2 12.6028 40.739
16 4 33.9029 554.149
16 6 42.9707 825.898
16 10 60.9037 1726.6
16 12 19.4638 70.4956
16 14 56.7255 1547.57
16 15 74.0629 2617.77
16 17 9.88932 48.6138
16 19 99.9041 4969.18
17 0 42.4858 874.779
17 1 73.3004 147.552
17 3 59.1666 1359.3
17 4 36.0669 442.812
17 5 43.7135 534.629
17 11 58.2277 1296.88
17 12 16.6882 138.186
17 13 59.5369 735.396
17 15 72.6921 2640.38
17 16 9.88932 48.6138
17 18 70.7402 2382.12
17 19 99.403 4912.73
18 2 59.6818 1754.53
18 3 33.8181 372.377
18 5 32.7139 443.698
18 8 64.9905 178.813
18 9 26.9654 326.042
18 10 16.2941 20.8522
18 11 82.4816 908.772
18 16 70.4298 2479.01
19 1 68.4822 43.9191
19 2 89.4936 3887.33
19 3 50.1922 632.541
19 4 66.8276 2149.4
19 5 62.5486 1723.71
19 6 59.7546 1575.8
19 8 84.6045 1800.23
19 9 55.6384 1547.62
19 11 99.4247 1346.57
19 16 99.9041 4969.18
19 17 99.403 4912.73
19 19 0 0
