20
0 0 0
*
104.239 3131.86 0
108.244 1432.66 2
112.614 732.293 16
112.89 525.249 2
*
53.6881 1323.98 0
58.3343 416.574 16
*
101.075 2752.03 12
101.652 2234.08 17
102.122 1802.83 17
111.498 1708.43 2
116.145 801.024 2
139.517 570.281 8
186.43 194.77 15
*
76.1596 2789.6 7
76.8658 1577.38 7
78.5527 1317.59 17
79.0228 886.337 17
81.5119 669.969 7
188.314 619.969 7
204.485 485.238 14
205.516 389.672 7
206.08 374.543 7
212.948 338.141 7
214.008 289.384 7
*
82.186 3144.81 0
84.3038 2795.59 7
84.402 2792.9 4
85.01 1583.37 7
85.1082 1580.68 4
86.1993 1409.41 17
86.6694 978.154 17
87.2652 889.642 4
89.6562 675.964 7
89.7543 673.275 4
179.238 613.759 14
201.843 509.964 15
203.872 331.931 14
204.932 283.174 10
*
84.9817 3148.12 5
87.0995 2798.9 5
87.1977 2796.21 5
87.8057 1586.68 5
87.9039 1583.99 5
88.7022 1201.73 16
89.4651 981.465 5
90.0609 892.954 5
92.4519 679.275 5
92.5501 676.586 5
182.034 617.071 5
204.639 513.276 5
206.668 335.242 5
207.728 286.486 5
*
75.6937 2789.49 0
76.3999 1577.27 2
79.0186 1317.7 4
79.4886 886.445 4
81.0461 669.862 2
187.848 619.862 5
204.951 485.346 4
205.05 389.565 9
205.614 374.435 9
212.482 338.033 5
213.542 289.277 5
*
81.9452 568.126 12
105.104 271.727 11
*
86.8347 2105.2 12
101.481 1693.77 5
101.58 1691.08 5
102.671 1519.81 5
103.141 1088.55 5
103.737 1000.04 5
106.128 786.363 5
106.226 783.674 5
127.129 769.616 14
127.228 766.927 14
166.443 656.869 14
191.077 375.04 14
191.641 359.911 10
*
102.234 3190.62 12
103.723 2208.52 9
106.635 2102.43 16
110.266 1457.56 2
116.378 1435.99 5
116.512 1263.69 6
116.849 1004.74 5
117.444 916.229 5
119.835 702.55 5
119.933 699.861 5
174.753 256.588 15
*
86.3398 131.215 0
*
26.2677 305.339 0
*
99.9222 2046.2 12
102.023 1610.18 17
102.493 1178.92 17
106.556 848.823 8
123.934 331.67 11
200.096 255.808 3
*
99.174 2173.58 9
101.951 1762.1 7
102.613 1755.95 4
104.3 1496.17 4
104.77 1064.92 4
106.597 854.697 7
107.259 848.548 4
114.79 701.235 5
114.888 698.546 5
154.104 588.488 8
178.738 306.659 15
*
115.178 3515.16 17
115.648 3083.9 17
116.532 2313.04 14
118.873 2246.89 7
119.309 1901.56 14
119.971 1895.41 14
121.658 1635.63 14
121.962 1556.07 7
122.128 1204.38 14
123.955 994.157 14
124.617 988.008 14
132.148 840.695 14
132.246 838.006 14
141.194 828.595 3
161.38 167.199 11
*
45.7315 375.835 12
*
42.4858 874.779 0
42.9559 443.525 12
55.6208 424.448 16
*
112.189 6260.89 0
113.144 3461.6 4
113.226 3256.9 17
113.37 3078.51 2
113.696 2825.65 17
113.8 2431.24 9
113.851 2249.38 4
115.538 1989.59 4
116.008 1558.34 4
118.497 1341.97 4
119.979 1333.34 5
122.37 1119.66 5
122.468 1116.97 5
133.093 1112.4 9
133.191 1109.72 9
136.523 1065.33 15
137.185 1059.18 15
144.716 911.87 15
144.814 909.181 15
146.936 746.939 8
170.095 450.54 8
173.948 238.374 15
*
141.421 10000 0
141.889 5787.51 17
142.359 5356.25 17
142.486 4944.83 7
142.56 3846.92 15
142.908 3119.54 14
143.914 2644.8 15
146.255 2578.65 15
146.691 2233.32 15
147.353 2227.17 15
148.504 2010.87 14
149.04 1967.39 15
149.344 1887.83 15
149.51 1536.14 15
151.337 1325.92 15
151.999 1319.77 15
159.53 1172.46 15
159.628 1169.77 15
168.576 1160.35 15
188.763 498.959 15
*
